2012;01.04.2012;00:00:41;1024.7;6.087;90.2;7.7
2012;01.04.2012;00:20:39;1024.7;6.148;91.1;7.7
2012;01.04.2012;00:40:39;1024.8;5.806;89.7;7.1
2012;01.04.2012;01:00:39;1024.8;5.949;89.4;7.5
2012;01.04.2012;01:20:39;1024.9;5.881;88.4;7.5
2012;01.04.2012;01:40:41;1024.9;5.482;87.1;6.7
2012;01.04.2012;02:00:40;1024.9;5.648;89.1;6.8
2012;01.04.2012;02:20:39;1025;5.542;89.9;6.4
2012;01.04.2012;02:40:39;1025;5.536;89.8;6.4
2012;01.04.2012;03:00:39;1025.1;5.545;88.1;6.7
2012;01.04.2012;03:20:39;1025;5.437;87;6.6
2012;01.04.2012;03:40:39;1025;5.362;86.4;6.5
2012;01.04.2012;04:00:38;1025;5.35;86.8;6.4
2012;01.04.2012;04:20:39;1025;5.437;87.6;6.5
2012;01.04.2012;04:40:39;1025;5.168;83.3;6.5
2012;01.04.2012;05:00:41;1025;5.01;81.9;6.3
2012;01.04.2012;05:20:39;1025.1;4.959;82.2;6.1
2012;01.04.2012;05:40:41;1025.1;4.926;82.8;5.9
2012;01.04.2012;06:00:39;1025.2;4.869;83;5.7
2012;01.04.2012;06:20:39;1025.2;4.951;83.8;5.8
2012;01.04.2012;06:40:39;1025.2;5.069;85.2;5.9
2012;01.04.2012;07:00:39;1025.3;5.099;86.9;5.7
2012;01.04.2012;07:20:39;1025.4;4.987;86.2;5.5
2012;01.04.2012;07:40:39;1025.6;4.723;83.4;5.2
2012;01.04.2012;08:00:39;1025.7;4.628;82.9;5
2012;01.04.2012;08:20:39;1025.9;4.557;82.8;4.8
2012;01.04.2012;08:40:40;1026;4.496;81.7;4.8
2012;01.04.2012;09:00:39;1026.1;4.453;81.5;4.7
2012;01.04.2012;09:20:39;1026.1;4.465;80.6;4.9
2012;01.04.2012;09:40:45;1026.2;4.506;80.2;5.1
2012;01.04.2012;10:00:39;1026.3;4.563;80.1;5.3
2012;01.04.2012;10:20:40;1026.3;4.595;79;5.6
2012;01.04.2012;10:40:39;1026.4;4.749;79.4;6
2012;01.04.2012;11:00:40;1026.4;4.776;80.4;5.9
2012;01.04.2012;11:20:39;1026.4;4.828;79.6;6.2
2012;01.04.2012;11:40:39;1026.4;4.976;80.9;6.4
2012;01.04.2012;12:00:39;1026.4;5.263;79.3;7.5
2012;01.04.2012;12:20:39;1026.4;5.275;76.3;8.1
2012;01.04.2012;12:40:40;1026.2;5.613;73.8;9.5
2012;01.04.2012;13:00:39;1026.1;5.596;72.1;9.8
2012;01.04.2012;13:20:39;1025.9;5.57;69.4;10.3
2012;01.04.2012;13:40:39;1025.8;5.611;64.1;11.6
2012;01.04.2012;14:00:39;1025.6;5.337;61.4;11.5
2012;01.04.2012;14:20:39;1025.5;5.152;55.5;12.5
2012;01.04.2012;14:40:39;1025.3;4.929;53.1;12.5
2012;01.04.2012;15:00:40;1025.2;4.93;50.4;13.3
2012;01.04.2012;15:40:39;1024.8;4.536;44.9;13.8
2012;01.04.2012;16:00:39;1024.7;4.572;43.8;14.3
2012;01.04.2012;16:20:39;1024.6;4.931;49.4;13.6
2012;01.04.2012;16:40:39;1024.5;4.528;44.8;13.8
2012;01.04.2012;17:00:39;1024.3;4.498;44.5;13.8
2012;01.04.2012;17:20:40;1024.2;4.722;49.2;13
2012;01.04.2012;17:40:40;1024.1;4.586;48.1;12.9
2012;01.04.2012;18:00:39;1024;4.676;50;12.6
2012;01.04.2012;18:20:39;1023.9;4.834;53.4;12.1
2012;01.04.2012;18:40:39;1023.9;4.655;51.1;12.2
2012;01.04.2012;19:00:41;1023.9;4.639;51.6;12
2012;01.04.2012;19:20:39;1023.9;4.561;52.1;11.6
2012;01.04.2012;19:40:40;1024;4.583;53.4;11.3
2012;01.04.2012;20:00:39;1024;4.534;53.9;11
2012;01.04.2012;20:20:39;1024.2;4.46;54.1;10.7
2012;01.04.2012;20:40:39;1024.4;4.591;57.2;10.3
2012;01.04.2012;21:00:40;1024.5;4.609;58.6;10
2012;01.04.2012;21:20:42;1024.7;4.691;62.1;9.4
2012;01.04.2012;21:40:39;1024.8;4.218;55.5;9.5
2012;01.04.2012;22:00:40;1024.8;4.305;57.8;9.2
2012;01.04.2012;22:20:39;1024.9;4.451;61.8;8.7
2012;01.04.2012;22:40:39;1024.9;4.77;67.1;8.5
2012;01.04.2012;23:00:39;1024.8;4.795;69.3;8.1
2012;01.04.2012;23:20:40;1024.9;4.767;68.9;8.1
2012;01.04.2012;23:40:39;1024.8;4.546;68;7.6
2012;02.04.2012;00:00:41;1024.8;4.313;64.1;7.7
2012;02.04.2012;00:20:40;1024.8;4.225;64.1;7.4
2012;02.04.2012;00:40:39;1024.7;4.278;66.7;7
2012;02.04.2012;01:00:39;1024.8;4.327;68.4;6.8
2012;02.04.2012;01:20:39;1024.8;4.302;69.9;6.4
2012;02.04.2012;01:40:40;1024.8;4.209;68.4;6.4
2012;02.04.2012;02:00:39;1024.8;4.087;68.3;6
2012;02.04.2012;02:20:40;1024.8;4.02;68.6;5.7
2012;02.04.2012;02:40:40;1024.8;3.984;69.9;5.3
2012;02.04.2012;03:00:39;1024.8;4.093;70.8;5.5
2012;02.04.2012;03:20:39;1024.8;4.002;71.2;5.1
2012;02.04.2012;03:40:40;1024.8;3.952;70.8;5
2012;02.04.2012;04:00:41;1024.8;3.886;71.1;4.7
2012;02.04.2012;04:20:41;1024.7;3.881;71.5;4.6
2012;02.04.2012;04:40:40;1024.7;3.859;72.1;4.4
2012;02.04.2012;05:00:39;1024.6;3.902;73.4;4.3
2012;02.04.2012;05:20:39;1024.6;4.048;75.6;4.4
2012;02.04.2012;05:40:39;1024.6;4.014;75.5;4.3
2012;02.04.2012;06:00:39;1024.6;3.99;76.1;4.1
2012;02.04.2012;06:20:39;1024.6;4.018;76.1;4.2
2012;02.04.2012;06:40:40;1024.6;3.965;76.7;3.9
2012;02.04.2012;07:00:39;1024.6;3.917;77.4;3.6
2012;02.04.2012;07:20:39;1024.7;3.91;76.2;3.8
2012;02.04.2012;07:40:39;1024.8;3.875;76.6;3.6
2012;02.04.2012;08:00:39;1024.8;3.841;75.4;3.7
2012;02.04.2012;08:20:39;1024.9;3.844;74.4;3.9
2012;02.04.2012;08:40:40;1024.9;3.812;73.8;3.9
2012;02.04.2012;09:00:40;1025;3.906;73;4.4
2012;02.04.2012;09:20:39;1025.1;3.896;72.3;4.5
2012;02.04.2012;09:20:39;1025.1;3.896;72.3;4.5
2012;02.04.2012;10:20:38;1025.1;3.968;68.2;5.6
2012;02.04.2012;10:40:40;1025.1;3.814;62.9;6.2
2012;02.04.2012;11:00:40;1025;3.85;60.5;6.9
2012;02.04.2012;11:20:39;1024.9;3.812;62;6.4
2012;02.04.2012;11:40:39;1024.7;4.068;60.9;7.6
2012;02.04.2012;12:00:39;1024.6;4.085;59.9;7.9
2012;02.04.2012;12:20:39;1024.4;4.164;59.4;8.3
2012;02.04.2012;12:40:40;1024.3;4.345;58.3;9.2
2012;02.04.2012;13:00:39;1024.1;4.164;55.5;9.3
2012;02.04.2012;13:20:39;1023.9;4.248;55.1;9.7
2012;02.04.2012;13:40:41;1023.8;4.38;54.2;10.4
2012;02.04.2012;14:20:39;1023.4;4.412;54.2;10.5
2012;02.04.2012;14:40:38;1023.2;4.517;53.3;11.1
2012;02.04.2012;15:20:39;1022.7;4.517;50.2;12
2012;02.04.2012;15:40:39;1022.5;4.654;49.7;12.6
2012;02.04.2012;16:00:39;1022.2;4.392;45.1;13.2
2012;02.04.2012;16:20:39;1022;4.686;48.4;13.1
2012;02.04.2012;16:40:39;1021.7;4.963;48;14.1
2012;02.04.2012;17:00:38;1021.6;4.242;41.6;13.9
2012;02.04.2012;17:20:39;1021.5;4.218;40.3;14.3
2012;02.04.2012;17:40:39;1021.4;4.58;44.3;14.1
2012;02.04.2012;18:00:39;1021.3;5.163;49.9;14.1
2012;02.04.2012;18:20:39;1021.3;5.199;47.1;15.1
2012;02.04.2012;18:40:40;1021.3;4.209;37.7;15.3
2012;02.04.2012;19:00:39;1021.4;4.172;36.2;15.8
2012;02.04.2012;19:20:39;1021.4;4.121;35.3;16
2012;02.04.2012;19:40:39;1021.5;4.263;37.7;15.5
2012;02.04.2012;20:00:39;1021.6;4.274;37.8;15.5
2012;02.04.2012;20:40:39;1022.1;4.722;45.7;14.1
2012;02.04.2012;21:00:39;1022.3;5.116;51.8;13.4
2012;02.04.2012;21:20:39;1022.5;5.175;54.5;12.8
2012;02.04.2012;21:40:39;1022.7;4.964;52.3;12.8
2012;02.04.2012;22:40:39;1023.1;4.529;51.7;11.6
2012;02.04.2012;23:00:39;1023.2;4.6;55;10.9
2012;02.04.2012;23:20:39;1023.3;4.588;55.6;10.7
2012;02.04.2012;23:40:39;1023.3;4.576;56.2;10.5
2012;03.04.2012;00:00:39;1023.5;4.409;54.9;10.3
2012;03.04.2012;00:20:39;1023.5;4.471;56.8;10
2012;03.04.2012;00:40:39;1023.6;4.481;61.3;8.9
2012;03.04.2012;01:00:39;1023.8;4.44;63.7;8.2
2012;03.04.2012;01:20:39;1023.9;4.402;63.6;8.1
2012;03.04.2012;01:40:39;1024;4.295;59.6;8.7
2012;03.04.2012;02:00:39;1024.1;4.215;59.3;8.5
2012;03.04.2012;02:20:39;1024.2;4.183;61.3;7.9
2012;03.04.2012;02:40:39;1024.2;4.236;59.2;8.6
2012;03.04.2012;03:00:39;1024.2;4.128;60.5;7.9
2012;03.04.2012;03:20:39;1024.2;4.126;65.2;6.8
2012;03.04.2012;03:40:39;1024.3;4.037;64.7;6.6
2012;03.04.2012;04:00:39;1024.3;4.008;60.8;7.4
2012;03.04.2012;04:20:39;1024.4;3.937;68.1;5.5
2012;03.04.2012;04:40:39;1024.5;3.99;67.6;5.8
2012;03.04.2012;05:00:39;1024.6;3.935;69.5;5.2
2012;03.04.2012;05:20:39;1024.6;3.732;66.4;5.1
2012;03.04.2012;05:40:39;1024.7;3.56;62.5;5.3
2012;03.04.2012;06:00:39;1024.7;3.504;64.6;4.6
2012;03.04.2012;06:20:39;1024.8;3.442;59.6;5.5
2012;03.04.2012;06:40:38;1024.9;3.565;67.6;4.2
2012;03.04.2012;07:00:39;1025.1;3.42;67.2;3.7
2012;03.04.2012;07:20:39;1025.2;3.474;67.3;3.9
2012;03.04.2012;07:40:39;1025.4;3.564;67.6;4.2
2012;03.04.2012;08:00:39;1025.6;3.516;69.1;3.7
2012;03.04.2012;08:20:39;1025.9;3.838;72.3;4.3
2012;03.04.2012;08:40:39;1026.1;3.796;66.7;5.3
2012;03.04.2012;09:00:38;1026.2;3.624;61.1;5.9
2012;03.04.2012;09:20:38;1026.2;3.789;61.7;6.4
2012;03.04.2012;09:40:39;1026.3;4.048;65;6.6
2012;03.04.2012;10:00:39;1026.5;4.288;67.9;6.8
2012;03.04.2012;10:20:39;1026.6;4.644;72;7.1
2012;03.04.2012;10:40:39;1026.7;4.629;70.8;7.3
2012;03.04.2012;11:00:39;1026.8;4.247;62.4;7.9
2012;03.04.2012;11:40:39;1026.9;4.596;64.8;8.5
2012;03.04.2012;12:00:39;1026.9;4.262;54.7;9.9
2012;03.04.2012;12:20:39;1026.8;3.925;48.1;10.6
2012;03.04.2012;12:40:39;1026.7;3.863;44.3;11.6
2012;03.04.2012;13:00:39;1026.5;3.772;42.4;11.9
2012;03.04.2012;13:20:39;1026.3;4.244;48.3;11.7
2012;03.04.2012;14:20:39;1025.9;3.122;30.6;14
2012;03.04.2012;14:40:39;1025.7;3.558;34.4;14.2
2012;03.04.2012;15:20:39;1025.4;4.193;38.2;15.1
2012;03.04.2012;16:00:39;1025.1;3.236;28.4;15.7
2012;03.04.2012;16:20:39;1024.9;2.78;24.1;15.9
2012;03.04.2012;16:40:39;1024.7;3.204;27.4;16.1
2012;03.04.2012;17:00:39;1024.5;2.529;21.1;16.5
2012;03.04.2012;17:20:39;1024.4;2.291;19;16.6
2012;03.04.2012;17:40:39;1024.3;2.187;17.8;16.9
2012;03.04.2012;18:00:39;1024.2;2.519;20.1;17.2
2012;03.04.2012;18:20:39;1024.1;2.507;20;17.2
2012;03.04.2012;18:40:39;1024.1;2.307;18.3;17.3
2012;03.04.2012;19:20:39;1024.1;3.031;25.1;16.6
2012;03.04.2012;20:00:39;1024.2;2.843;23.7;16.5
2012;03.04.2012;20:40:39;1024.5;3.281;31.9;14.1
2012;03.04.2012;21:00:39;1024.8;3.301;33.6;13.4
2012;03.04.2012;21:40:39;1025.2;3.464;37.9;12.3
2012;03.04.2012;22:00:39;1025.4;3.588;40.3;11.9
2012;03.04.2012;22:20:39;1025.5;3.653;41.3;11.8
2012;03.04.2012;22:40:39;1025.6;3.676;42.4;11.5
2012;03.04.2012;23:00:39;1025.8;5.018;63.4;10.1
2012;03.04.2012;23:20:39;1025.9;4.596;59.7;9.7
2012;03.04.2012;23:40:39;1026;4.079;50.6;10.4
2012;04.04.2012;00:00:39;1026;3.759;47.6;10.1
2012;04.04.2012;00:20:39;1026.1;3.851;52.5;9
2012;04.04.2012;00:40:40;1026;3.61;47.6;9.5
2012;04.04.2012;01:00:40;1026;3.466;47.6;8.9
2012;04.04.2012;01:20:40;1026;3.335;44.9;9.2
2012;04.04.2012;01:40:39;1026.1;3.38;49.7;7.9
2012;04.04.2012;02:00:39;1026.2;3.657;56;7.3
2012;04.04.2012;02:20:39;1026.3;3.806;60.3;6.8
2012;04.04.2012;02:40:39;1026.4;3.533;56.4;6.7
2012;04.04.2012;03:00:39;1026.5;3.288;52.5;6.7
2012;04.04.2012;03:20:39;1026.6;2.948;42.8;8.1
2012;04.04.2012;03:40:39;1026.7;3.702;64.2;5.5
2012;04.04.2012;04:00:40;1026.7;3.495;59.8;5.7
2012;04.04.2012;04:20:39;1026.7;3.256;53.1;6.4
2012;04.04.2012;04:40:39;1026.8;3.29;58.3;5.2
2012;04.04.2012;05:00:39;1026.8;3.483;59.6;5.7
2012;04.04.2012;05:20:39;1026.8;3.517;60.6;5.6
2012;04.04.2012;05:40:39;1027;3.267;57.9;5.2
2012;04.04.2012;06:00:39;1027.1;3.182;56.8;5.1
2012;04.04.2012;06:20:39;1027.2;3.203;58.8;4.7
2012;04.04.2012;06:40:39;1027.3;2.997;51.7;5.6
2012;04.04.2012;07:00:39;1027.4;2.954;52.4;5.2
2012;04.04.2012;07:20:39;1027.5;2.97;53.8;4.9
2012;04.04.2012;07:40:39;1027.6;3.462;64;4.6
2012;04.04.2012;08:00:39;1027.8;3.524;63.8;4.9
2012;04.04.2012;08:40:39;1028;3.993;67.4;5.9
2012;04.04.2012;09:00:39;1028;3.949;65.3;6.2
2012;04.04.2012;09:20:39;1028.1;3.691;59.4;6.6
2012;04.04.2012;09:40:42;1028.1;3.459;52;7.6
2012;04.04.2012;10:00:42;1028.2;3.486;51;8
2012;04.04.2012;10:20:40;1028.2;4.019;61.2;7.4
2012;04.04.2012;10:40:39;1028.3;4.594;67.1;8
2012;04.04.2012;11:00:39;1028.2;4.159;56.8;9
2012;04.04.2012;11:20:39;1028.2;3.611;47.4;9.6
2012;04.04.2012;12:20:40;1027.7;3.769;42.7;11.8
2012;04.04.2012;12:40:40;1027.4;3.97;47.4;11
2012;04.04.2012;13:00:39;1027.2;4.334;51.7;11
2012;04.04.2012;13:20:39;1027;4.036;46.9;11.4
2012;04.04.2012;13:40:39;1026.8;4.296;46.4;12.5
2012;04.04.2012;14:00:39;1026.5;3.919;39.4;13.6
2012;04.04.2012;14:20:39;1026.3;4.222;44.4;12.9
2012;04.04.2012;14:40:39;1026.1;4.146;42.2;13.4
2012;04.04.2012;15:00:40;1025.8;4.197;39.5;14.6
2012;04.04.2012;15:20:39;1025.6;4.894;46.3;14.5
2012;04.04.2012;15:40:39;1025.4;4.246;40.2;14.5
2012;04.04.2012;16:00:39;1025.2;4.429;38.8;15.7
2012;04.04.2012;16:20:39;1025;4.751;40.8;16
2012;04.04.2012;16:40:40;1024.8;3.417;28.3;16.6
2012;04.04.2012;17:00:40;1024.7;2.754;21.7;17.4
2012;04.04.2012;17:20:39;1024.6;2.572;20.4;17.3
2012;04.04.2012;17:40:39;1024.5;2.826;22.4;17.3
2012;04.04.2012;18:00:38;1024.4;2.801;22.2;17.3
2012;04.04.2012;18:20:39;1024.3;2.771;22.1;17.2
2012;04.04.2012;18:40:39;1024.2;2.411;19;17.4
2012;04.04.2012;19:20:39;1024.3;3.001;25.5;16.2
2012;04.04.2012;19:40:39;1024.3;2.646;22.5;16.2
2012;04.04.2012;20:00:40;1024.5;3.706;32.9;15.5
2012;04.04.2012;20:40:39;1024.8;3.3;32.1;14.1
2012;04.04.2012;21:00:41;1025;3.392;34.3;13.5
2012;04.04.2012;21:20:40;1025.2;3.461;35.7;13.2
2012;04.04.2012;21:40:39;1025.3;3.447;36.5;12.8
2012;04.04.2012;22:00:39;1025.4;3.622;38.6;12.7
2012;04.04.2012;22:20:41;1025.5;3.804;41.6;12.3
2012;04.04.2012;22:40:39;1025.6;3.817;42.3;12.1
2012;04.04.2012;23:00:39;1025.7;3.789;42;12.1
2012;04.04.2012;23:20:39;1025.8;4.043;46;11.7
2012;05.04.2012;00:00:41;1026;4.692;57;10.7
2012;05.04.2012;00:20:40;1026.1;4.915;63.4;9.8
2012;05.04.2012;00:40:39;1026.3;4.771;62.4;9.6
2012;05.04.2012;01:00:45;1026.4;4.464;59.2;9.4
2012;05.04.2012;01:20:39;1026.4;4.001;51.7;9.8
2012;05.04.2012;01:40:39;1026.5;4.763;64;9.2
2012;05.04.2012;02:00:39;1026.6;5.085;68.3;9.2
2012;05.04.2012;02:20:39;1026.6;4.813;66;8.9
2012;05.04.2012;02:40:39;1026.7;4.371;58;9.4
2012;05.04.2012;03:00:39;1026.7;4.734;63.2;9.3
2012;05.04.2012;03:20:39;1026.8;4.786;63.9;9.3
2012;05.04.2012;03:40:39;1026.9;4.92;69.8;8.4
2012;05.04.2012;04:00:40;1026.9;5.093;70.3;8.8
2012;05.04.2012;04:20:39;1026.9;4.92;68.4;8.7
2012;05.04.2012;04:40:40;1026.9;4.331;61.5;8.4
2012;05.04.2012;05:00:39;1026.9;3.966;55.6;8.6
2012;05.04.2012;05:20:39;1027;3.968;61.2;7.2
2012;05.04.2012;05:40:39;1027;3.621;52.9;8
2012;05.04.2012;06:00:40;1027.1;3.711;56.1;7.5
2012;05.04.2012;06:20:38;1027.2;3.596;55.5;7.2
2012;05.04.2012;06:40:40;1027.3;3.592;56.6;6.9
2012;05.04.2012;07:00:40;1027.4;3.679;63.4;5.6
2012;05.04.2012;07:20:39;1027.5;3.744;63.2;5.9
2012;05.04.2012;07:40:39;1027.6;3.648;56.7;7.1
2012;05.04.2012;08:00:39;1027.7;3.68;57.6;7
2012;05.04.2012;08:20:40;1027.8;3.787;54.6;8.2
2012;05.04.2012;08:40:39;1027.8;4.38;63.1;8.2
2012;05.04.2012;09:00:40;1027.9;4.213;60.3;8.3
2012;05.04.2012;09:20:39;1027.9;4.652;65.2;8.6
2012;05.04.2012;09:40:39;1028;4.475;61.9;8.8
2012;05.04.2012;10:00:39;1028.1;4.763;68.6;8.2
2012;05.04.2012;10:20:39;1028.2;4.175;55.5;9.4
2012;05.04.2012;10:40:39;1028.3;4.186;51.7;10.5
2012;05.04.2012;11:00:39;1028.4;4.032;48.5;10.9
2012;05.04.2012;11:20:39;1028.4;3.554;39;12.3
2012;05.04.2012;11:40:40;1028.5;4.299;50;11.4
2012;05.04.2012;12:00:39;1028.4;5.404;60.7;11.9
2012;05.04.2012;12:20:39;1028.3;4.536;48.4;12.7
2012;05.04.2012;12:40:39;1028.1;5.05;52.1;13.2
2012;05.04.2012;13:00:39;1027.9;4.736;47;13.8
2012;05.04.2012;13:20:40;1027.7;5.116;48.8;14.4
2012;05.04.2012;13:40:40;1027.5;4.749;46.5;14
2012;05.04.2012;14:00:39;1027.3;4.81;43.3;15.3
2012;05.04.2012;14:20:39;1027.2;4.803;42.4;15.6
2012;05.04.2012;14:40:39;1027;4.648;40;16
2012;05.04.2012;15:00:40;1026.9;4.492;35.6;17.3
2012;05.04.2012;15:20:44;1026.9;4.462;36.5;16.8
2012;05.04.2012;15:40:40;1026.9;4.794;39.2;16.8
2012;05.04.2012;16:00:39;1027;5.013;41.5;16.6
2012;05.04.2012;16:20:40;1027.1;5.602;52;14.8
2012;05.04.2012;16:40:39;1027.2;5.716;54.8;14.3
2012;05.04.2012;17:00:39;1027.3;5.538;53.8;14.1
2012;05.04.2012;17:20:39;1027.5;5.394;50.1;14.8
2012;05.04.2012;17:40:39;1027.6;5.241;48.7;14.8
2012;05.04.2012;18:00:40;1027.7;5.285;50.4;14.4
2012;05.04.2012;18:20:39;1027.8;5.369;52.2;14.1
2012;05.04.2012;18:40:42;1027.9;5.377;54;13.6
2012;05.04.2012;19:00:42;1027.9;5.442;54.3;13.7
2012;05.04.2012;19:20:39;1028;5.44;55;13.5
2012;05.04.2012;19:40:41;1028.1;5.355;54.5;13.4
2012;05.04.2012;20:00:39;1028.2;5.319;54.5;13.3
2012;05.04.2012;20:20:39;1028.2;5.282;55.2;13
2012;05.04.2012;20:40:40;1028.3;5.257;55.3;12.9
2012;05.04.2012;21:00:39;1028.4;5.256;56.4;12.6
2012;05.04.2012;21:20:38;1028.5;5.291;56.4;12.7
2012;05.04.2012;21:40:39;1028.6;5.258;56.8;12.5
2012;05.04.2012;22:00:39;1028.6;5.402;59.5;12.2
2012;05.04.2012;22:20:39;1028.7;5.447;61.2;11.9
2012;05.04.2012;22:40:40;1028.7;5.548;60.7;12.3
2012;05.04.2012;23:00:39;1028.6;6.173;74.5;10.8
2012;05.04.2012;23:20:39;1028.6;6.248;74.9;10.9
2012;05.04.2012;23:40:39;1028.6;6.198;74.8;10.8
2012;06.04.2012;00:00:39;1028.5;6.231;76.2;10.6
2012;06.04.2012;00:20:41;1028.3;6.264;77.1;10.5
2012;06.04.2012;00:40:40;1028.2;6.117;74.3;10.7
2012;06.04.2012;01:00:39;1028.1;6.293;75.4;10.9
2012;06.04.2012;01:20:41;1028;6.292;76.9;10.6
2012;06.04.2012;01:40:40;1028;6.298;78;10.4
2012;06.04.2012;02:00:41;1027.8;6.111;74.7;10.6
2012;06.04.2012;02:20:40;1027.6;5.989;73.2;10.6
2012;06.04.2012;02:40:39;1027.4;6.117;77.8;10
2012;06.04.2012;03:00:39;1027.3;6.202;81;9.6
2012;06.04.2012;03:20:40;1027.2;6.14;80.2;9.6
2012;06.04.2012;03:40:39;1027;6.116;78.8;9.8
2012;06.04.2012;04:00:39;1026.8;6.021;78.1;9.7
2012;06.04.2012;04:20:39;1026.7;5.894;77.5;9.5
2012;06.04.2012;04:40:39;1026.6;5.878;77.8;9.4
2012;06.04.2012;05:00:40;1026.6;6.02;80.2;9.3
2012;06.04.2012;05:20:39;1026.5;6.002;80.5;9.2
2012;06.04.2012;05:40:39;1026.4;6.011;79;9.5
2012;06.04.2012;06:00:39;1026.3;5.961;79.4;9.3
2012;06.04.2012;06:20:39;1026.2;5.801;77.8;9.2
2012;06.04.2012;06:40:39;1026.1;5.799;79.9;8.8
2012;06.04.2012;07:00:39;1026;5.591;80.8;8.1
2012;06.04.2012;07:20:39;1026;5.551;78.6;8.4
2012;06.04.2012;07:40:39;1026;5.555;77.6;8.6
2012;06.04.2012;08:00:39;1025.9;5.64;79.3;8.5
2012;06.04.2012;08:20:39;1025.9;5.726;81.6;8.3
2012;06.04.2012;08:40:39;1025.9;5.797;82.6;8.3
2012;06.04.2012;09:00:40;1025.9;5.813;79;9
2012;06.04.2012;09:20:39;1025.8;5.812;77.4;9.3
2012;06.04.2012;09:40:39;1025.7;6.049;78.9;9.6
2012;06.04.2012;10:00:39;1025.6;6.113;80.8;9.4
2012;06.04.2012;10:20:39;1025.5;6.246;83.1;9.3
2012;06.04.2012;10:40:39;1025.5;6.478;83.3;9.8
2012;06.04.2012;11:00:39;1025.4;6.309;80.6;9.9
2012;06.04.2012;11:20:40;1025.2;6.25;79.3;10
2012;06.04.2012;11:40:40;1025;6.352;77.4;10.6
2012;06.04.2012;12:00:39;1024.9;6.296;69;12.2
2012;06.04.2012;12:20:39;1024.6;5.777;61.3;12.7
2012;06.04.2012;12:40:39;1024.3;5.661;58.9;13
2012;06.04.2012;13:00:39;1024;5.713;59.8;12.9
2012;06.04.2012;13:20:39;1023.6;5.763;60.3;12.9
2012;06.04.2012;13:40:39;1023.3;5.91;57.9;13.9
2012;06.04.2012;14:00:40;1022.9;5.849;54.4;14.7
2012;06.04.2012;14:20:40;1022.6;5.926;53;15.3
2012;06.04.2012;14:40:39;1022.2;5.845;51.6;15.5
2012;06.04.2012;15:20:39;1021.4;5.522;47.5;15.9
2012;06.04.2012;15:40:39;1021.1;5.459;44.9;16.6
2012;06.04.2012;17:20:38;1019.7;5.651;47.6;16.2
2012;06.04.2012;17:40:39;1019.4;5.665;47.4;16.3
2012;06.04.2012;18:00:40;1019.3;5.545;46.4;16.3
2012;06.04.2012;18:40:41;1019.1;5.251;43.4;16.5
2012;06.04.2012;19:40:39;1018.9;5.64;48.7;15.8
2012;06.04.2012;20:00:39;1018.7;5.713;49;15.9
2012;06.04.2012;20:40:40;1018.6;5.77;49.8;15.8
2012;06.04.2012;21:00:40;1018.7;5.631;48.3;15.9
2012;06.04.2012;21:40:39;1018.8;5.569;48.4;15.7
2012;06.04.2012;22:00:39;1018.8;4.685;38.5;16.6
2012;06.04.2012;22:20:39;1018.8;4.51;36.6;16.8
2012;06.04.2012;22:40:39;1018.8;4.449;36.8;16.5
2012;06.04.2012;23:00:39;1018.7;4.574;38.8;16.1
2012;06.04.2012;23:20:39;1018.4;4.522;39.1;15.8
2012;06.04.2012;23:40:40;1018.3;4.592;40.2;15.6
2012;07.04.2012;00:00:39;1018.1;4.767;42.8;15.2
2012;07.04.2012;00:20:39;1018;4.79;44.7;14.6
2012;07.04.2012;00:40:39;1017.8;4.995;47.5;14.3
2012;07.04.2012;01:00:42;1017.7;5.009;49.2;13.8
2012;07.04.2012;01:20:40;1017.6;5.089;50.3;13.7
2012;07.04.2012;01:40:41;1017.3;4.934;46.6;14.4
2012;07.04.2012;02:00:39;1017;4.972;48.8;13.8
2012;07.04.2012;02:20:39;1016.7;4.941;48.8;13.7
2012;07.04.2012;02:40:39;1016.4;5.568;61.8;11.9
2012;07.04.2012;03:00:39;1016.2;5.448;58.9;12.3
2012;07.04.2012;03:20:41;1016.1;5.209;53.8;13
2012;07.04.2012;03:40:39;1015.8;4.867;49.3;13.3
2012;07.04.2012;04:00:39;1015.5;4.818;48.8;13.3
2012;07.04.2012;04:20:41;1015.3;4.671;49.2;12.7
2012;07.04.2012;04:40:39;1015.1;4.582;46.1;13.4
2012;07.04.2012;05:00:39;1014.8;4.616;48.6;12.7
2012;07.04.2012;05:20:39;1014.6;4.824;51.1;12.6
2012;07.04.2012;06:00:40;1014.4;4.856;52.8;12.2
2012;07.04.2012;06:20:39;1014.4;5.012;55.2;12
2012;07.04.2012;06:40:39;1014.3;5.263;61.5;11.1
2012;07.04.2012;07:00:39;1014;5.46;64.6;10.9
2012;07.04.2012;07:20:39;1013.5;5.206;61.6;10.9
2012;07.04.2012;07:40:40;1013.1;4.895;55.3;11.6
2012;07.04.2012;08:00:39;1012.8;5.334;59.8;11.7
2012;07.04.2012;08:20:39;1012.5;5.122;55.2;12.3
2012;07.04.2012;08:40:40;1012.4;5.207;55;12.6
2012;07.04.2012;09:00:39;1012.5;5.101;53.2;12.8
2012;07.04.2012;09:20:39;1012.7;5.303;55.3;12.8
2012;07.04.2012;09:40:39;1013;5.672;60.7;12.4
2012;07.04.2012;10:00:39;1013.2;5.479;52.5;14.1
2012;07.04.2012;10:20:39;1013.2;5.356;52;13.9
2012;07.04.2012;10:40:39;1013.1;5.511;52.8;14.1
2012;07.04.2012;11:00:40;1013.2;5.934;58.7;13.6
2012;07.04.2012;11:20:39;1013.1;5.925;57.1;14
2012;07.04.2012;11:40:39;1013.1;6.241;60.9;13.8
2012;07.04.2012;12:00:39;1013.2;6.74;69.7;12.9
2012;07.04.2012;12:20:40;1013.3;6.641;67.8;13.1
2012;07.04.2012;12:40:40;1013.2;6.861;71.4;12.8
2012;07.04.2012;13:00:39;1012.9;7.055;72.9;12.9
2012;07.04.2012;13:20:40;1012.8;6.749;64.1;14.2
2012;07.04.2012;13:40:39;1012.6;6.608;59.6;15
2012;07.04.2012;14:00:39;1012.3;6.229;56.2;15
2012;07.04.2012;14:20:39;1012.2;6.588;72.7;11.9
2012;07.04.2012;14:40:40;1012.3;6.699;72;12.3
2012;07.04.2012;15:00:39;1012.2;7.145;71.4;13.4
2012;07.04.2012;15:20:39;1011.9;7.05;75.2;12.4
2012;07.04.2012;15:40:40;1011.7;7.212;74.9;12.8
2012;07.04.2012;16:00:39;1011.5;7.232;72.2;13.4
2012;07.04.2012;16:20:39;1011.1;7.125;70.2;13.6
2012;07.04.2012;16:40:39;1010.7;6.989;68.4;13.7
2012;07.04.2012;17:00:40;1010.4;7.141;71.7;13.3
2012;07.04.2012;17:20:40;1010.3;6.91;71.7;12.8
2012;07.04.2012;18:00:39;1010;6.677;70.2;12.6
2012;07.04.2012;18:20:39;1009.7;6.692;70.8;12.5
2012;07.04.2012;18:40:39;1009.6;6.712;71;12.5
2012;07.04.2012;19:00:39;1009.6;6.758;72.9;12.2
2012;07.04.2012;19:20:40;1009.3;6.778;73.1;12.2
2012;07.04.2012;19:40:39;1009.1;6.782;74.1;12
2012;07.04.2012;20:00:39;1008.9;6.784;74.6;11.9
2012;07.04.2012;20:20:38;1008.7;6.787;75.6;11.7
2012;07.04.2012;20:40:39;1008.7;6.677;73.9;11.8
2012;07.04.2012;21:20:39;1008.8;6.527;76.2;11
2012;07.04.2012;21:40:39;1008.8;6.532;77.8;10.7
2012;07.04.2012;22:00:40;1008.8;6.514;78.1;10.6
2012;07.04.2012;22:20:39;1008.7;6.397;76.7;10.6
2012;07.04.2012;22:40:39;1008.5;6.321;76.3;10.5
2012;07.04.2012;23:00:39;1008.4;6.338;77;10.4
2012;07.04.2012;23:20:39;1008.3;6.358;80.4;9.8
2012;07.04.2012;23:40:39;1008.2;6.491;82.6;9.7
2012;08.04.2012;00:00:39;1008;6.503;83.3;9.6
2012;08.04.2012;00:20:39;1007.8;6.499;85.5;9.2
2012;08.04.2012;00:40:39;1007.6;6.7;88.1;9.2
2012;08.04.2012;01:00:39;1007.4;6.586;87.2;9.1
2012;08.04.2012;01:20:39;1007.3;6.694;88.6;9.1
2012;08.04.2012;01:40:39;1007.2;6.748;88.1;9.3
2012;08.04.2012;02:00:39;1007.1;6.811;88.9;9.3
2012;08.04.2012;02:20:41;1006.9;6.758;89.4;9.1
2012;08.04.2012;02:40:39;1006.6;6.783;89.7;9.1
2012;08.04.2012;03:00:39;1006.3;6.659;84;9.8
2012;08.04.2012;03:20:39;1006;6.555;85.5;9.3
2012;08.04.2012;03:40:39;1005.8;6.582;87;9.1
2012;08.04.2012;04:00:39;1005.6;6.675;90;8.8
2012;08.04.2012;04:20:40;1005.4;6.783;90.2;9
2012;08.04.2012;04:40:40;1005.3;6.784;90.2;9
2012;08.04.2012;05:00:39;1005.2;6.792;89.7;9.1
2012;08.04.2012;05:20:40;1005.2;6.785;89;9.2
2012;08.04.2012;05:40:38;1005.2;6.669;86.9;9.3
2012;08.04.2012;06:00:39;1005.2;6.644;86;9.4
2012;08.04.2012;06:20:40;1005.2;6.197;85.3;8.5
2012;08.04.2012;06:40:39;1005.2;5.929;83.9;8.1
2012;08.04.2012;07:00:39;1005.4;5.826;83.6;7.9
2012;08.04.2012;07:20:39;1005.6;5.673;83.7;7.5
2012;08.04.2012;07:40:39;1005.8;5.633;83.7;7.4
2012;08.04.2012;08:00:39;1005.9;5.569;83.9;7.2
2012;08.04.2012;08:20:41;1006;5.654;84.6;7.3
2012;08.04.2012;08:40:39;1006.1;5.629;85.4;7.1
2012;08.04.2012;09:00:39;1006.1;5.638;83.8;7.4
2012;08.04.2012;09:20:40;1006.1;5.618;83.5;7.4
2012;08.04.2012;09:40:39;1006.2;5.636;83.2;7.5
2012;08.04.2012;10:00:39;1006.3;5.674;83.2;7.6
2012;08.04.2012;10:20:39;1006.4;5.686;85.1;7.3
2012;08.04.2012;10:40:41;1006.5;5.494;80.6;7.6
2012;08.04.2012;11:00:40;1006.6;5.604;83.9;7.3
2012;08.04.2012;11:20:39;1006.8;5.565;84.5;7.1
2012;08.04.2012;11:40:40;1007;5.529;83.4;7.2
2012;08.04.2012;12:00:39;1007.2;5.294;79.9;7.2
2012;08.04.2012;12:20:39;1007.3;5.414;81.7;7.2
2012;08.04.2012;12:40:39;1007.4;5.323;80.9;7.1
2012;08.04.2012;13:00:39;1007.4;5.179;78.2;7.2
2012;08.04.2012;13:20:40;1007.5;5.031;76.5;7.1
2012;08.04.2012;13:40:41;1007.5;5.197;77.4;7.4
2012;08.04.2012;14:00:39;1007.4;5.251;76.6;7.7
2012;08.04.2012;14:20:39;1007.2;4.874;69.7;8
2012;08.04.2012;14:40:40;1007.2;4.702;66.8;8.1
2012;08.04.2012;15:00:39;1007.1;4.802;68.2;8.1
2012;08.04.2012;15:20:39;1007;4.646;66;8.1
2012;08.04.2012;15:40:39;1006.9;4.85;68.4;8.2
2012;08.04.2012;16:00:39;1006.8;4.794;67.6;8.2
2012;08.04.2012;16:20:39;1006.7;4.759;68.5;7.9
2012;08.04.2012;16:40:39;1006.7;4.776;69.2;7.8
2012;08.04.2012;17:00:39;1006.7;4.969;75;7.2
2012;08.04.2012;17:20:40;1006.8;5.071;79.2;6.7
2012;08.04.2012;17:40:40;1006.9;5.051;78.9;6.7
2012;08.04.2012;18:00:40;1006.9;4.872;75.6;6.8
2012;08.04.2012;18:20:41;1007;4.722;72.3;7
2012;08.04.2012;18:40:39;1007.1;4.663;72.9;6.7
2012;08.04.2012;19:20:39;1007.3;4.792;77;6.3
2012;08.04.2012;19:40:39;1007.3;4.652;75.3;6.2
2012;08.04.2012;20:00:40;1007.4;4.58;75.7;5.9
2012;08.04.2012;20:20:39;1007.6;4.572;76.1;5.8
2012;08.04.2012;20:40:39;1007.7;4.589;76.4;5.8
2012;08.04.2012;21:00:39;1007.9;4.587;76.9;5.7
2012;08.04.2012;21:20:39;1008;4.582;77.9;5.5
2012;08.04.2012;21:40:39;1008.2;4.599;79.3;5.3
2012;08.04.2012;22:20:39;1008.2;4.532;78.7;5.2
2012;08.04.2012;22:40:39;1008.2;4.515;78.4;5.2
2012;08.04.2012;23:00:40;1008.2;4.532;79.8;5
2012;08.04.2012;23:20:39;1008.1;4.526;79.7;5
2012;08.04.2012;23:40:39;1008;4.55;80.1;5
2012;09.04.2012;00:40:40;1008;4.399;76.4;5.2
2012;09.04.2012;01:20:43;1008;4.43;78;5
2012;09.04.2012;01:40:39;1008;4.484;78.4;5.1
2012;09.04.2012;02:00:39;1008;4.47;78.7;5
2012;09.04.2012;02:20:42;1008.1;4.624;81.4;5
2012;09.04.2012;02:40:40;1008.1;4.658;85.5;4.4
2012;09.04.2012;03:00:39;1008;4.674;86.4;4.3
2012;09.04.2012;03:20:40;1007.9;4.561;85.5;4.1
2012;09.04.2012;03:40:40;1007.9;4.566;85.6;4.1
2012;09.04.2012;04:00:41;1007.8;4.577;85.8;4.1
2012;09.04.2012;04:20:39;1007.8;4.572;86.3;4
2012;09.04.2012;04:40:41;1007.6;4.594;86.1;4.1
2012;09.04.2012;05:00:39;1007.5;4.693;86.7;4.3
2012;09.04.2012;05:20:45;1007.3;4.674;88.8;3.9
2012;09.04.2012;06:00:42;1007.3;4.67;88.1;4
2012;09.04.2012;06:20:39;1007.3;4.658;88.5;3.9
2012;09.04.2012;06:40:39;1007.4;4.637;88.1;3.9
2012;09.04.2012;07:00:40;1007.6;4.625;87.9;3.9
2012;09.04.2012;07:20:40;1007.8;4.608;87.6;3.9
2012;09.04.2012;07:40:39;1008;4.543;87;3.8
2012;09.04.2012;08:00:39;1008.1;4.621;88.5;3.8
2012;09.04.2012;08:20:39;1008.4;4.588;88.5;3.7
2012;09.04.2012;08:40:39;1008.6;4.559;88.6;3.6
2012;09.04.2012;09:00:39;1008.9;4.548;88.4;3.6
2012;09.04.2012;09:20:41;1009.1;4.552;88.5;3.6
2012;09.04.2012;09:40:39;1009.4;4.4;86.8;3.4
2012;09.04.2012;10:00:40;1009.6;4.445;87.1;3.5
2012;09.04.2012;10:20:39;1009.9;4.407;87;3.4
2012;09.04.2012;10:40:39;1010.3;4.288;86.5;3.1
2012;09.04.2012;11:00:39;1010.6;4.111;87.2;2.4
2012;09.04.2012;11:20:40;1010.8;4.216;88.8;2.5
2012;09.04.2012;11:40:39;1011;4.384;90.4;2.8
2012;09.04.2012;12:00:39;1011.2;4.623;90.7;3.5
2012;09.04.2012;12:20:39;1011.4;4.595;88.9;3.7
2012;09.04.2012;12:40:39;1011.5;4.651;87.5;4.1
2012;09.04.2012;13:00:39;1011.7;4.662;86.5;4.3
2012;09.04.2012;13:20:41;1011.9;4.661;85.9;4.4
2012;09.04.2012;13:40:40;1012.2;4.59;85.8;4.2
2012;09.04.2012;14:00:39;1012.3;4.611;85.6;4.3
2012;09.04.2012;14:20:39;1012.6;4.566;86;4.1
2012;09.04.2012;14:40:39;1012.8;4.506;86.1;3.9
2012;09.04.2012;15:00:40;1013.2;4.42;86.3;3.6
2012;09.04.2012;15:20:39;1013.5;4.346;86.1;3.4
2012;09.04.2012;15:40:39;1013.8;4.385;87.5;3.3
2012;09.04.2012;16:00:39;1014.1;4.343;89.2;2.9
2012;09.04.2012;16:20:40;1014.5;4.333;90.3;2.7
2012;09.04.2012;16:40:40;1014.8;4.284;90.6;2.5
2012;09.04.2012;17:00:39;1015.1;4.312;91.2;2.5
2012;09.04.2012;17:20:39;1015.5;4.392;91.6;2.7
2012;09.04.2012;17:40:39;1015.8;4.733;91.3;3.8
2012;09.04.2012;18:20:39;1016.5;4.557;80.9;5
2012;09.04.2012;18:40:40;1016.9;4.436;78.8;5
2012;09.04.2012;19:00:39;1017.3;4.397;77.6;5.1
2012;09.04.2012;19:20:39;1017.6;4.413;77.9;5.1
2012;09.04.2012;20:00:39;1018.5;4.298;78.1;4.7
2012;09.04.2012;20:20:39;1018.9;4.301;79.3;4.5
2012;09.04.2012;20:40:39;1019.4;4.242;78.8;4.4
2012;09.04.2012;21:00:40;1019.9;4.213;78.3;4.4
2012;09.04.2012;21:20:40;1020.4;4.098;77.3;4.2
2012;09.04.2012;21:40:39;1020.8;4.085;76;4.4
2012;09.04.2012;22:20:39;1021.6;3.948;76.7;3.8
2012;09.04.2012;22:40:40;1021.8;3.963;78.1;3.6
2012;09.04.2012;23:00:39;1022;4.006;78.4;3.7
2012;09.04.2012;23:20:38;1022.1;3.951;76.8;3.8
2012;09.04.2012;23:40:39;1022.3;3.878;75.4;3.8
2012;10.04.2012;00:00:39;1022.4;4.034;80.1;3.5
2012;10.04.2012;00:40:39;1022.8;4.166;85.7;3
2012;10.04.2012;01:00:39;1023;4.086;85.3;2.8
2012;10.04.2012;02:00:39;1023.3;3.74;72.8;3.8
2012;10.04.2012;02:20:39;1023.4;3.456;67.3;3.8
2012;10.04.2012;02:40:39;1023.4;3.471;67.6;3.8
2012;10.04.2012;03:00:39;1023.5;3.308;64.9;3.7
2012;10.04.2012;03:20:39;1023.5;3.426;67.2;3.7
2012;10.04.2012;03:40:39;1023.5;3.413;67.9;3.5
2012;10.04.2012;04:00:39;1023.5;3.484;69.3;3.5
2012;10.04.2012;04:20:39;1023.5;3.489;69.4;3.5
2012;10.04.2012;04:40:39;1023.4;3.555;71.2;3.4
2012;10.04.2012;05:00:39;1023.4;3.534;71.3;3.3
2012;10.04.2012;05:20:40;1023.4;3.519;71;3.3
2012;10.04.2012;05:40:39;1023.5;3.45;70.1;3.2
2012;10.04.2012;06:00:39;1023.5;3.529;71.7;3.2
2012;10.04.2012;06:20:39;1023.5;3.514;71.9;3.1
2012;10.04.2012;06:40:40;1023.6;3.548;72.6;3.1
2012;10.04.2012;07:00:39;1023.8;3.536;72.9;3
2012;10.04.2012;07:20:39;1023.9;3.419;71.5;2.8
2012;10.04.2012;07:40:39;1024.3;3.398;70.6;2.9
2012;10.04.2012;08:00:39;1024.6;3.475;72.2;2.9
2012;10.04.2012;08:20:39;1024.8;3.431;71.3;2.9
2012;10.04.2012;08:40:39;1025;3.45;71.2;3
2012;10.04.2012;09:00:39;1025.3;3.342;69.5;2.9
2012;10.04.2012;09:20:39;1025.4;3.523;70.2;3.5
2012;10.04.2012;09:40:38;1025.4;3.433;69.9;3.2
2012;10.04.2012;10:00:39;1025.5;3.477;70.3;3.3
2012;10.04.2012;10:20:40;1025.5;3.475;68.3;3.7
2012;10.04.2012;11:00:39;1025.8;3.458;66.1;4.1
2012;10.04.2012;11:20:39;1025.9;3.414;63.9;4.4
2012;10.04.2012;12:20:39;1026;2.976;52;5.4
2012;10.04.2012;12:40:39;1025.9;3.073;52.2;5.8
2012;10.04.2012;13:20:39;1025.7;3.009;46.1;7.3
2012;10.04.2012;13:40:39;1025.7;3.073;47.4;7.2
2012;10.04.2012;14:00:39;1025.6;3.005;45.4;7.5
2012;10.04.2012;14:20:39;1025.7;3.12;46.5;7.7
2012;10.04.2012;14:40:39;1025.6;2.965;43.9;7.8
2012;10.04.2012;16:20:39;1025.3;3.125;43.8;8.6
2012;10.04.2012;16:40:42;1025.3;3.014;43.7;8.1
2012;10.04.2012;17:00:42;1025.3;3.083;44.7;8.1
2012;10.04.2012;17:20:39;1025.3;3.005;42.7;8.4
2012;10.04.2012;17:40:39;1025.2;3.054;43.1;8.5
2012;10.04.2012;18:00:39;1025.2;3.126;44.4;8.4
2012;10.04.2012;18:20:39;1025.2;3.211;45.6;8.4
2012;10.04.2012;18:40:39;1025.3;3.116;45.8;7.9
2012;10.04.2012;19:00:39;1025.3;3.215;46.6;8.1
2012;10.04.2012;20:20:39;1025.7;3.56;51.6;8.1
2012;10.04.2012;20:40:39;1025.8;3.338;49.4;7.8
2012;10.04.2012;21:40:39;1026.3;3.361;50.8;7.5
2012;10.04.2012;22:20:39;1026.6;3.508;56;6.7
2012;10.04.2012;22:40:39;1026.6;3.59;58.1;6.5
2012;10.04.2012;23:00:39;1026.7;3.632;59.6;6.3
2012;10.04.2012;23:40:39;1026.8;3.657;59.6;6.4
2012;11.04.2012;00:00:39;1026.7;3.677;58.7;6.7
2012;11.04.2012;00:20:39;1026.7;3.608;58;6.6
2012;11.04.2012;00:40:39;1026.7;3.796;61;6.6
2012;11.04.2012;01:00:39;1026.6;3.646;59;6.5
2012;11.04.2012;01:20:39;1026.4;3.666;58.1;6.8
2012;11.04.2012;01:40:39;1026.2;3.732;61.2;6.3
2012;11.04.2012;02:00:39;1026;3.804;65;5.7
2012;11.04.2012;02:20:39;1025.8;3.801;65.4;5.6
2012;11.04.2012;02:40:39;1025.6;3.744;64.4;5.6
2012;11.04.2012;03:00:39;1025.5;3.747;64;5.7
2012;11.04.2012;03:20:39;1025.3;3.696;62.7;5.8
2012;11.04.2012;03:40:39;1025.1;3.639;61.3;5.9
2012;11.04.2012;04:00:39;1025;3.687;60.4;6.3
2012;11.04.2012;04:20:39;1024.7;3.71;61.6;6.1
2012;11.04.2012;04:40:39;1024.5;3.645;60.1;6.2
2012;11.04.2012;05:00:39;1024.4;3.639;62.1;5.7
2012;11.04.2012;05:20:39;1024.3;3.648;61.4;5.9
2012;11.04.2012;05:40:39;1024.2;3.598;61.4;5.7
2012;11.04.2012;06:00:39;1024.1;3.687;62.9;5.7
2012;11.04.2012;06:20:39;1024.1;3.655;62.8;5.6
2012;11.04.2012;06:40:39;1024.1;3.63;62.8;5.5
2012;11.04.2012;07:00:39;1024.1;3.704;63.2;5.7
2012;11.04.2012;07:20:39;1024.2;3.78;63.6;5.9
2012;11.04.2012;07:40:39;1024.3;3.86;63.6;6.2
2012;11.04.2012;08:00:39;1024.5;3.757;61.5;6.3
2012;11.04.2012;08:20:39;1024.7;3.864;66.4;5.6
2012;11.04.2012;08:40:39;1024.8;3.788;65.1;5.6
2012;11.04.2012;09:00:40;1024.8;3.823;64.8;5.8
2012;11.04.2012;09:20:39;1024.8;3.787;64.2;5.8
2012;11.04.2012;09:40:39;1024.8;3.937;64.9;6.2
2012;11.04.2012;10:00:39;1024.9;4.027;60.7;7.5
2012;11.04.2012;10:20:39;1024.9;3.876;56.1;8.1
2012;11.04.2012;10:40:39;1025;3.939;57.8;7.9
2012;11.04.2012;11:00:40;1025;3.925;57.2;8
2012;11.04.2012;11:20:39;1025;4.06;56.8;8.6
2012;11.04.2012;11:40:39;1024.9;3.976;51.3;9.8
2012;11.04.2012;12:00:39;1024.8;4.193;51.6;10.5
2012;11.04.2012;12:20:39;1024.7;4.271;52.2;10.6
2012;11.04.2012;12:40:39;1024.5;4.213;49.8;11.1
2012;11.04.2012;13:00:39;1024.5;4.157;46;12.1
2012;11.04.2012;13:20:39;1024.3;4.058;45.8;11.8
2012;11.04.2012;13:40:39;1024.2;4.349;48.1;12.1
2012;11.04.2012;14:00:39;1024.1;4.256;47.7;11.9
2012;11.04.2012;14:20:40;1024.1;4.122;45;12.3
2012;11.04.2012;14:40:39;1024;4.113;45.8;12
2012;11.04.2012;15:00:42;1023.9;3.918;45.1;11.5
2012;11.04.2012;15:20:39;1023.8;4.308;44.6;13.1
2012;11.04.2012;15:40:39;1023.6;4.007;44.9;11.9
2012;11.04.2012;16:00:39;1023.5;4.192;47.9;11.6
2012;11.04.2012;16:20:39;1023.4;4.133;49.8;10.8
2012;11.04.2012;16:40:39;1023.3;4.371;53.7;10.5
2012;11.04.2012;17:00:40;1023.3;4.379;53.8;10.5
2012;11.04.2012;17:20:39;1023.3;4.334;53.6;10.4
2012;11.04.2012;17:40:39;1023.3;4.41;54.9;10.3
2012;11.04.2012;18:20:41;1023.5;4.487;57;10
2012;11.04.2012;18:40:39;1023.6;4.543;58.1;9.9
2012;11.04.2012;19:00:39;1023.7;4.677;59.4;10
2012;11.04.2012;19:40:40;1023.8;4.652;58.7;10.1
2012;11.04.2012;20:20:39;1024;4.715;59.1;10.2
2012;11.04.2012;20:40:39;1024.1;4.17;54.1;9.7
2012;11.04.2012;21:20:38;1024.2;4.372;57.1;9.6
2012;11.04.2012;22:00:41;1024.1;4.446;56.9;9.9
2012;11.04.2012;22:20:39;1024;4.458;58.2;9.6
2012;11.04.2012;22:40:39;1023.8;4.452;58.5;9.5
2012;11.04.2012;23:00:40;1023.7;4.513;58.9;9.6
2012;11.04.2012;23:20:41;1023.5;4.589;61.5;9.2
2012;11.04.2012;23:40:39;1023.4;4.537;60.8;9.2
2012;12.04.2012;00:00:43;1023.2;4.539;64.2;8.4
2012;12.04.2012;00:20:39;1023;4.722;68.6;8
2012;12.04.2012;00:40:39;1022.8;4.754;70;7.8
2012;12.04.2012;01:00:40;1022.6;4.791;71;7.7
2012;12.04.2012;01:20:41;1022.4;4.659;70;7.5
2012;12.04.2012;01:40:41;1022.2;4.49;67;7.6
2012;12.04.2012;02:00:39;1021.9;4.552;67.9;7.6
2012;12.04.2012;02:20:39;1021.6;4.585;67.9;7.7
2012;12.04.2012;02:40:40;1021.4;4.642;67.8;7.9
2012;12.04.2012;03:00:40;1021.1;4.68;70.7;7.4
2012;12.04.2012;03:20:40;1020.8;4.617;70.7;7.2
2012;12.04.2012;03:40:39;1020.5;4.567;68.5;7.5
2012;12.04.2012;04:00:39;1020.2;4.622;67.9;7.8
2012;12.04.2012;04:20:39;1020.1;4.518;68.2;7.4
2012;12.04.2012;04:40:39;1019.9;4.596;70.8;7.1
2012;12.04.2012;05:00:39;1019.8;4.578;71;7
2012;12.04.2012;05:20:41;1019.7;4.682;72.1;7.1
2012;12.04.2012;05:40:40;1019.6;4.836;76;6.8
2012;12.04.2012;06:00:40;1019.5;4.829;76.4;6.7
2012;12.04.2012;06:20:39;1019.5;4.815;76.7;6.6
2012;12.04.2012;06:40:39;1019.4;4.813;77.2;6.5
2012;12.04.2012;07:00:40;1019.5;4.813;77.2;6.5
2012;12.04.2012;07:20:39;1019.5;4.624;76.8;6
2012;12.04.2012;07:40:40;1019.6;4.607;76;6.1
2012;12.04.2012;08:00:40;1019.7;4.674;74.5;6.6
2012;12.04.2012;08:20:39;1019.7;4.552;70.6;7
2012;12.04.2012;08:40:39;1019.8;4.592;69.3;7.4
2012;12.04.2012;09:00:39;1019.9;4.488;68.2;7.3
2012;12.04.2012;09:20:41;1019.9;4.436;66.5;7.5
2012;12.04.2012;10:00:40;1019.9;4.381;64.8;7.7
2012;12.04.2012;10:20:39;1020;4.46;62.9;8.4
2012;12.04.2012;10:40:40;1020;4.419;61.9;8.5
2012;12.04.2012;11:00:40;1020;4.604;61.5;9.2
2012;12.04.2012;11:20:39;1020.1;4.453;58.3;9.5
2012;12.04.2012;11:40:39;1020;4.319;58.1;9.1
2012;12.04.2012;12:20:39;1020;4.529;58.1;9.8
2012;12.04.2012;12:40:39;1020;4.522;58.8;9.6
2012;12.04.2012;13:00:39;1019.9;4.505;57.4;9.9
2012;12.04.2012;13:20:39;1019.7;4.629;55.9;10.7
2012;12.04.2012;13:40:39;1019.6;4.702;58.3;10.3
2012;12.04.2012;14:00:41;1019.4;4.739;54.6;11.4
2012;12.04.2012;14:20:39;1019.4;4.725;55.9;11
2012;12.04.2012;14:40:39;1019.3;4.723;55.5;11.1
2012;12.04.2012;16:00:39;1018.8;4.736;54.9;11.3
2012;12.04.2012;16:20:39;1018.7;4.711;54.6;11.3
2012;12.04.2012;16:40:40;1018.6;4.655;53.6;11.4
2012;12.04.2012;17:20:39;1018.5;4.755;55.1;11.3
2012;12.04.2012;17:40:39;1018.5;4.811;55;11.5
2012;12.04.2012;18:20:39;1018.4;4.7;54.1;11.4
2012;12.04.2012;19:20:39;1018.1;4.809;57.2;10.9
2012;12.04.2012;19:40:39;1018.1;4.804;57.9;10.7
2012;12.04.2012;20:00:39;1018.1;4.822;58.5;10.6
2012;12.04.2012;20:20:39;1018.1;4.838;58.7;10.6
2012;12.04.2012;20:40:39;1018.3;4.763;57.8;10.6
2012;12.04.2012;21:00:39;1018.5;5.086;63.8;10.1
2012;12.04.2012;21:40:40;1018.8;5.371;69.2;9.7
2012;12.04.2012;22:00:38;1018.8;5.48;73.5;9.1
2012;12.04.2012;22:20:39;1018.8;5.465;74.8;8.8
2012;12.04.2012;22:40:39;1018.7;5.471;75.9;8.6
2012;12.04.2012;23:00:39;1018.6;5.356;74.3;8.6
2012;12.04.2012;23:20:40;1018.5;5.334;73.5;8.7
2012;12.04.2012;23:40:44;1018.5;5.216;71.4;8.8
2012;13.04.2012;00:20:39;1018.3;5.321;73.3;8.7
2012;13.04.2012;00:40:39;1018.1;5.155;71.5;8.6
2012;13.04.2012;01:00:41;1018;5.164;72.6;8.4
2012;13.04.2012;01:20:43;1017.9;5.15;72.4;8.4
2012;13.04.2012;01:40:39;1017.7;5.144;72.3;8.4
2012;13.04.2012;02:00:39;1017.6;5.095;71.6;8.4
2012;13.04.2012;02:20:40;1017.4;5.117;71.9;8.4
2012;13.04.2012;03:00:39;1017.1;5.241;73.6;8.4
2012;13.04.2012;03:20:39;1017;5.253;75.8;8
2012;13.04.2012;03:40:39;1016.9;5.312;75.6;8.2
2012;13.04.2012;04:00:40;1016.7;5.375;77;8.1
2012;13.04.2012;04:20:39;1016.6;5.339;77;8
2012;13.04.2012;04:40:39;1016.4;5.263;75.9;8
2012;13.04.2012;05:00:39;1016.2;5.32;76.7;8
2012;13.04.2012;05:20:39;1016.1;5.307;76.5;8
2012;13.04.2012;05:40:40;1015.9;5.341;77.5;7.9
2012;13.04.2012;06:00:39;1015.8;5.36;78.3;7.8
2012;13.04.2012;06:20:38;1015.7;5.374;78.5;7.8
2012;13.04.2012;06:40:39;1015.7;5.374;78.5;7.8
2012;13.04.2012;07:00:40;1015.7;5.416;79.1;7.8
2012;13.04.2012;07:20:39;1015.8;5.411;78.5;7.9
2012;13.04.2012;07:40:39;1015.8;5.509;79.9;7.9
2012;13.04.2012;08:20:39;1015.7;5.575;81.4;7.8
2012;13.04.2012;08:40:39;1015.7;5.589;81.6;7.8
2012;13.04.2012;09:00:40;1015.7;5.603;81.8;7.8
2012;13.04.2012;09:20:39;1015.6;5.662;82.1;7.9
2012;13.04.2012;09:40:39;1015.6;5.625;81;8
2012;13.04.2012;10:00:41;1015.5;5.62;77.7;8.6
2012;13.04.2012;10:20:45;1015.5;5.778;77.2;9.1
2012;13.04.2012;10:40:39;1015.4;5.728;74.5;9.5
2012;13.04.2012;11:00:40;1015.3;5.876;72.9;10.2
2012;13.04.2012;11:20:39;1015.2;5.866;71.8;10.4
2012;13.04.2012;12:20:39;1014.9;5.994;71.4;10.8
2012;13.04.2012;12:40:39;1014.8;5.835;71.4;10.4
2012;13.04.2012;13:00:39;1014.6;5.474;70.7;9.6
2012;13.04.2012;13:20:39;1014.5;5.962;69.6;11.1
2012;13.04.2012;13:40:40;1014.4;5.759;68.6;10.8
2012;13.04.2012;14:00:39;1014.3;5.738;68.8;10.7
2012;13.04.2012;15:00:39;1013.8;5.427;59.7;12
2012;13.04.2012;15:20:39;1013.6;5.038;54;12.4
2012;13.04.2012;15:40:40;1013.4;5.517;55.7;13.3
2012;13.04.2012;16:20:39;1013;5.188;55.2;12.5
2012;13.04.2012;16:40:39;1012.9;5.333;57.1;12.4
2012;13.04.2012;17:00:39;1012.7;5.163;54.2;12.7
2012;13.04.2012;17:20:39;1012.7;5.256;55.9;12.5
2012;13.04.2012;17:40:39;1012.6;5.029;52.8;12.7
2012;13.04.2012;18:00:39;1012.5;5.053;52.7;12.8
2012;13.04.2012;18:40:39;1012.3;4.991;49.4;13.6
2012;13.04.2012;19:00:40;1012.3;5.124;50.7;13.6
2012;13.04.2012;20:00:39;1012.1;5.101;51.8;13.2
2012;13.04.2012;20:40:39;1012.2;5.534;58.8;12.5
2012;13.04.2012;21:00:39;1012.2;5.629;61;12.2
2012;13.04.2012;21:40:39;1012.3;5.598;62.7;11.7
2012;13.04.2012;22:00:39;1012.3;5.652;65;11.3
2012;13.04.2012;23:00:39;1012.1;5.674;72.1;9.8
2012;13.04.2012;23:20:39;1012.1;5.555;74;9.1
2012;13.04.2012;23:40:39;1012.1;5.502;73.8;9
2012;14.04.2012;00:00:39;1012;5.443;73.5;8.9
2012;14.04.2012;00:20:39;1011.9;5.354;74.3;8.5
2012;14.04.2012;00:40:41;1011.9;5.339;72.6;8.8
2012;14.04.2012;01:00:40;1011.9;5.282;73.3;8.5
2012;14.04.2012;01:20:39;1011.8;5.442;78.1;8
2012;14.04.2012;01:40:39;1011.7;5.242;76.8;7.7
2012;14.04.2012;02:00:40;1011.6;5.255;73.9;8.3
2012;14.04.2012;02:20:41;1011.5;5.303;78.2;7.6
2012;14.04.2012;02:40:40;1011.4;5.14;79;7
2012;14.04.2012;03:00:39;1011.4;5.029;78.9;6.7
2012;14.04.2012;03:20:39;1011.3;4.962;78.4;6.6
2012;14.04.2012;03:40:39;1011.2;4.942;79.7;6.3
2012;14.04.2012;04:00:40;1011.1;4.935;80.7;6.1
2012;14.04.2012;04:20:39;1011.1;4.935;80.7;6.1
2012;14.04.2012;04:40:40;1011.1;4.834;79.6;6
2012;14.04.2012;05:00:39;1011;4.798;81.8;5.5
2012;14.04.2012;05:20:40;1011;4.749;80.4;5.6
2012;14.04.2012;05:40:39;1011;4.88;79.8;6.1
2012;14.04.2012;06:00:39;1011;4.771;81.9;5.4
2012;14.04.2012;06:20:40;1011.1;4.712;80.9;5.4
2012;14.04.2012;06:40:42;1011.1;4.711;82.6;5.1
2012;14.04.2012;07:00:40;1011.2;4.745;79.8;5.7
2012;14.04.2012;07:20:39;1011.2;4.586;81;5
2012;14.04.2012;07:40:39;1011.3;4.746;81.5;5.4
2012;14.04.2012;08:00:41;1011.3;4.886;81.6;5.8
2012;14.04.2012;08:20:39;1011.3;4.87;80.2;6
2012;14.04.2012;08:40:39;1011.2;4.995;80;6.4
2012;14.04.2012;09:00:40;1011.1;5.175;80.6;6.8
2012;14.04.2012;09:20:39;1011;5.407;81.9;7.2
2012;14.04.2012;09:40:39;1010.9;5.528;82;7.5
2012;14.04.2012;10:00:39;1010.8;5.459;82.1;7.3
2012;14.04.2012;10:20:39;1010.7;5.818;84.5;7.8
2012;14.04.2012;10:40:39;1010.6;5.836;83.6;8
2012;14.04.2012;11:20:39;1010.3;5.883;79.8;8.8
2012;14.04.2012;11:40:41;1010.1;5.685;78.7;8.5
2012;14.04.2012;12:00:39;1009.9;5.781;72.8;9.9
2012;14.04.2012;12:20:39;1009.6;5.845;72.6;10.1
2012;14.04.2012;12:40:39;1009.4;5.831;69.1;10.8
2012;14.04.2012;13:00:40;1009.1;6.018;70.8;10.9
2012;14.04.2012;13:40:40;1008.7;5.75;58.9;13
2012;14.04.2012;14:00:39;1008.4;5.758;58.2;13.2
2012;14.04.2012;14:20:39;1008.2;5.795;57.8;13.4
2012;14.04.2012;18:00:39;1007.2;4.784;39.1;16.5
2012;14.04.2012;18:20:39;1007.1;4.575;36.7;16.8
2012;14.04.2012;18:40:39;1007.1;4.617;36.8;16.9
2012;14.04.2012;19:40:39;1007;5.166;44.4;15.7
2012;14.04.2012;20:00:39;1007;4.926;44.3;15
2012;14.04.2012;20:20:39;1007.1;5.066;44.4;15.4
2012;14.04.2012;20:40:39;1007.1;5.295;47.6;15
2012;14.04.2012;21:20:38;1007.4;5.475;50.5;14.6
2012;14.04.2012;21:40:39;1007.5;5.632;53.3;14.2
2012;14.04.2012;22:00:39;1007.5;5.729;56;13.7
2012;14.04.2012;22:20:39;1007.5;5.773;58.3;13.2
2012;14.04.2012;22:40:39;1007.5;5.748;57.3;13.4
2012;14.04.2012;23:00:39;1007.5;5.984;64.5;12.2
2012;14.04.2012;23:20:39;1007.4;6.338;71.5;11.5
2012;14.04.2012;23:40:39;1007.4;5.93;65.2;11.9
2012;15.04.2012;00:00:39;1007.3;5.86;64;12
2012;15.04.2012;00:20:39;1007.2;5.88;67.7;11.2
2012;15.04.2012;01:20:39;1007;5.668;69.3;10.3
2012;15.04.2012;01:40:39;1006.9;5.579;69.6;10
2012;15.04.2012;02:00:39;1006.8;5.454;71.8;9.2
2012;15.04.2012;02:20:39;1006.7;5.486;70.3;9.6
2012;15.04.2012;02:40:39;1006.6;5.536;71.4;9.5
2012;15.04.2012;03:00:39;1006.5;5.709;73.6;9.5
2012;15.04.2012;03:20:39;1006.3;5.303;72.2;8.7
2012;15.04.2012;03:40:39;1006.2;5.218;73;8.3
2012;15.04.2012;04:00:39;1006.1;5.106;73.4;7.9
2012;15.04.2012;04:20:38;1006;5.24;74.8;8
2012;15.04.2012;04:40:39;1005.9;5.099;74.3;7.7
2012;15.04.2012;05:00:39;1005.8;5.264;73.1;8.4
2012;15.04.2012;05:20:39;1005.7;5.193;73.6;8.1
2012;15.04.2012;05:40:39;1005.6;5.061;79.5;6.6
2012;15.04.2012;06:20:40;1005.5;5.207;79;7.1
2012;15.04.2012;06:40:38;1005.4;5.264;80.4;7
2012;15.04.2012;07:00:39;1005.4;5.244;81.2;6.8
2012;15.04.2012;07:20:39;1005.3;5.325;80.2;7.2
2012;15.04.2012;07:40:39;1005.2;5.361;77.5;7.8
2012;15.04.2012;08:40:39;1005;5.691;76.3;8.9
2012;15.04.2012;09:00:40;1005;5.889;76.3;9.4
2012;15.04.2012;09:20:41;1005;5.995;75.1;9.9
2012;15.04.2012;09:40:40;1005;5.928;76.8;9.4
2012;15.04.2012;10:00:39;1005;6.019;73.9;10.2
2012;15.04.2012;10:40:39;1004.8;5.996;73.6;10.2
2012;15.04.2012;11:00:39;1004.6;5.946;72.5;10.3
2012;15.04.2012;11:20:41;1004.5;5.965;73.7;10.1
2012;15.04.2012;11:40:39;1004.4;6.046;63.7;12.5
2012;15.04.2012;12:00:39;1004.3;6.032;61.9;12.9
2012;15.04.2012;12:20:40;1004.2;5.72;56.1;13.6
2012;15.04.2012;13:00:39;1004;6.044;60.8;13.2
2012;15.04.2012;13:40:39;1003.9;5.595;47.3;15.9
2012;15.04.2012;14:20:39;1003.7;5.439;42.6;17.1
2012;15.04.2012;14:40:39;1003.6;5.27;39.5;17.8
2012;15.04.2012;15:00:39;1003.6;5.385;40.1;17.9
2012;15.04.2012;15:00:39;1003.6;5.385;40.1;17.9
2012;15.04.2012;16:20:39;1003.1;4.503;28.9;20.3
2012;15.04.2012;16:40:40;1003;4.403;27.4;20.8
2012;15.04.2012;17:00:40;1002.9;4.606;28.3;21
2012;15.04.2012;17:40:39;1002.9;5.753;35.5;20.9
2012;15.04.2012;18:00:39;1003;5.442;33.6;20.9
2012;15.04.2012;18:20:39;1003.1;5.181;32.6;20.6
2012;15.04.2012;18:40:39;1003.1;4.496;28.5;20.5
2012;15.04.2012;19:00:39;1003.1;4.836;31.6;20
2012;15.04.2012;20:20:39;1003.8;5.84;46.6;16.8
2012;15.04.2012;20:40:40;1004.2;6.167;53.8;15.4
2012;15.04.2012;21:00:39;1004.5;6.134;56;14.7
2012;15.04.2012;21:20:40;1004.7;6.014;56;14.4
2012;15.04.2012;22:20:40;1005.1;5.896;59;13.3
2012;15.04.2012;22:40:39;1005.1;5.818;59;13.1
2012;15.04.2012;23:00:39;1005.2;5.821;60.6;12.7
2012;15.04.2012;23:20:39;1005.3;5.773;60.9;12.5
2012;15.04.2012;23:40:39;1005.3;5.753;61.9;12.2
2012;16.04.2012;00:00:41;1005.3;5.746;63.9;11.7
2012;16.04.2012;00:20:40;1005.3;5.697;64.2;11.5
2012;16.04.2012;00:40:39;1005.4;5.683;64.9;11.3
2012;16.04.2012;01:00:41;1005.3;5.653;66.3;10.9
2012;16.04.2012;01:20:40;1005.3;5.617;67.2;10.6
2012;16.04.2012;01:40:40;1005.2;5.6;67.9;10.4
2012;16.04.2012;02:00:40;1005;5.563;67.9;10.3
2012;16.04.2012;02:40:40;1004.6;5.506;69;9.9
2012;16.04.2012;03:00:39;1004.3;5.486;69.2;9.8
2012;16.04.2012;03:20:39;1004.2;5.591;69.1;10.1
2012;16.04.2012;03:40:39;1003.9;5.52;71;9.5
2012;16.04.2012;04:00:39;1003.6;5.496;73.1;9
2012;16.04.2012;04:20:39;1003.4;5.467;73.2;8.9
2012;16.04.2012;04:40:39;1003.1;5.446;75.4;8.4
2012;16.04.2012;05:00:39;1002.8;5.455;75;8.5
2012;16.04.2012;05:20:39;1002.5;5.483;76.9;8.2
2012;16.04.2012;05:40:39;1002.1;5.455;78.6;7.8
2012;16.04.2012;06:00:40;1001.9;5.556;78.4;8.1
2012;16.04.2012;06:20:39;1001.5;5.626;81;7.8
2012;16.04.2012;06:40:38;1001.2;5.784;82.1;8
2012;16.04.2012;07:00:39;1001.1;5.606;82.9;7.4
2012;16.04.2012;07:20:39;1000.9;5.687;83.5;7.5
2012;16.04.2012;07:40:39;1000.6;5.941;86;7.7
2012;16.04.2012;08:20:39;1000.1;6.277;84.8;8.7
2012;16.04.2012;08:40:39;999.9;5.902;80.3;8.6
2012;16.04.2012;09:00:40;999.6;5.723;75.8;9
2012;16.04.2012;09:20:40;999.4;5.796;75.7;9.2
2012;16.04.2012;09:40:39;999.1;5.824;71.1;10.2
2012;16.04.2012;10:00:39;998.7;5.798;68.9;10.6
2012;16.04.2012;10:20:39;998.5;5.767;65.4;11.3
2012;16.04.2012;10:40:39;998.3;5.764;62.4;12
2012;16.04.2012;11:00:39;998;5.852;59.3;13
2012;16.04.2012;11:20:39;997.7;6.062;60.2;13.3
2012;16.04.2012;11:40:39;997.4;6.247;62.4;13.2
2012;16.04.2012;12:00:39;997;6.083;56.2;14.4
2012;16.04.2012;12:20:39;996.6;6.035;51.6;15.6
2012;16.04.2012;13:00:39;996.2;6.316;53.6;15.7
2012;16.04.2012;13:20:39;996;6.286;53;15.8
2012;16.04.2012;13:40:39;995.7;6.204;52.3;15.8
2012;16.04.2012;14:00:39;995.5;6.404;51.6;16.5
2012;16.04.2012;14:20:39;995.1;5.853;46;16.9
2012;16.04.2012;15:00:39;994.5;5.967;45.4;17.4
2012;16.04.2012;16:00:39;993.7;5.801;47;16.4
2012;16.04.2012;16:20:39;993.4;5.606;42.9;17.3
2012;16.04.2012;16:40:39;993.2;5.778;46.5;16.5
2012;16.04.2012;17:40:39;992.7;6.095;49;16.5
2012;16.04.2012;18:00:39;992.6;5.932;47.7;16.5
2012;16.04.2012;18:20:39;992.5;5.607;42.6;17.4
2012;16.04.2012;18:40:39;992.5;5.687;43.2;17.4
2012;16.04.2012;19:20:39;992.5;5.895;47.4;16.5
2012;16.04.2012;20:00:39;993.3;6.066;56.2;14.3
2012;16.04.2012;20:20:39;994;5.889;57.9;13.4
2012;16.04.2012;21:00:39;994.9;5.662;61.5;11.9
2012;16.04.2012;21:20:39;995.4;5.884;67.4;11.1
2012;16.04.2012;21:40:39;995.8;5.705;69.9;10.1
2012;16.04.2012;22:00:39;996.2;5.76;73.5;9.5
2012;16.04.2012;22:20:39;996.6;5.833;77;9
2012;16.04.2012;22:40:39;996.7;5.642;77.6;8.4
2012;16.04.2012;23:20:39;997.4;5.624;79;8.1
2012;16.04.2012;23:40:39;997.7;5.73;81.6;7.9
2012;17.04.2012;00:00:39;997.5;5.6;83.1;7.3
2012;17.04.2012;00:20:39;997.8;5.5;82.2;7.2
2012;17.04.2012;00:40:39;997.9;5.34;81.5;6.9
2012;17.04.2012;01:00:39;998;5.267;80.4;6.9
2012;17.04.2012;01:20:39;998.2;5.144;80.2;6.6
2012;17.04.2012;01:40:39;998.2;5.112;79.7;6.6
2012;17.04.2012;02:00:39;998.2;5.154;80.9;6.5
2012;17.04.2012;02:20:39;998.3;4.96;77.9;6.5
2012;17.04.2012;02:40:39;998.3;4.962;79;6.3
2012;17.04.2012;03:00:39;998.1;5.004;80.2;6.2
2012;17.04.2012;03:20:39;998;5.013;82.6;5.8
2012;17.04.2012;04:00:39;998;4.983;85;5.3
2012;17.04.2012;04:20:39;998.1;4.931;85.9;5
2012;17.04.2012;05:20:39;997.4;4.856;82.8;5.3
2012;17.04.2012;05:40:39;997.5;4.844;82.6;5.3
2012;17.04.2012;06:00:39;997.5;4.741;82;5.1
2012;17.04.2012;06:20:38;997.5;4.749;82.7;5
2012;17.04.2012;06:40:39;997.5;4.738;83.1;4.9
2012;17.04.2012;07:00:39;997.6;4.732;83;4.9
2012;17.04.2012;07:20:40;997.7;4.685;82.2;4.9
2012;17.04.2012;07:40:38;997.9;4.714;83.3;4.8
2012;17.04.2012;08:00:39;998.2;4.803;83.7;5
2012;17.04.2012;08:20:39;998.5;4.706;83.2;4.8
2012;17.04.2012;08:40:39;998.7;4.804;82.6;5.2
2012;17.04.2012;09:00:39;998.9;4.827;83;5.2
2012;17.04.2012;09:20:39;999.1;4.971;82;5.8
2012;17.04.2012;10:00:39;999.5;4.965;80.8;6
2012;17.04.2012;10:20:39;999.7;5.004;80.9;6.1
2012;17.04.2012;10:40:39;999.9;5;81.4;6
2012;17.04.2012;11:00:39;1000.1;5.153;81.6;6.4
2012;17.04.2012;11:20:39;1000;5.193;81.1;6.6
2012;17.04.2012;11:40:39;1000;5.275;78.5;7.3
2012;17.04.2012;12:00:39;1000;5.46;78.5;7.8
2012;17.04.2012;12:20:39;1000;5.426;74.9;8.4
2012;17.04.2012;12:40:39;999.9;5.526;70.8;9.5
2012;17.04.2012;13:00:39;1000;5.287;73;8.4
2012;17.04.2012;13:20:39;1000;5.108;72;8.1
2012;17.04.2012;14:00:38;1000;5.066;68.1;8.8
2012;17.04.2012;14:20:39;1000.1;5.303;68.9;9.3
2012;17.04.2012;14:40:39;1000.2;5.282;69.1;9.2
2012;17.04.2012;15:40:39;1000.2;5.143;58.1;11.4
2012;17.04.2012;16:40:38;1000.3;4.986;55.6;11.6
2012;17.04.2012;17:00:39;1000.4;4.733;51.1;12.1
2012;17.04.2012;17:20:39;1000.6;4.808;52.6;11.9
2012;17.04.2012;18:20:39;1001.2;4.774;55.1;11.1
2012;17.04.2012;18:40:39;1001.5;4.755;57.9;10.3
2012;17.04.2012;19:00:39;1001.7;4.775;57;10.6
2012;17.04.2012;19:20:39;1002;4.698;58.8;9.9
2012;17.04.2012;20:40:39;1003;4.506;60;9
2012;17.04.2012;21:00:39;1003.3;4.55;61;8.9
2012;17.04.2012;21:20:39;1003.5;4.583;62.3;8.7
2012;17.04.2012;21:40:39;1003.7;4.623;63.7;8.5
2012;17.04.2012;22:20:39;1003.8;4.739;65.3;8.5
2012;17.04.2012;22:40:39;1003.8;4.925;69.7;8.1
2012;17.04.2012;23:00:39;1003.8;5.041;73.3;7.7
2012;17.04.2012;23:20:40;1003.7;5.239;77.2;7.5
2012;17.04.2012;23:40:39;1003.8;5.136;75.7;7.5
2012;18.04.2012;00:00:39;1004.1;5.206;77.8;7.3
2012;18.04.2012;00:20:38;1004.1;5.235;80.4;6.9
2012;18.04.2012;00:40:39;1004.1;5.301;80.3;7.1
2012;18.04.2012;01:20:40;1003.9;5.256;84.7;6.2
2012;18.04.2012;01:40:39;1003.9;5.356;86.9;6.1
2012;18.04.2012;02:00:39;1003.8;5.215;86.4;5.8
2012;18.04.2012;02:20:39;1003.9;5.087;84.3;5.8
2012;18.04.2012;02:40:39;1003.9;5.017;84.9;5.5
2012;18.04.2012;03:00:39;1003.9;5.035;87.6;5.1
2012;18.04.2012;03:20:39;1004;4.93;86.4;5
2012;18.04.2012;03:40:39;1003.8;4.96;86.3;5.1
2012;18.04.2012;04:00:39;1003.7;4.937;84.7;5.3
2012;18.04.2012;04:20:39;1003.8;4.864;82.9;5.4
2012;18.04.2012;04:40:39;1003.8;4.877;81.4;5.7
2012;18.04.2012;05:00:39;1003.8;4.915;82.6;5.6
2012;18.04.2012;05:20:39;1003.9;5.028;84.5;5.6
2012;18.04.2012;05:40:39;1004.1;5.087;85.5;5.6
2012;18.04.2012;06:00:39;1004.3;5.092;85;5.7
2012;18.04.2012;06:40:39;1004.3;5.217;84.1;6.2
2012;18.04.2012;07:00:39;1004.3;5.314;83.9;6.5
2012;18.04.2012;07:20:39;1004.4;5.332;84.2;6.5
2012;18.04.2012;07:40:40;1004.6;5.364;85.3;6.4
2012;18.04.2012;08:00:39;1004.8;5.439;85.9;6.5
2012;18.04.2012;08:20:39;1005;5.521;87.8;6.4
2012;18.04.2012;08:40:41;1005;5.564;89.1;6.3
2012;18.04.2012;09:00:39;1005;5.671;90.8;6.3
2012;18.04.2012;09:20:39;1005.1;5.688;91.7;6.2
2012;18.04.2012;09:40:39;1005.2;5.714;91.5;6.3
2012;18.04.2012;10:00:39;1005.3;5.674;91.5;6.2
2012;18.04.2012;10:20:39;1005.3;5.839;92.2;6.5
2012;18.04.2012;10:40:40;1005.2;5.852;92.4;6.5
2012;18.04.2012;11:00:41;1005.1;5.899;92.5;6.6
2012;18.04.2012;11:20:39;1005.2;6.074;92;7.1
2012;18.04.2012;11:40:39;1005.2;5.99;92;6.9
2012;18.04.2012;12:00:39;1005.2;5.966;92.9;6.7
2012;18.04.2012;13:00:40;1005.1;6.1;94.3;6.8
2012;18.04.2012;13:20:40;1005;6.205;94.6;7
2012;18.04.2012;13:40:39;1005;6.205;94.6;7
2012;18.04.2012;14:00:39;1005.1;6.298;94.7;7.2
2012;18.04.2012;14:20:39;1005.1;6.315;94.3;7.3
2012;18.04.2012;14:40:39;1005;6.325;93.8;7.4
2012;18.04.2012;15:00:40;1004.9;6.354;92.3;7.7
2012;18.04.2012;15:20:39;1004.6;6.425;90.8;8.1
2012;18.04.2012;15:40:39;1004.5;6.486;90.4;8.3
2012;18.04.2012;16:00:39;1004.3;6.489;88.6;8.6
2012;18.04.2012;16:20:40;1004.2;6.496;87.5;8.8
2012;18.04.2012;16:40:39;1004.2;6.451;86.3;8.9
2012;18.04.2012;17:00:40;1004.2;6.447;85.1;9.1
2012;18.04.2012;17:20:39;1004.1;6.392;86.1;8.8
2012;18.04.2012;17:40:39;1004.1;6.317;85.1;8.8
2012;18.04.2012;18:20:39;1004.1;6.127;82;8.9
2012;18.04.2012;18:40:39;1004.1;6.119;81.9;8.9
2012;18.04.2012;19:00:39;1004;6.255;83.7;8.9
2012;18.04.2012;20:00:39;1004;6.111;82.9;8.7
2012;18.04.2012;20:20:39;1004.1;6.175;83.2;8.8
2012;18.04.2012;20:40:39;1004.2;6.201;83;8.9
2012;18.04.2012;21:00:39;1004.3;6.316;85.1;8.8
2012;18.04.2012;21:20:39;1004.4;6.374;85.3;8.9
2012;18.04.2012;22:20:40;1004.5;6.458;87.6;8.7
2012;18.04.2012;22:40:39;1004.6;6.628;90.5;8.6
2012;18.04.2012;23:00:40;1004.6;6.609;92.1;8.3
2012;18.04.2012;23:20:39;1004.6;6.571;92.2;8.2
2012;18.04.2012;23:40:39;1004.6;6.54;92.4;8.1
2012;19.04.2012;00:00:39;1004.6;6.585;92.4;8.2
2012;19.04.2012;00:20:39;1004.7;6.583;93;8.1
2012;19.04.2012;00:40:39;1004.7;6.657;93.4;8.2
2012;19.04.2012;01:00:39;1004.6;6.686;93.8;8.2
2012;19.04.2012;01:20:39;1004.6;6.747;94;8.3
2012;19.04.2012;01:40:39;1004.6;6.747;94;8.3
2012;19.04.2012;02:00:40;1004.5;6.723;94.3;8.2
2012;19.04.2012;02:20:39;1004.4;6.745;94.6;8.2
2012;19.04.2012;02:40:40;1004.3;6.814;94.9;8.3
2012;19.04.2012;03:00:39;1004.2;6.837;95.2;8.3
2012;19.04.2012;03:20:39;1004.1;6.805;95.4;8.2
2012;19.04.2012;03:40:39;1004;6.827;95.7;8.2
2012;19.04.2012;04:00:39;1004;6.889;95.9;8.3
2012;19.04.2012;04:20:39;1003.9;6.904;96.1;8.3
2012;19.04.2012;04:40:39;1003.9;6.878;96.4;8.2
2012;19.04.2012;05:00:40;1003.8;6.871;96.3;8.2
2012;19.04.2012;05:20:39;1003.8;6.919;96.3;8.3
2012;19.04.2012;05:40:39;1003.8;6.919;96.3;8.3
2012;19.04.2012;06:00:39;1003.8;6.912;96.2;8.3
2012;19.04.2012;06:20:39;1003.8;7.007;96.2;8.5
2012;19.04.2012;06:40:40;1003.9;7.057;94.3;8.9
2012;19.04.2012;07:00:39;1004.1;7.055;92.4;9.2
2012;19.04.2012;07:20:39;1004.2;6.752;90.3;8.9
2012;19.04.2012;07:40:39;1004.4;6.585;88.7;8.8
2012;19.04.2012;08:00:39;1004.6;6.584;88.7;8.8
2012;19.04.2012;08:20:41;1004.8;6.419;87.1;8.7
2012;19.04.2012;08:40:39;1005;6.492;87.5;8.8
2012;19.04.2012;09:00:39;1005.1;6.408;86.4;8.8
2012;19.04.2012;09:20:39;1005.3;6.139;85.1;8.4
2012;19.04.2012;09:40:40;1005.5;6.169;86.1;8.3
2012;19.04.2012;10:20:39;1005.9;6.092;82.8;8.7
2012;19.04.2012;11:20:39;1006.4;5.992;80.4;8.9
2012;19.04.2012;11:40:39;1006.5;5.898;79.7;8.8
2012;19.04.2012;12:00:39;1006.6;5.892;77.5;9.2
2012;19.04.2012;12:20:39;1006.8;5.808;75.9;9.3
2012;19.04.2012;12:40:40;1006.9;5.915;77.3;9.3
2012;19.04.2012;13:00:40;1007;5.768;74.9;9.4
2012;19.04.2012;13:20:39;1007;5.879;73.8;9.9
2012;19.04.2012;14:00:40;1007;5.77;69.6;10.5
2012;19.04.2012;14:20:39;1007;5.811;68.7;10.8
2012;19.04.2012;14:40:39;1007;5.78;68.8;10.7
2012;19.04.2012;15:00:40;1007;5.999;70.9;10.8
2012;19.04.2012;15:20:39;1006.9;5.838;68.1;11
2012;19.04.2012;15:40:39;1006.7;5.648;65.9;11
2012;19.04.2012;16:00:39;1006.6;5.955;69.9;10.9
2012;19.04.2012;16:20:39;1006.6;6.071;72.2;10.7
2012;19.04.2012;17:00:39;1006.6;6.618;82.4;10
2012;19.04.2012;17:20:39;1006.6;6.141;75.5;10.2
2012;19.04.2012;17:40:40;1006.7;6.127;77.9;9.7
2012;19.04.2012;18:00:39;1006.8;6.192;78.2;9.8
2012;19.04.2012;18:20:39;1007.1;5.88;79.5;8.8
2012;19.04.2012;18:40:39;1007.2;5.806;82.9;8
2012;19.04.2012;19:20:40;1007.3;5.942;86;7.8
2012;19.04.2012;19:40:39;1007.4;6.017;85.9;8
2012;19.04.2012;20:40:40;1007.8;6.051;84.1;8.4
2012;19.04.2012;21:00:39;1008.1;5.987;88.5;7.5
2012;19.04.2012;21:40:39;1008.5;6.038;89.9;7.4
2012;19.04.2012;22:00:38;1008.6;6.093;90.1;7.5
2012;19.04.2012;22:20:40;1008.6;6.127;90.6;7.5
2012;19.04.2012;22:40:39;1008.7;6.173;91.9;7.4
2012;19.04.2012;23:00:39;1008.7;6.041;91.2;7.2
2012;19.04.2012;23:20:39;1008.6;5.927;90.1;7.1
2012;19.04.2012;23:40:39;1008.5;5.821;87.9;7.2
2012;20.04.2012;00:00:39;1008.5;5.683;87;7
2012;20.04.2012;00:20:39;1008.4;5.683;88.2;6.8
2012;20.04.2012;00:40:40;1008.4;5.54;86.6;6.7
2012;20.04.2012;01:00:40;1008.4;5.495;85.9;6.7
2012;20.04.2012;01:20:39;1008.4;5.592;86.8;6.8
2012;20.04.2012;01:40:39;1008.4;5.528;87;6.6
2012;20.04.2012;02:00:39;1008.3;5.534;87.7;6.5
2012;20.04.2012;02:20:41;1008.1;5.651;88.9;6.6
2012;20.04.2012;02:40:39;1008.1;5.51;87.3;6.5
2012;20.04.2012;03:00:39;1008.1;5.567;87;6.7
2012;20.04.2012;03:20:41;1008;5.573;88.9;6.4
2012;20.04.2012;03:40:39;1008;5.472;87.3;6.4
2012;20.04.2012;04:00:39;1008.1;5.509;85.5;6.8
2012;20.04.2012;04:20:40;1007.9;5.441;88;6.2
2012;20.04.2012;04:40:39;1007.8;5.448;87.5;6.3
2012;20.04.2012;05:00:39;1007.9;5.327;85;6.4
2012;20.04.2012;05:20:39;1008;5.359;86.7;6.2
2012;20.04.2012;05:40:39;1007.8;5.371;89.3;5.8
2012;20.04.2012;06:00:39;1007.7;5.28;87.8;5.8
2012;20.04.2012;06:20:38;1007.8;5.212;84.9;6.1
2012;20.04.2012;06:40:39;1007.9;5.206;86;5.9
2012;20.04.2012;07:00:41;1008;5.303;86.4;6.1
2012;20.04.2012;07:20:39;1008.1;5.29;85.6;6.2
2012;20.04.2012;07:40:39;1008.2;5.418;84.7;6.7
2012;20.04.2012;08:00:40;1008.4;5.363;85.6;6.4
2012;20.04.2012;08:20:39;1008.5;5.338;82.9;6.8
2012;20.04.2012;08:40:39;1008.5;5.404;84.5;6.7
2012;20.04.2012;09:00:39;1008.6;5.373;81.2;7.2
2012;20.04.2012;09:20:40;1008.7;5.407;80.6;7.4
2012;20.04.2012;09:40:39;1008.8;5.533;80.8;7.7
2012;20.04.2012;10:20:41;1009;5.525;80.7;7.7
2012;20.04.2012;10:40:39;1009.1;5.5;76.6;8.4
2012;20.04.2012;11:00:39;1009.2;5.532;75.5;8.7
2012;20.04.2012;11:20:43;1009.3;5.435;73.7;8.8
2012;20.04.2012;11:40:41;1009.3;5.478;75.8;8.5
2012;20.04.2012;12:00:39;1009.4;5.73;78.2;8.7
2012;20.04.2012;12:20:40;1009.4;5.774;78.8;8.7
2012;20.04.2012;12:40:40;1009.6;5.664;78.9;8.4
2012;20.04.2012;13:00:39;1009.7;5.989;83.4;8.4
2012;20.04.2012;13:20:40;1009.7;5.825;79.5;8.7
2012;20.04.2012;13:40:39;1009.7;5.983;80;9
2012;20.04.2012;14:00:39;1009.8;5.909;81.2;8.6
2012;20.04.2012;14:20:40;1010;5.86;80;8.7
2012;20.04.2012;14:40:39;1010.1;5.538;78.8;8.1
2012;20.04.2012;15:20:39;1010.5;5.706;82.3;7.9
2012;20.04.2012;15:40:39;1010.6;5.775;83.3;7.9
2012;20.04.2012;16:00:39;1010.6;5.68;82.5;7.8
2012;20.04.2012;16:20:39;1010.6;5.806;81.5;8.3
2012;20.04.2012;16:40:39;1010.6;5.777;80;8.5
2012;20.04.2012;17:00:40;1010.7;5.665;82.3;7.8
2012;20.04.2012;17:20:39;1010.9;5.708;83.5;7.7
2012;20.04.2012;17:40:39;1011;5.735;83.9;7.7
2012;20.04.2012;18:00:39;1011.1;5.721;83.7;7.7
2012;20.04.2012;18:20:39;1011.2;5.662;82.3;7.8
2012;20.04.2012;18:40:39;1011.3;5.509;81.2;7.6
2012;20.04.2012;19:00:40;1011.4;5.491;80.4;7.7
2012;20.04.2012;19:20:39;1011.5;5.47;81.2;7.5
2012;20.04.2012;19:40:39;1011.6;5.528;81.5;7.6
2012;20.04.2012;20:00:39;1011.8;5.449;82.6;7.2
2012;20.04.2012;20:40:39;1012.4;5.49;84.4;7
2012;20.04.2012;21:00:39;1012.7;5.603;84.4;7.3
2012;20.04.2012;22:00:39;1013.3;5.419;83.4;7
2012;20.04.2012;22:20:38;1013.5;5.429;85.9;6.6
2012;20.04.2012;22:40:40;1013.7;5.498;88.2;6.4
2012;20.04.2012;23:00:39;1013.8;5.459;87.6;6.4
2012;20.04.2012;23:20:44;1014;5.34;86.3;6.3
2012;20.04.2012;23:40:40;1014.1;5.246;84.8;6.3
2012;21.04.2012;00:00:39;1014.2;5.351;85.9;6.4
2012;21.04.2012;00:20:39;1014.3;5.45;88.1;6.3
2012;21.04.2012;00:40:40;1014.4;5.474;89.1;6.2
2012;21.04.2012;01:00:39;1014.6;5.537;88.9;6.4
2012;21.04.2012;01:20:39;1014.7;5.404;88;6.2
2012;21.04.2012;01:40:40;1014.7;5.354;87.8;6.1
2012;21.04.2012;02:00:40;1014.8;5.353;88.4;6
2012;21.04.2012;02:20:39;1014.9;5.42;89.5;6
2012;21.04.2012;02:40:39;1015;5.376;89.4;5.9
2012;21.04.2012;03:20:39;1015;5.439;89.2;6.1
2012;21.04.2012;03:40:38;1015;5.345;88.9;5.9
2012;21.04.2012;04:00:39;1015.1;5.451;88.8;6.2
2012;21.04.2012;04:20:40;1015.2;5.29;87.4;6
2012;21.04.2012;04:40:38;1015.2;5.296;86.9;6.1
2012;21.04.2012;05:00:39;1015.3;5.234;87.1;5.9
2012;21.04.2012;05:20:39;1015.4;5.344;88.3;6
2012;21.04.2012;05:40:39;1015.4;5.27;87.7;5.9
2012;21.04.2012;06:00:40;1015.5;5.307;87.7;6
2012;21.04.2012;06:20:40;1015.5;5.318;88.5;5.9
2012;21.04.2012;06:40:39;1015.7;5.322;89.2;5.8
2012;21.04.2012;07:00:39;1015.9;5.345;89.6;5.8
2012;21.04.2012;07:20:39;1016.2;5.339;88.9;5.9
2012;21.04.2012;07:40:39;1016.3;5.333;88.2;6
2012;21.04.2012;08:20:40;1016.5;5.308;86.6;6.2
2012;21.04.2012;08:40:39;1016.6;5.476;86.3;6.7
2012;21.04.2012;09:20:39;1017;5.365;84.6;6.7
2012;21.04.2012;09:40:39;1017.1;5.279;85;6.4
2012;21.04.2012;10:00:39;1017.2;5.05;80.8;6.5
2012;21.04.2012;10:20:39;1017.3;5.133;81;6.7
2012;21.04.2012;10:40:39;1017.4;5.362;82.3;7.1
2012;21.04.2012;11:00:39;1017.5;5.253;79;7.4
2012;21.04.2012;11:20:39;1017.5;5.128;78.2;7.2
2012;21.04.2012;12:20:39;1017.4;5.09;74;7.9
2012;21.04.2012;12:40:40;1017.4;4.918;72.5;7.7
2012;21.04.2012;13:00:39;1017.4;4.881;70.5;8
2012;21.04.2012;13:20:39;1017.3;5.001;68.4;8.8
2012;21.04.2012;13:40:39;1017.3;5.122;69.1;9
2012;21.04.2012;14:00:39;1017.3;4.753;63.3;9.2
2012;21.04.2012;14:20:40;1017.4;5.013;62.4;10.2
2012;21.04.2012;15:00:41;1017.3;4.372;57.1;9.5
2012;21.04.2012;15:20:40;1017.2;4.483;55.1;10.4
2012;21.04.2012;15:40:40;1017;4.429;53;10.8
2012;21.04.2012;16:00:39;1017;4.118;50.3;10.5
2012;21.04.2012;16:20:39;1017;4.362;52.9;10.6
2012;21.04.2012;16:40:39;1016.9;4.286;51.3;10.8
2012;21.04.2012;17:00:40;1016.9;3.982;48;10.7
2012;21.04.2012;17:20:39;1016.9;4.136;47.9;11.3
2012;21.04.2012;17:40:39;1016.9;4.124;48.4;11.1
2012;21.04.2012;18:20:39;1017;4.134;49.5;10.8
2012;21.04.2012;19:00:40;1017.2;4.66;56.5;10.6
2012;21.04.2012;19:40:39;1017.4;4.004;49.6;10.3
2012;21.04.2012;20:00:40;1017.6;4.06;49.3;10.6
2012;21.04.2012;20:20:40;1017.8;4.049;50.5;10.2
2012;21.04.2012;20:40:39;1018;4.046;52.9;9.5
2012;21.04.2012;21:00:40;1018.2;3.929;52.8;9.1
2012;21.04.2012;21:20:39;1018.4;3.937;54;8.8
2012;21.04.2012;21:40:40;1018.6;3.859;54.4;8.4
2012;21.04.2012;22:40:39;1018.8;3.856;58.2;7.4
2012;21.04.2012;23:00:39;1018.9;3.803;57.4;7.4
2012;21.04.2012;23:20:40;1018.9;3.987;61;7.2
2012;21.04.2012;23:40:40;1018.9;4.075;67.7;6
2012;22.04.2012;00:00:41;1018.9;3.813;64.7;5.7
2012;22.04.2012;00:20:41;1019;3.648;62.8;5.5
2012;22.04.2012;00:40:39;1019;3.632;66.1;4.7
2012;22.04.2012;01:00:39;1019;3.599;65.5;4.7
2012;22.04.2012;01:20:39;1019;3.56;64.8;4.7
2012;22.04.2012;01:40:41;1018.9;3.581;66.1;4.5
2012;22.04.2012;02:00:41;1018.8;3.631;64.7;5
2012;22.04.2012;02:20:40;1018.7;3.518;68.2;3.8
2012;22.04.2012;02:40:40;1018.7;3.521;67.3;4
2012;22.04.2012;03:00:39;1018.7;3.505;69.4;3.5
2012;22.04.2012;03:20:39;1018.6;3.466;70.6;3.1
2012;22.04.2012;03:40:39;1018.6;3.461;70;3.2
2012;22.04.2012;04:00:41;1018.6;3.391;74.7;2
2012;22.04.2012;04:20:39;1018.6;3.52;74.8;2.5
2012;22.04.2012;04:40:39;1018.6;3.539;73.1;2.9
2012;22.04.2012;05:00:39;1018.5;3.482;74;2.5
2012;22.04.2012;05:20:39;1018.3;3.452;74.4;2.3
2012;22.04.2012;05:40:39;1018.2;3.521;72.7;2.9
2012;22.04.2012;06:00:39;1018.1;3.471;73.2;2.6
2012;22.04.2012;06:20:39;1018;3.432;72.9;2.5
2012;22.04.2012;06:40:40;1018.1;3.451;74.9;2.2
2012;22.04.2012;07:00:42;1018.1;3.51;75.1;2.4
2012;22.04.2012;07:20:39;1018.1;3.398;75.9;1.8
2012;22.04.2012;07:40:39;1018.1;3.546;76.4;2.3
2012;22.04.2012;08:00:39;1018.2;3.889;81.4;2.7
2012;22.04.2012;08:20:39;1018.4;4.008;78.7;3.6
2012;22.04.2012;08:40:39;1018.4;3.933;76.7;3.7
2012;22.04.2012;09:00:39;1018.4;3.9;75;3.9
2012;22.04.2012;09:20:39;1018.3;3.966;72.1;4.7
2012;22.04.2012;09:40:39;1018.3;4;72.2;4.8
2012;22.04.2012;10:00:39;1018.2;4.057;71.7;5.1
2012;22.04.2012;10:20:39;1018.2;4.12;70.8;5.5
2012;22.04.2012;10:40:39;1018.1;4.165;70.1;5.8
2012;22.04.2012;11:00:39;1018.1;4.283;70.6;6.1
2012;22.04.2012;11:40:39;1018;4.117;60.4;7.8
2012;22.04.2012;12:00:39;1017.9;4.169;58.3;8.5
2012;22.04.2012;12:20:39;1017.9;3.508;47.8;8.9
2012;22.04.2012;12:40:39;1017.7;3.772;47.7;10
2012;22.04.2012;13:00:39;1017.6;3.75;47.1;10.1
2012;22.04.2012;13:20:39;1017.5;3.864;46.3;10.8
2012;22.04.2012;13:40:40;1017.4;3.738;44.8;10.8
2012;22.04.2012;14:00:39;1017.3;3.734;41.6;11.9
2012;22.04.2012;15:00:39;1016.9;3.419;37.6;12.1
2012;22.04.2012;16:00:39;1016.3;3.184;33;13
2012;22.04.2012;16:20:39;1016.1;2.952;30.2;13.2
2012;22.04.2012;17:00:42;1015.7;3.213;32;13.6
2012;22.04.2012;17:20:39;1015.5;3.052;30.2;13.7
2012;22.04.2012;17:40:39;1015.3;3.112;30;14.1
2012;22.04.2012;18:00:39;1015.1;3.123;29.9;14.2
2012;22.04.2012;18:40:39;1014.9;2.923;27.1;14.7
2012;22.04.2012;19:00:39;1014.8;2.851;26.6;14.6
2012;22.04.2012;19:20:39;1014.7;2.694;25.3;14.5
2012;22.04.2012;19:40:39;1014.7;3.123;29.7;14.3
2012;22.04.2012;20:00:39;1014.7;3.884;38.1;13.8
2012;22.04.2012;20:20:41;1014.7;2.859;29.6;13
2012;22.04.2012;20:40:38;1014.8;4.806;51.6;12.4
2012;22.04.2012;21:00:39;1014.9;4.61;52.2;11.6
2012;22.04.2012;21:20:38;1015.1;4.44;54.1;10.5
2012;22.04.2012;21:40:39;1015.1;4.137;51.8;10.1
2012;22.04.2012;22:00:39;1015.1;4.307;52.5;10.5
2012;22.04.2012;22:20:39;1015.2;3.956;48.9;10.3
2012;22.04.2012;22:40:39;1015.2;3.737;46.2;10.3
2012;22.04.2012;23:00:40;1015.1;3.906;50.6;9.6
2012;22.04.2012;23:20:38;1015.2;3.921;56.6;8
2012;22.04.2012;23:40:39;1015.2;4.068;58.3;8.1
2012;23.04.2012;00:00:39;1015.1;4.124;58.7;8.2
2012;23.04.2012;00:20:40;1015.2;4.186;60.4;8
2012;23.04.2012;00:40:40;1015.2;4.209;59.1;8.4
2012;23.04.2012;01:00:40;1015.2;4.051;63.9;6.7
2012;23.04.2012;01:20:40;1015.3;4.048;64.3;6.6
2012;23.04.2012;01:40:39;1015.2;3.985;63.3;6.6
2012;23.04.2012;02:00:39;1015.1;3.889;60.1;7
2012;23.04.2012;02:20:40;1015;3.891;58.9;7.3
2012;23.04.2012;02:40:39;1014.9;3.798;59.5;6.8
2012;23.04.2012;03:00:39;1014.8;3.877;63.3;6.2
2012;23.04.2012;03:20:41;1014.7;3.922;69.1;5.1
2012;23.04.2012;03:40:40;1014.6;3.953;63.2;6.5
2012;23.04.2012;04:00:39;1014.6;3.901;65;5.9
2012;23.04.2012;04:20:39;1014.6;3.922;65.8;5.8
2012;23.04.2012;04:40:40;1014.5;4.004;66.7;5.9
2012;23.04.2012;05:00:39;1014.4;3.976;66.7;5.8
2012;23.04.2012;05:20:41;1014.4;4.173;69.5;5.9
2012;23.04.2012;05:40:39;1014.4;4.191;69.8;5.9
2012;23.04.2012;06:00:38;1014.4;4.17;71.4;5.5
2012;23.04.2012;06:20:39;1014.4;4.217;72.7;5.4
2012;23.04.2012;06:40:39;1014.5;4.27;73.1;5.5
2012;23.04.2012;07:00:39;1014.6;4.252;72.8;5.5
2012;23.04.2012;07:00:39;1014.6;4.252;72.8;5.5
2012;24.04.2012;22:00:39;1010.5;7.553;77.8;12.9
2012;24.04.2012;22:20:39;1010.4;7.55;79.3;12.6
2012;24.04.2012;22:40:39;1010.3;7.51;79.4;12.5
2012;24.04.2012;23:00:39;1010.3;7.463;78.9;12.5
2012;24.04.2012;23:20:39;1010.2;7.41;79.9;12.2
2012;24.04.2012;23:40:39;1010;7.393;81.3;11.9
2012;25.04.2012;00:00:39;1009.9;7.399;81.9;11.8
2012;25.04.2012;00:20:39;1009.8;7.45;81.9;11.9
2012;25.04.2012;00:40:40;1009.7;7.419;82.1;11.8
2012;25.04.2012;01:00:39;1009.5;7.358;82.5;11.6
2012;25.04.2012;01:20:39;1009.3;7.373;83.2;11.5
2012;25.04.2012;01:40:39;1009.1;7.401;83.5;11.5
2012;25.04.2012;02:00:39;1008.9;7.475;86;11.2
2012;25.04.2012;02:20:39;1008.8;7.557;87.5;11.1
2012;25.04.2012;02:40:39;1008.7;7.5;88;10.9
2012;25.04.2012;03:20:39;1008.4;7.403;88.6;10.6
2012;25.04.2012;03:40:39;1008.2;7.38;89.5;10.4
2012;25.04.2012;04:00:38;1008;7.373;90;10.3
2012;25.04.2012;04:20:39;1007.9;7.391;90.2;10.3
2012;25.04.2012;04:40:39;1007.7;7.351;90.3;10.2
2012;25.04.2012;05:00:39;1007.6;7.376;91.2;10.1
2012;25.04.2012;05:20:38;1007.4;7.419;91.1;10.2
2012;25.04.2012;06:00:39;1007.3;7.52;91.1;10.4
2012;25.04.2012;06:20:39;1007.3;7.563;90.4;10.6
2012;25.04.2012;07:00:39;1007.6;7.561;89.2;10.8
2012;25.04.2012;07:40:39;1008.2;7.53;88.3;10.9
2012;25.04.2012;08:00:39;1008.6;7.522;86.5;11.2
2012;25.04.2012;08:20:40;1008.7;7.355;83.5;11.4
2012;25.04.2012;08:40:39;1008.9;7.116;80.3;11.5
2012;25.04.2012;09:00:39;1009.1;7.088;77.4;12
2012;25.04.2012;09:20:40;1009.3;6.798;73.8;12.1
2012;25.04.2012;09:40:39;1009.4;6.426;71.2;11.8
2012;25.04.2012;10:00:39;1009.6;6.105;68.6;11.6
2012;25.04.2012;10:20:39;1009.8;6.458;73.5;11.4
2012;25.04.2012;10:40:39;1010;6.196;70.1;11.5
2012;25.04.2012;11:00:40;1010.2;6.021;68.6;11.4
2012;25.04.2012;11:20:40;1010.3;6.156;68.3;11.8
2012;25.04.2012;11:40:39;1010.3;6.126;66.2;12.2
2012;25.04.2012;12:00:39;1010.4;6.153;63.1;13
2012;25.04.2012;12:20:39;1010.4;5.971;58.9;13.6
2012;25.04.2012;12:40:39;1010.5;5.691;56.9;13.4
2012;25.04.2012;13:40:39;1010.8;6.204;64.9;12.7
2012;25.04.2012;14:20:39;1011.4;5.834;64.4;11.9
2012;25.04.2012;14:40:39;1011.5;5.449;61.4;11.6
2012;25.04.2012;15:00:39;1011.5;5.601;63.1;11.6
2012;25.04.2012;15:20:39;1011.6;5.639;62.7;11.8
2012;25.04.2012;15:40:41;1011.7;5.722;63.2;11.9
2012;25.04.2012;16:00:40;1011.9;5.9;64.3;12.1
2012;25.04.2012;16:20:39;1012;6.072;66.6;12
2012;25.04.2012;16:40:39;1012;6.394;70.1;12
2012;25.04.2012;17:20:39;1012.3;6.592;75.7;11.3
2012;25.04.2012;17:40:39;1012.4;6.707;75.5;11.6
2012;25.04.2012;18:00:39;1012.5;6.662;75;11.6
2012;25.04.2012;18:20:40;1012.6;6.424;71.4;11.8
2012;25.04.2012;18:40:39;1012.7;6.25;69.5;11.8
2012;25.04.2012;19:20:39;1013;6.194;68;12
2012;25.04.2012;19:40:39;1013.2;6.211;68.2;12
2012;25.04.2012;20:00:40;1013.4;6.217;70.1;11.6
2012;25.04.2012;20:20:41;1013.6;6.338;71;11.7
2012;25.04.2012;20:40:39;1013.8;6.288;71.4;11.5
2012;25.04.2012;21:00:40;1014;6.274;72.2;11.3
2012;25.04.2012;21:20:39;1014.2;6.388;76;10.8
2012;25.04.2012;22:00:40;1014.7;6.127;72;11
2012;25.04.2012;22:20:39;1015;5.985;71.3;10.8
2012;25.04.2012;22:40:39;1015.1;5.934;73.6;10.2
2012;25.04.2012;23:00:39;1015.2;5.828;70.4;10.6
2012;25.04.2012;23:20:41;1015.3;5.708;69.9;10.4
2012;25.04.2012;23:40:39;1015.4;5.698;68.4;10.7
2012;26.04.2012;00:00:41;1015.5;5.609;66.9;10.8
2012;26.04.2012;00:20:39;1015.6;5.645;66;11.1
2012;26.04.2012;00:40:40;1015.7;5.615;66.1;11
2012;26.04.2012;01:00:40;1015.8;5.518;65.4;10.9
2012;26.04.2012;01:20:40;1015.9;5.528;65.1;11
2012;26.04.2012;01:40:39;1016;5.682;66.9;11
2012;26.04.2012;02:00:39;1016.1;5.63;66.3;11
2012;26.04.2012;02:20:40;1016.1;5.609;66.5;10.9
2012;26.04.2012;02:40:40;1016.3;5.56;65.5;11
2012;26.04.2012;03:00:40;1016.4;5.589;65.4;11.1
2012;26.04.2012;03:20:39;1016.6;5.533;65.2;11
2012;26.04.2012;03:40:41;1016.7;5.728;69.3;10.6
2012;26.04.2012;04:00:39;1016.8;5.755;70.1;10.5
2012;26.04.2012;04:20:39;1016.9;5.614;67.5;10.7
2012;26.04.2012;04:40:41;1017;5.567;66.5;10.8
2012;26.04.2012;05:00:40;1017.1;5.404;65;10.7
2012;26.04.2012;05:20:39;1017.1;5.408;64.2;10.9
2012;26.04.2012;05:40:40;1017.2;5.427;64;11
2012;26.04.2012;06:00:39;1017.3;5.413;64.7;10.8
2012;26.04.2012;06:20:39;1017.5;5.438;65;10.8
2012;26.04.2012;06:40:39;1017.8;5.447;66;10.6
2012;26.04.2012;07:00:39;1018.1;5.47;66.3;10.6
2012;26.04.2012;07:20:40;1018.3;5.506;68.1;10.3
2012;26.04.2012;07:40:39;1018.6;5.557;69.2;10.2
2012;26.04.2012;08:00:39;1018.8;5.662;68.2;10.7
2012;26.04.2012;08:20:39;1019;5.649;67.6;10.8
2012;26.04.2012;08:40:39;1019.1;5.712;67.9;10.9
2012;26.04.2012;09:20:40;1019.3;5.732;64.2;11.8
2012;26.04.2012;09:40:39;1019.4;5.721;61.2;12.5
2012;26.04.2012;10:00:39;1019.4;5.612;58.5;12.9
2012;26.04.2012;10:40:39;1019.6;5.811;59;13.3
2012;26.04.2012;11:00:39;1019.7;5.683;56.6;13.6
2012;26.04.2012;11:20:39;1019.8;5.655;55.6;13.8
2012;26.04.2012;11:40:39;1019.8;5.996;63.3;12.7
2012;26.04.2012;12:00:39;1019.8;6.392;69.7;12.2
2012;26.04.2012;12:20:39;1019.8;6.497;69.9;12.4
2012;26.04.2012;12:40:39;1019.7;6.367;66.3;12.9
2012;26.04.2012;13:00:39;1019.6;6.446;68;12.7
2012;26.04.2012;13:20:40;1019.5;6.188;63.6;13.1
2012;26.04.2012;13:40:39;1019.3;6.282;63.3;13.4
2012;26.04.2012;14:00:39;1019.2;6.339;64.7;13.2
2012;26.04.2012;14:20:39;1019.1;6.525;63.6;13.9
2012;26.04.2012;14:40:39;1019;6.501;64.2;13.7
2012;26.04.2012;15:00:39;1019;6.759;65;14.1
2012;26.04.2012;15:20:39;1018.9;6.631;64.2;14
2012;26.04.2012;15:40:42;1018.8;6.274;57.7;14.8
2012;26.04.2012;16:00:39;1018.7;6.529;60.8;14.6
2012;26.04.2012;16:20:41;1018.7;5.883;53.1;15.1
2012;26.04.2012;17:00:39;1018.6;6.245;57.8;14.7
2012;26.04.2012;17:20:40;1018.7;5.854;50.2;15.9
2012;26.04.2012;17:40:41;1018.7;5.677;49;15.8
2012;26.04.2012;18:20:40;1018.6;5.884;51.1;15.7
2012;26.04.2012;18:40:40;1018.5;5.571;48.4;15.7
2012;26.04.2012;19:00:40;1018.5;5.362;47.2;15.5
2012;26.04.2012;19:20:39;1018.3;5.581;51.7;14.7
2012;26.04.2012;20:20:39;1018.4;5.39;49.3;14.9
2012;26.04.2012;20:40:40;1018.4;5.508;50.7;14.8
2012;26.04.2012;21:00:42;1018.3;5.958;56.6;14.3
2012;26.04.2012;21:20:40;1018.3;5.874;56.9;14
2012;26.04.2012;21:40:39;1018.3;5.959;61.2;13.1
2012;26.04.2012;22:00:39;1018.2;5.919;62;12.8
2012;26.04.2012;22:20:39;1018.1;5.766;61.6;12.5
2012;26.04.2012;23:00:39;1018.1;5.684;63.6;11.8
2012;26.04.2012;23:20:40;1018.1;5.863;68.7;11.1
2012;26.04.2012;23:40:40;1018.1;5.627;63.8;11.6
2012;27.04.2012;00:00:45;1018.2;6.014;71.4;10.9
2012;27.04.2012;00:20:40;1018.3;6.462;79.8;10.3
2012;27.04.2012;00:40:39;1018.3;6.168;78.8;9.8
2012;27.04.2012;01:00:40;1018.3;6.108;77;10
2012;27.04.2012;01:40:41;1018;5.846;73.7;10
2012;27.04.2012;02:00:39;1018;6.072;78.6;9.6
2012;27.04.2012;02:20:41;1017.9;6.018;79.5;9.3
2012;27.04.2012;02:40:40;1018;5.815;74.3;9.8
2012;27.04.2012;03:00:39;1018;5.926;75.2;9.9
2012;27.04.2012;03:20:40;1018;5.705;74.9;9.4
2012;27.04.2012;03:40:39;1018;5.804;76.7;9.3
2012;27.04.2012;04:00:39;1018;5.83;75.5;9.6
2012;27.04.2012;04:20:40;1018.3;5.852;73.8;10
2012;27.04.2012;04:40:41;1018.7;5.841;73.2;10.1
2012;27.04.2012;05:00:39;1019;5.904;74;10.1
2012;27.04.2012;05:20:42;1019.1;6.093;79.5;9.5
2012;27.04.2012;05:40:39;1019.3;6.174;81.1;9.4
2012;27.04.2012;06:00:39;1019.3;6.182;81.2;9.4
2012;27.04.2012;06:20:40;1019.1;6.463;86;9.2
2012;27.04.2012;06:40:41;1019.4;6.553;87.2;9.2
2012;27.04.2012;07:00:38;1019.4;6.614;88.6;9.1
2012;27.04.2012;07:20:39;1019.2;6.775;89.5;9.3
2012;27.04.2012;07:40:39;1019.4;6.992;90.5;9.6
2012;27.04.2012;08:00:39;1019.3;6.992;89.9;9.7
2012;27.04.2012;08:40:40;1019.5;7.352;82.7;11.7
2012;27.04.2012;09:20:39;1019.9;7.195;87.7;10.5
2012;27.04.2012;09:40:39;1020.2;7.35;89;10.6
2012;27.04.2012;10:00:39;1020.5;7.064;77.5;12.1
2012;27.04.2012;10:20:39;1020.8;6.728;73.4;12.2
2012;27.04.2012;10:40:39;1021.1;6.657;74.1;11.9
2012;27.04.2012;11:00:39;1021.3;6.701;74.1;12
2012;27.04.2012;11:20:39;1021.5;6.626;73.3;12
2012;27.04.2012;12:00:39;1021.9;6.834;76.1;11.9
2012;27.04.2012;12:20:39;1022;6.857;77.9;11.6
2012;27.04.2012;12:40:40;1022.1;6.885;77.7;11.7
2012;27.04.2012;13:00:40;1022.2;7.002;78.5;11.8
2012;27.04.2012;14:00:39;1022.2;7.192;78.5;12.2
2012;27.04.2012;14:20:39;1022.3;7.294;81.2;11.9
2012;27.04.2012;14:40:39;1022.2;7.138;81.6;11.5
2012;27.04.2012;15:20:39;1022.2;7.147;83.9;11.1
2012;27.04.2012;15:40:39;1022.2;7.1;89.1;10.1
2012;27.04.2012;16:00:39;1022.4;7.426;89.5;10.7
2012;27.04.2012;16:20:39;1022.5;7.314;87.6;10.8
2012;27.04.2012;16:40:39;1022.6;7.071;82.5;11.2
2012;27.04.2012;17:00:39;1022.7;6.876;80.8;11.1
2012;27.04.2012;17:20:39;1022.7;7.001;83.9;10.8
2012;27.04.2012;17:40:40;1022.7;7.238;85;11.1
2012;27.04.2012;18:00:39;1022.7;7.056;81.8;11.3
2012;27.04.2012;18:20:39;1022.8;7.086;83.8;11
2012;27.04.2012;18:40:39;1022.8;7.191;85.6;10.9
2012;27.04.2012;19:20:39;1022.8;6.819;82.3;10.7
2012;27.04.2012;19:40:39;1022.8;6.705;80.4;10.8
2012;27.04.2012;20:00:39;1022.9;6.76;82.7;10.5
2012;27.04.2012;20:40:38;1023.1;6.607;79.8;10.7
2012;27.04.2012;21:20:40;1023.4;6.605;79.8;10.7
2012;27.04.2012;21:40:39;1023.6;6.522;78.3;10.8
2012;27.04.2012;22:00:39;1023.8;6.574;78.4;10.9
2012;27.04.2012;22:40:39;1024.2;6.477;84.3;9.6
2012;27.04.2012;23:00:39;1024.3;6.6;85.9;9.6
2012;27.04.2012;23:20:41;1024.4;6.607;86;9.6
2012;27.04.2012;23:40:40;1024.6;6.628;85.7;9.7
2012;28.04.2012;00:00:39;1024.6;6.693;88.3;9.4
2012;28.04.2012;00:20:40;1024.6;6.677;87.5;9.5
2012;28.04.2012;00:40:39;1024.6;6.607;86.6;9.5
2012;28.04.2012;01:00:39;1024.6;6.544;85.2;9.6
2012;28.04.2012;01:20:39;1024.6;6.513;88.3;9
2012;28.04.2012;01:40:40;1024.6;6.595;89.4;9
2012;28.04.2012;02:00:39;1024.6;6.557;90.1;8.8
2012;28.04.2012;02:20:39;1024.5;6.543;89.9;8.8
2012;28.04.2012;02:40:40;1024.5;6.557;90.7;8.7
2012;28.04.2012;03:00:39;1024.4;6.611;90.2;8.9
2012;28.04.2012;03:20:39;1024.3;6.476;90.8;8.5
2012;28.04.2012;03:40:39;1024.3;6.463;88.8;8.8
2012;28.04.2012;04:00:39;1024.3;6.484;90.3;8.6
2012;28.04.2012;04:20:39;1024.2;6.527;91.5;8.5
2012;28.04.2012;04:40:39;1024.2;6.549;91.8;8.5
2012;28.04.2012;05:00:39;1024.1;6.631;92.3;8.6
2012;28.04.2012;05:20:39;1024.1;6.489;92.2;8.3
2012;28.04.2012;05:40:39;1024.2;6.449;92.9;8.1
2012;28.04.2012;06:00:38;1024.3;6.594;93.7;8.3
2012;28.04.2012;06:20:39;1024.3;6.565;93.3;8.3
2012;28.04.2012;06:40:38;1024.4;6.558;93.2;8.3
2012;28.04.2012;07:00:40;1024.6;6.512;93.2;8.2
2012;28.04.2012;07:20:39;1024.8;6.489;92.9;8.2
2012;28.04.2012;07:40:39;1025;6.502;93.1;8.2
2012;28.04.2012;08:00:39;1025.1;6.575;93.5;8.3
2012;28.04.2012;08:20:39;1025;6.575;93.5;8.3
2012;28.04.2012;08:40:39;1025;6.782;93.2;8.8
2012;28.04.2012;09:00:39;1025;6.656;92.1;8.7
2012;28.04.2012;09:20:39;1025;6.609;92.7;8.5
2012;28.04.2012;09:40:39;1025;6.824;92.5;9
2012;28.04.2012;10:00:39;1025;6.794;92.1;9
2012;28.04.2012;10:20:39;1025;6.945;89.2;9.8
2012;28.04.2012;10:40:39;1025;6.733;86.5;9.8
2012;28.04.2012;11:00:39;1024.9;6.882;80.5;11.2
2012;28.04.2012;11:20:39;1024.9;6.798;79;11.3
2012;28.04.2012;11:40:39;1024.8;6.761;79.1;11.2
2012;28.04.2012;12:00:40;1024.8;6.777;76.7;11.7
2012;28.04.2012;12:20:39;1024.8;6.952;76.1;12.2
2012;28.04.2012;12:40:39;1024.8;7.04;73.6;12.9
2012;28.04.2012;13:00:39;1024.7;6.95;74.1;12.6
2012;28.04.2012;13:20:39;1024.7;6.803;69.3;13.3
2012;28.04.2012;13:40:39;1024.6;6.709;67.9;13.4
2012;28.04.2012;14:00:39;1024.5;6.723;67.6;13.5
2012;28.04.2012;14:40:39;1024.3;7.076;64.1;15.1
2012;28.04.2012;15:20:39;1024;6.976;64;14.9
2012;28.04.2012;15:40:39;1023.9;6.713;58.9;15.6
2012;28.04.2012;16:00:40;1023.8;7.04;59.4;16.2
2012;28.04.2012;16:20:39;1023.6;6.163;49.8;16.9
2012;28.04.2012;16:40:39;1023.4;5.73;44.6;17.5
2012;28.04.2012;17:00:40;1023.3;5.79;47.7;16.6
2012;28.04.2012;17:20:39;1023.2;5.742;47.3;16.6
2012;28.04.2012;17:40:40;1023.1;6.525;53;16.8
2012;28.04.2012;18:20:38;1023;5.502;44.2;17
2012;28.04.2012;18:40:39;1022.9;6.03;50.6;16.3
2012;28.04.2012;19:20:39;1022.8;5.854;48.2;16.6
2012;28.04.2012;19:40:44;1022.8;6;49.7;16.5
2012;28.04.2012;20:20:39;1022.9;5.962;49.4;16.5
2012;28.04.2012;21:20:40;1023.6;6.43;54.3;16.2
2012;28.04.2012;21:40:39;1023.7;6.888;63.6;14.8
2012;28.04.2012;22:00:41;1023.8;6.937;65.3;14.5
2012;28.04.2012;22:40:39;1024.1;6.865;61.8;15.2
2012;28.04.2012;23:00:40;1024.2;6.895;64.1;14.7
2012;28.04.2012;23:20:39;1024.3;7.044;65.9;14.6
2012;28.04.2012;23:40:39;1024.3;7.136;70.3;13.8
2012;29.04.2012;00:00:40;1024.2;7.156;73.3;13.2
2012;29.04.2012;00:20:40;1024.2;7.097;72.7;13.2
2012;29.04.2012;00:40:40;1024.1;6.62;64;14.1
2012;29.04.2012;01:00:39;1024.1;6.982;67.9;14
2012;29.04.2012;01:20:41;1024;7.122;72;13.4
2012;29.04.2012;01:40:41;1024;7.278;75.5;13
2012;29.04.2012;02:00:40;1023.9;7.333;78.6;12.5
2012;29.04.2012;02:20:40;1023.9;7.376;77;12.9
2012;29.04.2012;02:40:39;1023.9;7.318;75.9;13
2012;29.04.2012;03:00:40;1023.8;7.156;72.8;13.3
2012;29.04.2012;03:20:40;1023.6;7.342;79.7;12.3
2012;29.04.2012;03:40:40;1023.4;7.369;77.4;12.8
2012;29.04.2012;04:00:39;1023.4;7.423;79.5;12.5
2012;29.04.2012;04:20:39;1023.3;7.41;77.3;12.9
2012;29.04.2012;04:40:39;1023.2;7.332;77;12.8
2012;29.04.2012;05:00:39;1023.3;7.377;82.2;11.9
2012;29.04.2012;05:20:40;1023.4;7.268;81;11.9
2012;29.04.2012;05:40:42;1023.4;7.246;81.3;11.8
2012;29.04.2012;06:00:39;1023.5;7.361;79.9;12.3
2012;29.04.2012;06:20:40;1023.5;7.294;79.7;12.2
2012;29.04.2012;06:40:40;1023.5;7.399;83;11.8
2012;29.04.2012;07:00:44;1023.5;7.47;84.9;11.6
2012;29.04.2012;07:20:39;1023.5;7.354;79.3;12.4
2012;29.04.2012;07:40:39;1023.6;7.52;82.7;12.1
2012;29.04.2012;08:00:41;1023.7;7.378;80.1;12.3
2012;29.04.2012;08:20:39;1023.8;7.448;79.8;12.5
2012;29.04.2012;08:40:39;1023.9;7.525;80.1;12.6
2012;29.04.2012;09:00:39;1024.1;7.402;74.8;13.4
2012;29.04.2012;09:20:39;1024.1;7.472;77.5;13
2012;29.04.2012;09:40:39;1024.2;7.598;83.6;12.1
2012;29.04.2012;10:00:40;1024;7.693;83.5;12.3
2012;29.04.2012;10:20:39;1024;7.804;82.5;12.7
2012;29.04.2012;10:40:39;1024;7.748;79.8;13.1
2012;29.04.2012;11:00:39;1024;7.503;72.9;14
2012;29.04.2012;11:20:39;1024;7.382;69.9;14.4
2012;29.04.2012;11:40:40;1023.9;7.272;65.4;15.2
2012;29.04.2012;12:00:39;1023.7;7.568;69.8;14.8
2012;29.04.2012;12:20:39;1023.6;7.424;63.4;16
2012;29.04.2012;12:40:40;1023.5;7.306;59.3;16.8
2012;29.04.2012;13:00:40;1023.4;7.127;55.7;17.4
2012;29.04.2012;13:20:39;1023.3;6.788;51.1;18
2012;29.04.2012;13:40:39;1023.2;6.139;44;18.8
2012;29.04.2012;14:00:40;1023.1;6.311;45.5;18.7
2012;29.04.2012;14:20:39;1023.1;7.049;49.2;19.2
2012;29.04.2012;14:40:40;1023;6.962;49.2;19
2012;29.04.2012;15:00:40;1022.8;6.876;47.1;19.5
2012;29.04.2012;15:20:39;1022.7;7.408;57.1;17.6
2012;29.04.2012;15:40:39;1022.5;6.129;39.5;20.5
2012;29.04.2012;16:00:39;1022.3;6.326;40.5;20.6
2012;29.04.2012;16:20:39;1022.2;5.713;38.7;19.7
2012;29.04.2012;16:40:39;1022;5.981;37.6;20.9
2012;29.04.2012;17:00:40;1021.9;6.057;39.5;20.3
2012;29.04.2012;17:20:40;1021.8;6.088;37.1;21.4
2012;29.04.2012;17:40:39;1021.7;5.846;35.2;21.6
2012;29.04.2012;18:00:39;1021.6;5.947;35.8;21.6
2012;29.04.2012;18:20:41;1021.5;5.978;37.1;21.1
2012;29.04.2012;18:40:39;1021.4;5.824;36.6;20.9
2012;29.04.2012;19:00:39;1021.3;6.14;38.8;20.8
2012;29.04.2012;19:20:39;1021.3;5.983;39;20.3
2012;29.04.2012;20:00:39;1021.2;5.668;38.6;19.6
2012;29.04.2012;20:20:39;1021.2;5.875;39.5;19.8
2012;29.04.2012;20:40:38;1021.2;5.965;40.6;19.6
2012;29.04.2012;21:00:40;1021.3;6.207;42.5;19.5
2012;29.04.2012;21:20:41;1021.3;6.465;47.4;18.4
2012;29.04.2012;21:40:39;1021.4;6.438;48.1;18.1
2012;29.04.2012;22:00:39;1021.5;6.959;54.3;17.4
2012;29.04.2012;22:20:39;1021.5;7.694;64.3;16.3
2012;29.04.2012;22:40:39;1021.6;7.774;67.5;15.7
2012;29.04.2012;23:00:40;1021.6;6.978;56.2;16.9
2012;29.04.2012;23:20:39;1021.6;6.569;55;16.3
2012;29.04.2012;23:40:40;1021.6;6.684;55.6;16.4
2012;30.04.2012;00:00:40;1021.6;6.827;61.7;15.1
2012;30.04.2012;00:20:39;1021.5;6.622;59.1;15.3
2012;30.04.2012;00:40:39;1021.6;7.44;72.6;13.9
2012;30.04.2012;01:00:41;1021.7;6.847;68.2;13.6
2012;30.04.2012;01:20:39;1021.7;6.717;65.2;14
2012;30.04.2012;01:40:39;1021.8;6.696;65;14
2012;30.04.2012;02:00:39;1021.7;6.527;64.2;13.8
2012;30.04.2012;02:20:39;1021.7;6.902;72.9;12.7
2012;30.04.2012;02:40:39;1021.6;6.578;66.4;13.4
2012;30.04.2012;03:00:39;1021.6;6.781;75;12
2012;30.04.2012;03:20:39;1021.5;6.53;71.3;12.2
2012;30.04.2012;03:40:39;1021.5;6.762;79.9;11
2012;30.04.2012;04:00:39;1021.4;6.594;74.4;11.7
2012;30.04.2012;04:20:39;1021.3;6.891;79.8;11.3
2012;30.04.2012;04:40:39;1021.3;6.765;81;10.8
2012;30.04.2012;05:00:39;1021.2;6.664;81.4;10.5
2012;30.04.2012;05:20:39;1021.1;6.655;78.1;11.1
2012;30.04.2012;05:40:39;1021;6.524;79.7;10.5
2012;30.04.2012;06:00:39;1021;6.471;78;10.7
2012;30.04.2012;06:20:39;1020.9;6.44;76.1;11
2012;30.04.2012;06:40:39;1020.9;6.536;74.7;11.5
2012;30.04.2012;07:00:39;1020.9;6.38;75.9;10.9
2012;30.04.2012;07:20:39;1020.8;6.659;79.7;10.8
2012;30.04.2012;07:40:39;1020.7;6.722;79.9;10.9
2012;30.04.2012;08:00:39;1020.6;6.692;78.5;11.1
2012;30.04.2012;08:20:39;1020.5;7.068;79.1;11.8
2012;30.04.2012;08:40:38;1020.5;7.277;81.4;11.8
2012;30.04.2012;09:00:39;1020.4;7.412;81.8;12
2012;30.04.2012;09:20:39;1020.3;7.431;77.8;12.8
2012;30.04.2012;09:40:39;1020.2;7.322;74.2;13.3
2012;30.04.2012;10:00:40;1020.1;7.202;70.2;13.9
2012;30.04.2012;10:20:39;1020;6.985;68.1;13.9
2012;30.04.2012;11:00:40;1019.9;7.173;69;14.1
2012;30.04.2012;11:20:39;1019.7;7.027;64.2;14.9
2012;30.04.2012;11:40:39;1019.6;7.135;63.5;15.3
2012;30.04.2012;12:00:39;1019.5;7.307;64.6;15.4
2012;30.04.2012;12:20:40;1019.3;7.377;65.2;15.4
2012;30.04.2012;12:40:39;1019.2;7.284;58.5;16.9
2012;30.04.2012;13:00:39;1019;7.697;56.9;18.2
2012;30.04.2012;13:20:39;1018.8;7.297;55;17.9
2012;30.04.2012;13:40:39;1018.6;7.185;49.3;19.4
2012;30.04.2012;14:00:38;1018.5;7.22;45.7;20.7
2012;30.04.2012;14:20:38;1018.3;7.472;46.4;21
2012;30.04.2012;14:40:39;1018.1;6.825;39.9;22
2012;30.04.2012;15:00:40;1018;7.555;45.2;21.6
2012;30.04.2012;15:20:39;1017.8;7.409;44.6;21.5
2012;30.04.2012;15:40:39;1017.6;6.673;36.7;23
2012;30.04.2012;16:00:40;1017.4;7.069;39.8;22.6
2012;30.04.2012;16:20:39;1017.2;7.321;41.2;22.6
2012;30.04.2012;16:40:40;1017.1;5.667;29.2;24.1
2012;30.04.2012;17:00:38;1016.9;5.398;27;24.6
2012;30.04.2012;17:20:40;1016.7;6.181;32.2;23.9
2012;30.04.2012;17:40:39;1016.6;5.788;30.9;23.5
2012;30.04.2012;18:00:39;1016.4;5.938;31.5;23.6
2012;30.04.2012;18:20:39;1016.3;6.484;35.2;23.2
2012;30.04.2012;18:40:39;1016.2;6.038;33.2;23
2012;30.04.2012;19:00:39;1016.1;5.621;30;23.5
2012;30.04.2012;19:20:39;1016;5.74;31;23.3
2012;30.04.2012;19:40:39;1015.8;5.366;28.3;23.7
2012;30.04.2012;20:20:39;1015.6;4.916;26.9;23.1
2012;30.04.2012;20:40:39;1015.5;4.846;27.5;22.5
2012;30.04.2012;21:00:39;1015.5;6.685;40.2;21.5
2012;30.04.2012;21:20:39;1015.6;6.692;41.5;21
2012;30.04.2012;21:40:39;1015.7;7.369;50.4;19.4
2012;30.04.2012;22:00:39;1015.8;7.071;47.5;19.7
2012;30.04.2012;22:20:40;1015.9;7.996;58.9;18.2
2012;30.04.2012;23:00:39;1016;7.318;55;17.9
2012;30.04.2012;23:20:39;1016;7.384;54.8;18.1
2012;30.04.2012;23:40:39;1016.1;7.43;56.9;17.6
