2012;01.05.2012;00:00:40;1016.1;7.439;58.8;17.1
2012;01.05.2012;00:20:39;1016;7.373;59.4;16.8
2012;01.05.2012;00:40:39;1016;7.997;68.6;15.8
2012;01.05.2012;01:00:40;1016;7.793;67.3;15.7
2012;01.05.2012;01:20:39;1016;7.804;68.7;15.4
2012;01.05.2012;01:40:40;1015.9;7.497;65.6;15.5
2012;01.05.2012;02:20:40;1015.8;7.383;68.9;14.5
2012;01.05.2012;02:40:39;1015.8;7.375;72.5;13.7
2012;01.05.2012;03:00:39;1015.8;7.064;64.7;14.8
2012;01.05.2012;03:20:40;1015.8;7.009;64.2;14.8
2012;01.05.2012;03:40:39;1015.8;6.98;66.9;14.1
2012;01.05.2012;04:00:39;1015.9;7.205;73.2;13.2
2012;01.05.2012;04:20:39;1016.1;7.111;68.6;14
2012;01.05.2012;04:40:39;1016.2;7.161;70.9;13.6
2012;01.05.2012;05:00:40;1016.3;6.997;71.6;13.1
2012;01.05.2012;05:40:39;1016.6;6.741;71.8;12.5
2012;01.05.2012;06:00:39;1016.7;6.812;69.3;13.2
2012;01.05.2012;06:20:39;1016.8;6.784;70.4;12.9
2012;01.05.2012;06:40:39;1016.9;6.876;76.2;11.9
2012;01.05.2012;07:00:39;1017.1;7.098;75.1;12.6
2012;01.05.2012;07:20:38;1017.3;7.048;77.6;12
2012;01.05.2012;07:40:39;1017.4;7.137;79.1;11.9
2012;01.05.2012;08:00:40;1017.5;7.564;81.6;12.3
2012;01.05.2012;08:20:39;1017.6;7.999;81.3;13.2
2012;01.05.2012;08:40:39;1017.7;7.907;77.3;13.8
2012;01.05.2012;09:00:39;1017.7;8.043;77.1;14.1
2012;01.05.2012;09:20:39;1017.7;7.22;69.3;14.1
2012;01.05.2012;09:40:39;1017.7;7.58;69.5;14.8
2012;01.05.2012;10:00:39;1017.8;7.707;70.2;14.9
2012;01.05.2012;10:20:39;1017.8;7.662;63.8;16.3
2012;01.05.2012;10:40:39;1017.8;7.276;59.1;16.7
2012;01.05.2012;11:00:40;1017.8;7.366;58.7;17
2012;01.05.2012;11:20:39;1017.8;7.43;57;17.6
2012;01.05.2012;11:40:39;1017.7;7.582;54.6;18.6
2012;01.05.2012;12:00:39;1017.7;7.67;54.2;18.9
2012;01.05.2012;12:40:39;1017.5;7.031;48.5;19.3
2012;01.05.2012;13:20:39;1017.2;7.562;50.2;19.9
2012;01.05.2012;13:40:39;1017;8.084;50.4;20.9
2012;01.05.2012;14:00:39;1016.9;7.934;43;23.2
2012;01.05.2012;14:20:39;1016.8;7.099;37.6;23.6
2012;01.05.2012;14:40:39;1016.7;6.9;35.9;23.9
2012;01.05.2012;15:00:39;1016.5;7.279;39;23.4
2012;01.05.2012;15:20:39;1016.4;7.337;38.6;23.7
2012;01.05.2012;15:40:38;1016.3;7.276;35.2;25.1
2012;01.05.2012;16:00:39;1016.2;6.858;34.2;24.6
2012;01.05.2012;16:20:39;1016;6.751;32.1;25.4
2012;01.05.2012;16:40:39;1015.9;7.006;33.1;25.5
2012;01.05.2012;17:00:39;1015.8;7.157;33.8;25.5
2012;01.05.2012;17:20:39;1015.7;6.566;29.6;26.3
2012;01.05.2012;18:00:39;1015.5;5.751;25.2;26.8
2012;01.05.2012;18:40:39;1015.4;6.07;28.2;25.8
2012;01.05.2012;19:00:39;1015.4;6.092;27.8;26.1
2012;01.05.2012;19:20:39;1015.4;5.673;25.3;26.5
2012;01.05.2012;20:00:39;1015.4;5.789;29.6;24.2
2012;01.05.2012;20:40:39;1015.6;6.744;35.7;23.6
2012;01.05.2012;21:00:41;1015.7;7.42;40.2;23.2
2012;01.05.2012;21:20:39;1016;9.184;57.1;20.9
2012;01.05.2012;21:40:39;1016.2;7.202;42;22
2012;01.05.2012;22:00:38;1016.3;7.233;44.3;21.2
2012;01.05.2012;22:20:39;1016.5;7.159;44.4;21
2012;01.05.2012;22:40:39;1016.6;8.153;55.4;19.5
2012;01.05.2012;23:00:39;1016.7;8.119;58;18.7
2012;01.05.2012;23:20:39;1016.8;7.19;46;20.5
2012;01.05.2012;23:40:39;1016.9;7.508;51.4;19.4
2012;02.05.2012;00:00:39;1017;8.429;63.7;17.8
2012;02.05.2012;00:20:40;1017.1;7.687;57.8;17.9
2012;02.05.2012;00:40:39;1017.2;7.484;56.3;17.9
2012;02.05.2012;01:00:39;1017.3;7.474;57.3;17.6
2012;02.05.2012;01:20:39;1017.4;7.84;63.6;16.7
2012;02.05.2012;01:40:39;1017.3;8.916;75.5;16
2012;02.05.2012;02:00:39;1017.4;7.928;63.5;16.9
2012;02.05.2012;02:20:39;1017.5;7.356;57.5;17.3
2012;02.05.2012;02:40:39;1017.4;7.929;71.7;15
2012;02.05.2012;03:00:39;1017.3;7.375;62.2;16.1
2012;02.05.2012;03:20:40;1017.3;7.327;61.8;16.1
2012;02.05.2012;03:40:39;1017.4;7.409;66.2;15.2
2012;02.05.2012;04:00:39;1017.4;7.4;65.7;15.3
2012;02.05.2012;04:20:39;1017.5;7.275;69.8;14.1
2012;02.05.2012;04:40:39;1017.4;7.39;68.2;14.7
2012;02.05.2012;05:00:39;1017.3;7.28;68.5;14.4
2012;02.05.2012;05:20:39;1017.3;7.205;66.5;14.7
2012;02.05.2012;05:40:41;1017.4;7.398;69.6;14.4
2012;02.05.2012;06:00:40;1017.4;7.18;69.8;13.9
2012;02.05.2012;06:20:39;1017.4;7.098;71.3;13.4
2012;02.05.2012;06:40:39;1017.5;7.256;71;13.8
2012;02.05.2012;07:00:39;1017.5;7.429;72.2;13.9
2012;02.05.2012;07:20:39;1017.7;7.401;69.2;14.5
2012;02.05.2012;07:40:39;1017.8;7.26;67.9;14.5
2012;02.05.2012;08:00:39;1017.9;7.763;69.8;15.1
2012;02.05.2012;08:20:40;1017.9;7.886;69.1;15.5
2012;02.05.2012;08:40:39;1018;8.128;71.2;15.5
2012;02.05.2012;09:00:39;1018.1;7.942;67.4;16
2012;02.05.2012;09:20:39;1018.1;8.299;69.5;16.2
2012;02.05.2012;09:40:40;1018.2;8.128;66.8;16.5
2012;02.05.2012;10:20:39;1018.2;7.872;63.1;16.9
2012;02.05.2012;10:40:40;1018.3;8.59;65.8;17.6
2012;02.05.2012;11:00:39;1018.2;8.215;59.5;18.5
2012;02.05.2012;11:20:39;1018.1;8.72;64.3;18.2
2012;02.05.2012;11:40:39;1018;7.9;57.6;18.4
2012;02.05.2012;12:00:41;1017.9;8.35;57.5;19.3
2012;02.05.2012;12:20:39;1017.8;8.081;54.3;19.7
2012;02.05.2012;12:40:39;1017.7;8.871;59.9;19.6
2012;02.05.2012;13:00:41;1017.6;8.335;50.4;21.4
2012;02.05.2012;13:20:40;1017.5;7.967;43.2;23.2
2012;02.05.2012;13:40:39;1017.4;8.146;47.2;22.1
2012;02.05.2012;14:00:39;1017.3;8.141;45.2;22.8
2012;02.05.2012;14:20:40;1017.2;8.352;45.8;23
2012;02.05.2012;14:40:42;1017.2;8.872;49.2;22.8
2012;02.05.2012;15:00:39;1017.3;7.446;38.5;24
2012;02.05.2012;15:20:41;1017.2;7.599;37;25
2012;02.05.2012;15:40:39;1017.2;6.865;32.1;25.7
2012;02.05.2012;16:00:39;1017.3;7.871;36.1;26
2012;02.05.2012;16:20:42;1017.3;8.193;36.9;26.3
2012;02.05.2012;17:00:39;1017.4;7.973;37;25.8
2012;02.05.2012;17:20:40;1017.5;5.647;23.8;27.5
2012;02.05.2012;17:40:39;1017.6;5.959;25.7;27.1
2012;02.05.2012;18:00:39;1017.7;6.229;26.7;27.2
2012;02.05.2012;18:20:40;1017.8;6.411;27.8;27
2012;02.05.2012;18:40:39;1018;6.523;29.3;26.4
2012;02.05.2012;19:00:39;1018.2;6.6;30.9;25.7
2012;02.05.2012;19:20:39;1018.2;6.464;31;25.3
2012;02.05.2012;19:40:39;1018.4;6.477;32.2;24.7
2012;02.05.2012;20:00:39;1018.4;6.403;32.8;24.2
2012;02.05.2012;20:20:39;1018.6;6.699;36;23.4
2012;02.05.2012;20:40:41;1018.8;6.65;36.4;23.1
2012;02.05.2012;21:00:39;1018.9;7.105;40.8;22.3
2012;02.05.2012;21:20:39;1019.1;6.509;36.3;22.8
2012;02.05.2012;21:40:39;1019.2;7.048;40;22.5
2012;02.05.2012;22:00:41;1019.4;8.65;55.7;20.4
2012;02.05.2012;22:20:41;1019.4;7.575;46.8;21.1
2012;02.05.2012;22:40:39;1019.5;7.867;50.1;20.6
2012;02.05.2012;23:00:39;1019.5;7.964;52.3;20.1
2012;02.05.2012;23:20:39;1019.5;7.456;48.4;20.3
2012;02.05.2012;23:40:40;1019.4;7.114;46.2;20.3
2012;03.05.2012;00:00:39;1019.3;8.213;57;19.2
2012;03.05.2012;00:20:41;1019.3;7.784;54.4;19.1
2012;03.05.2012;00:40:39;1019.2;7.854;54.2;19.3
2012;03.05.2012;01:00:40;1019.2;8.133;56.1;19.3
2012;03.05.2012;01:20:39;1019.1;7.742;54.1;19.1
2012;03.05.2012;01:40:40;1019;7.685;55.4;18.6
2012;03.05.2012;02:00:41;1018.8;7.927;61.6;17.4
2012;03.05.2012;02:20:39;1018.7;8.78;67.7;17.5
2012;03.05.2012;02:40:40;1018.7;8.482;67.1;17.1
2012;03.05.2012;03:00:39;1018.7;8.516;69.1;16.7
2012;03.05.2012;03:20:40;1018.8;7.688;60.9;17.1
2012;03.05.2012;03:40:40;1018.8;7.751;61.4;17.1
2012;03.05.2012;04:00:39;1018.9;7.484;58.2;17.4
2012;03.05.2012;04:20:40;1018.9;7.612;60.7;17
2012;03.05.2012;04:40:40;1018.7;7.779;62.8;16.8
2012;03.05.2012;05:00:39;1018.8;8.058;63.8;17.1
2012;03.05.2012;05:20:39;1019;8.039;65.3;16.7
2012;03.05.2012;05:40:39;1019.4;7.659;61.1;17
2012;03.05.2012;06:00:39;1019.9;7.758;62.3;16.9
2012;03.05.2012;06:20:39;1020.2;8.168;69;16.1
2012;03.05.2012;06:40:39;1020.4;8.409;73.8;15.5
2012;03.05.2012;07:00:40;1020.6;8.558;75.1;15.5
2012;03.05.2012;07:20:39;1020.7;8.57;75.7;15.4
2012;03.05.2012;07:40:39;1020.7;8.639;76.3;15.4
2012;03.05.2012;08:00:39;1020.8;8.685;77.7;15.2
2012;03.05.2012;08:20:39;1020.8;8.781;80.6;14.8
2012;03.05.2012;08:40:40;1020.8;8.691;80.3;14.7
2012;03.05.2012;09:00:39;1020.8;8.888;83.7;14.4
2012;03.05.2012;09:20:43;1020.6;9.15;87.8;14.1
2012;03.05.2012;09:40:39;1020.3;9.319;88.8;14.2
2012;03.05.2012;10:20:39;1020.2;9.288;86.8;14.5
2012;03.05.2012;10:40:39;1020.4;9.533;86.8;14.9
2012;03.05.2012;11:00:39;1020.4;9.468;87.9;14.6
2012;03.05.2012;11:20:41;1020.1;9.636;87.7;14.9
2012;03.05.2012;11:40:40;1019.9;9.428;87.5;14.6
2012;03.05.2012;12:00:39;1019.8;9.561;87;14.9
2012;03.05.2012;12:20:39;1019.6;9.618;87.5;14.9
2012;03.05.2012;12:40:39;1019.4;9.538;85.1;15.2
2012;03.05.2012;13:00:39;1019.1;9.698;80.6;16.3
2012;03.05.2012;13:20:40;1018.7;9.843;78.2;17
2012;03.05.2012;13:40:39;1018.4;9.249;75.9;16.5
2012;03.05.2012;14:00:39;1018.1;9.871;80.9;16.5
2012;03.05.2012;14:20:39;1017.8;9.705;75.6;17.3
2012;03.05.2012;14:40:40;1017.5;10.099;79.1;17.2
2012;03.05.2012;15:00:39;1017.1;9.612;73.9;17.5
2012;03.05.2012;15:20:39;1016.6;9.091;66.9;18.2
2012;03.05.2012;15:40:39;1016.3;9.379;69.4;18.1
2012;03.05.2012;16:00:40;1016.2;9.139;68.5;17.9
2012;03.05.2012;16:20:40;1016.2;9.463;72.7;17.5
2012;03.05.2012;16:40:39;1016.7;9.489;73.4;17.4
2012;03.05.2012;17:00:40;1017.2;8.432;79.7;14.3
2012;03.05.2012;17:20:40;1017.8;8.631;81.6;14.3
2012;03.05.2012;17:40:39;1018.3;8.708;82.9;14.2
2012;03.05.2012;18:00:40;1018.7;8.737;83.2;14.2
2012;03.05.2012;18:20:39;1019;8.588;81.3;14.3
2012;03.05.2012;18:40:39;1019.3;8.681;83.8;14
2012;03.05.2012;19:20:39;1019.5;8.331;82.6;13.6
2012;03.05.2012;20:00:39;1019.6;8.293;81.7;13.7
2012;03.05.2012;20:20:40;1019.4;8.206;79.8;13.9
2012;03.05.2012;20:40:39;1019;8.26;82.4;13.5
2012;03.05.2012;21:20:39;1019.1;8.549;84.7;13.6
2012;03.05.2012;22:20:39;1019.7;8.687;87.8;13.3
2012;03.05.2012;22:40:39;1019.7;8.483;89.2;12.7
2012;03.05.2012;23:00:39;1019.7;8.46;87.8;12.9
2012;03.05.2012;23:20:39;1019.6;8.556;88.2;13
2012;03.05.2012;23:40:39;1019.4;8.335;86.5;12.9
2012;04.05.2012;00:00:39;1019.2;8.069;81.6;13.3
2012;04.05.2012;00:20:39;1019.2;7.832;75.7;14
2012;04.05.2012;00:40:39;1019.4;7.838;81.4;12.9
2012;04.05.2012;01:00:40;1019.6;7.752;81.6;12.7
2012;04.05.2012;01:20:39;1019.7;7.754;83.8;12.3
2012;04.05.2012;01:40:40;1019.7;7.42;81.3;12.1
2012;04.05.2012;02:00:39;1019.6;7.172;80.7;11.7
2012;04.05.2012;02:20:42;1019.4;6.953;79.3;11.5
2012;04.05.2012;02:40:39;1019.3;6.941;77.6;11.8
2012;04.05.2012;03:00:40;1019.3;7.042;78.2;11.9
2012;04.05.2012;03:20:40;1019.2;6.797;75.5;11.9
2012;04.05.2012;03:40:39;1019.2;6.715;74.6;11.9
2012;04.05.2012;04:00:39;1019.1;6.752;75.5;11.8
2012;04.05.2012;04:20:40;1019;6.68;77.2;11.3
2012;04.05.2012;04:40:39;1018.8;6.706;78;11.2
2012;04.05.2012;05:00:39;1018.6;6.746;79.5;11
2012;04.05.2012;05:20:39;1018.4;6.912;82.5;10.8
2012;04.05.2012;05:40:39;1018.3;6.773;81.4;10.7
2012;04.05.2012;06:00:39;1018.3;6.795;82.2;10.6
2012;04.05.2012;06:20:39;1018.3;6.728;77.7;11.3
2012;04.05.2012;06:40:39;1018.2;6.938;83.9;10.6
2012;04.05.2012;07:00:39;1018.1;7.153;84.2;11
2012;04.05.2012;07:20:39;1018.1;7.098;81.9;11.3
2012;04.05.2012;07:40:39;1018;7.22;84.4;11.1
2012;04.05.2012;08:00:39;1018.1;7.168;82.7;11.3
2012;04.05.2012;08:40:39;1018.1;7.11;81.5;11.4
2012;04.05.2012;09:00:39;1018.1;7.443;82.5;11.9
2012;04.05.2012;09:20:41;1018;7.733;82.9;12.4
2012;04.05.2012;09:40:39;1018;7.863;76.9;13.8
2012;04.05.2012;10:00:39;1017.9;6.796;62;14.9
2012;04.05.2012;10:20:39;1017.9;6.73;62.6;14.6
2012;04.05.2012;10:40:39;1018;7.202;71.9;13.5
2012;04.05.2012;11:00:40;1018;7.127;72.1;13.3
2012;04.05.2012;11:20:40;1018.1;7.242;72.3;13.5
2012;04.05.2012;11:40:39;1018;7.219;71.6;13.6
2012;04.05.2012;12:00:39;1018;7.176;68.9;14.1
2012;04.05.2012;12:20:40;1017.8;6.852;61.7;15.1
2012;04.05.2012;12:40:39;1017.6;7.034;61.7;15.5
2012;04.05.2012;13:00:39;1017.4;6.648;56.5;16
2012;04.05.2012;13:20:39;1017.2;6.993;56.8;16.7
2012;04.05.2012;13:40:39;1017.2;6.652;54.4;16.6
2012;04.05.2012;14:00:39;1017.4;6.646;62.2;14.5
2012;04.05.2012;14:40:40;1017.7;7.07;73.4;12.9
2012;04.05.2012;15:00:40;1017.7;7.402;75.8;13.1
2012;04.05.2012;15:20:39;1017.6;7.056;67.3;14.2
2012;04.05.2012;15:40:40;1017.4;6.475;57.2;15.4
2012;04.05.2012;16:00:40;1017.2;6.719;56;16.3
2012;04.05.2012;16:20:39;1017;6.745;56.2;16.3
2012;04.05.2012;16:40:39;1016.7;6.478;52.3;16.8
2012;04.05.2012;17:00:39;1016.5;6.429;50.6;17.2
2012;04.05.2012;17:40:41;1016.3;6.148;48.4;17.2
2012;04.05.2012;18:00:39;1016.4;6.747;66;13.8
2012;04.05.2012;18:20:39;1016.5;6.893;68.3;13.6
2012;04.05.2012;18:40:39;1016.6;6.802;69.2;13.2
2012;04.05.2012;19:20:39;1016.4;7.148;78.1;12.1
2012;04.05.2012;19:40:39;1016.4;6.967;73.2;12.7
2012;04.05.2012;20:00:39;1016.4;6.745;72.3;12.4
2012;04.05.2012;20:20:39;1016.5;6.72;73;12.2
2012;04.05.2012;20:40:39;1016.6;6.582;72;12.1
2012;04.05.2012;21:00:39;1016.7;6.511;71.7;12
2012;04.05.2012;21:20:39;1016.8;6.535;71.5;12.1
2012;04.05.2012;21:40:39;1016.9;6.641;71.7;12.3
2012;04.05.2012;22:00:39;1017;6.571;71.9;12.1
2012;04.05.2012;22:20:39;1017;6.611;73.3;11.9
2012;04.05.2012;23:00:39;1017.1;6.041;66.6;12
2012;04.05.2012;23:20:39;1017.1;6.028;66.9;11.9
2012;04.05.2012;23:40:39;1017;6.248;70.7;11.6
2012;05.05.2012;00:20:39;1017;6.315;72.4;11.4
2012;05.05.2012;00:40:39;1017.1;6.191;69.6;11.7
2012;05.05.2012;01:00:40;1017.1;6.068;69.6;11.4
2012;05.05.2012;01:20:39;1017;6.106;70.5;11.3
2012;05.05.2012;01:40:39;1017;6.153;71.5;11.2
2012;05.05.2012;02:00:39;1016.9;6.127;71.2;11.2
2012;05.05.2012;02:20:39;1016.9;6.139;70.4;11.4
2012;05.05.2012;02:40:39;1016.8;6.052;69.4;11.4
2012;05.05.2012;03:00:39;1016.7;5.872;68.7;11.1
2012;05.05.2012;03:20:39;1016.6;5.907;69.1;11.1
2012;05.05.2012;03:40:39;1016.5;5.939;70.4;10.9
2012;05.05.2012;04:00:39;1016.4;6;71.1;10.9
2012;05.05.2012;04:20:39;1016.2;5.954;71.5;10.7
2012;05.05.2012;04:40:39;1016.2;5.983;72.8;10.5
2012;05.05.2012;05:20:39;1016.1;5.989;71.9;10.7
2012;05.05.2012;05:40:39;1016.1;5.95;72.4;10.5
2012;05.05.2012;06:00:39;1016.2;5.952;73.4;10.3
2012;05.05.2012;06:20:40;1016.3;5.958;73;10.4
2012;05.05.2012;06:40:39;1016.4;6.304;79.3;10
2012;05.05.2012;07:00:39;1016.5;6.398;79.4;10.2
2012;05.05.2012;07:20:39;1016.6;6.438;79.9;10.2
2012;05.05.2012;07:40:39;1016.7;6.459;81.8;9.9
2012;05.05.2012;08:00:39;1016.7;6.728;86.9;9.6
2012;05.05.2012;08:20:38;1016.8;6.751;87.2;9.6
2012;05.05.2012;08:40:39;1016.9;6.951;86.8;10.1
2012;05.05.2012;09:00:39;1016.9;6.938;85.5;10.3
2012;05.05.2012;09:20:39;1017;6.811;81.2;10.8
2012;05.05.2012;09:40:39;1017.1;6.808;80.1;11
2012;05.05.2012;10:00:38;1017.1;6.583;78;10.9
2012;05.05.2012;10:20:39;1017.2;6.981;84.9;10.5
2012;05.05.2012;10:40:39;1017.3;6.922;84.2;10.5
2012;05.05.2012;11:00:39;1017.4;6.859;81.8;10.8
2012;05.05.2012;11:20:39;1017.4;7.401;85.3;11.3
2012;05.05.2012;11:40:39;1017.4;7.426;82.8;11.8
2012;05.05.2012;12:20:39;1017.4;6.46;71.2;12
2012;05.05.2012;12:40:39;1017.3;6.812;72.6;12.5
2012;05.05.2012;13:20:39;1017;6.791;62.3;14.8
2012;05.05.2012;13:40:39;1016.9;6.167;55.9;15
2012;05.05.2012;14:00:38;1016.8;6.448;56.2;15.6
2012;05.05.2012;14:20:39;1016.6;6.098;52.5;15.8
2012;05.05.2012;15:40:39;1017;7.409;81.5;12
2012;05.05.2012;16:00:39;1017;7.679;81.7;12.5
2012;05.05.2012;16:40:39;1016.9;6.713;65.7;13.8
2012;05.05.2012;17:20:39;1016.8;6.596;62.1;14.4
2012;05.05.2012;17:40:39;1016.7;6.362;62.7;13.7
2012;05.05.2012;18:00:39;1016.7;6.891;70.1;13.2
2012;05.05.2012;18:20:39;1016.7;7.147;70.8;13.6
2012;05.05.2012;18:40:39;1016.7;6.959;74.1;12.5
2012;05.05.2012;19:00:39;1016.8;6.997;76.5;12.1
2012;05.05.2012;19:20:39;1017.1;7.096;82.9;11.1
2012;05.05.2012;19:40:39;1017.3;6.865;82.4;10.7
2012;05.05.2012;20:20:38;1017.4;7.181;88.5;10.3
2012;05.05.2012;21:00:39;1017.6;6.904;81.8;10.9
2012;05.05.2012;21:20:39;1017.8;6.855;80.7;11
2012;05.05.2012;22:20:39;1018.2;6.941;84.5;10.5
2012;05.05.2012;22:40:39;1018.4;6.888;85;10.3
2012;05.05.2012;23:40:39;1018.6;6.817;90;9.3
2012;06.05.2012;00:00:39;1018.7;6.763;89.9;9.2
2012;06.05.2012;00:20:39;1018.7;6.747;89.7;9.2
2012;06.05.2012;00:40:39;1018.7;6.84;90.3;9.3
2012;06.05.2012;01:00:39;1018.7;6.964;88.3;9.9
2012;06.05.2012;01:20:39;1018.7;7.043;88.1;10.1
2012;06.05.2012;01:40:39;1018.6;7.061;88.9;10
2012;06.05.2012;02:00:39;1018.5;6.933;87.3;10
2012;06.05.2012;02:20:39;1018.4;7.117;90.8;9.8
2012;06.05.2012;02:40:39;1018.4;7.046;88.1;10.1
2012;06.05.2012;03:00:39;1018.3;6.98;86.7;10.2
2012;06.05.2012;03:20:39;1018.3;6.925;86.6;10.1
2012;06.05.2012;03:40:39;1018.2;6.951;87.5;10
2012;06.05.2012;04:00:38;1018.2;6.927;87.2;10
2012;06.05.2012;04:20:39;1018.2;6.543;85.8;9.4
2012;06.05.2012;04:40:39;1018.2;6.637;88.8;9.1
2012;06.05.2012;05:00:39;1018.3;6.644;88.9;9.1
2012;06.05.2012;05:20:39;1018.3;6.419;86.5;9
2012;06.05.2012;05:40:39;1018.4;6.163;84.8;8.7
2012;06.05.2012;06:00:39;1018.5;6.045;84.9;8.4
2012;06.05.2012;06:20:39;1018.5;5.927;84.4;8.2
2012;06.05.2012;06:40:39;1018.6;5.914;84.8;8.1
2012;06.05.2012;07:00:39;1018.7;6.005;86.1;8.1
2012;06.05.2012;07:20:38;1018.9;5.96;84.9;8.2
2012;06.05.2012;07:40:39;1019;5.941;83.5;8.4
2012;06.05.2012;08:00:39;1019.1;5.771;81.7;8.3
2012;06.05.2012;08:20:39;1019.2;5.617;79;8.4
2012;06.05.2012;08:40:39;1019.2;5.636;78.2;8.6
2012;06.05.2012;09:00:39;1019.3;5.73;77.9;8.9
2012;06.05.2012;09:20:39;1019.3;5.687;76.8;9
2012;06.05.2012;09:40:39;1019.4;5.705;75.5;9.3
2012;06.05.2012;10:00:39;1019.4;5.666;74;9.5
2012;06.05.2012;10:20:39;1019.4;5.571;71.8;9.7
2012;06.05.2012;10:40:38;1019.5;5.476;74.5;8.9
2012;06.05.2012;11:00:39;1019.6;5.487;76.7;8.5
2012;06.05.2012;11:20:39;1019.6;5.602;78.3;8.5
2012;06.05.2012;11:40:39;1019.7;5.496;75.8;8.7
2012;06.05.2012;12:00:39;1019.7;5.438;73.5;9
2012;06.05.2012;12:20:38;1019.7;5.327;68.7;9.7
2012;06.05.2012;12:40:38;1019.6;5.265;66.1;10.1
2012;06.05.2012;13:00:39;1019.5;5.253;65.5;10.2
2012;06.05.2012;13:20:39;1019.4;5.321;65.9;10.3
2012;06.05.2012;13:40:39;1019.4;5.262;64.3;10.5
2012;06.05.2012;14:00:38;1019.3;5.327;63.8;10.8
2012;06.05.2012;14:20:39;1019.3;5.238;61.5;11.1
2012;06.05.2012;15:00:39;1019;5.337;61;11.5
2012;06.05.2012;15:20:39;1019;5.828;67;11.4
2012;06.05.2012;16:00:39;1018.7;5.724;62;12.3
2012;06.05.2012;16:20:39;1018.5;5.62;59.3;12.7
2012;06.05.2012;16:40:39;1018.5;5.72;58.4;13.2
2012;06.05.2012;17:40:39;1018.3;5.651;60.4;12.5
2012;06.05.2012;18:20:39;1018.2;5.696;62.9;12
2012;06.05.2012;18:40:39;1018.1;5.615;60.8;12.3
2012;06.05.2012;19:00:39;1018;5.698;62.5;12.1
2012;06.05.2012;19:20:39;1018.1;5.781;65.1;11.7
2012;06.05.2012;19:40:39;1018.2;5.84;66.2;11.6
2012;06.05.2012;20:00:39;1018.1;5.828;66.5;11.5
2012;06.05.2012;20:20:39;1018.1;5.739;65.5;11.5
2012;06.05.2012;20:40:39;1018.3;5.746;66.9;11.2
2012;06.05.2012;21:00:39;1018.4;5.763;67.1;11.2
2012;06.05.2012;21:20:39;1018.5;5.766;66.7;11.3
2012;06.05.2012;21:40:39;1018.6;5.692;66.3;11.2
2012;06.05.2012;22:40:39;1019.2;6.094;82.8;8.9
2012;06.05.2012;23:20:39;1019.2;6.211;86.1;8.6
2012;06.05.2012;23:40:39;1019.4;6.086;82.7;8.9
2012;07.05.2012;00:00:39;1019.4;6.123;83.2;8.9
2012;07.05.2012;00:20:39;1019.4;6.12;82.6;9
2012;07.05.2012;00:40:39;1019.4;6.074;83.1;8.8
2012;07.05.2012;01:20:39;1019.3;5.711;78.7;8.7
2012;07.05.2012;02:00:39;1019.2;5.643;81;8.1
2012;07.05.2012;02:20:40;1019.1;5.534;78.9;8.2
2012;07.05.2012;02:40:39;1018.8;5.422;78.9;7.9
2012;07.05.2012;03:00:39;1018.6;5.374;76.6;8.2
2012;07.05.2012;03:20:40;1018.3;5.35;74.7;8.5
2012;07.05.2012;03:40:39;1018.1;5.429;76.3;8.4
2012;07.05.2012;04:00:39;1018;5.602;78.7;8.4
2012;07.05.2012;04:20:39;1018;5.717;81.4;8.2
2012;07.05.2012;04:40:39;1017.8;5.759;85.4;7.6
2012;07.05.2012;05:00:39;1017.6;5.869;88.2;7.4
2012;07.05.2012;05:20:39;1017.3;5.98;88.6;7.6
2012;07.05.2012;05:40:39;1017;6.003;87.7;7.8
2012;07.05.2012;06:00:39;1016.9;6.038;88.2;7.8
2012;07.05.2012;06:20:39;1016.8;5.961;85.9;8
2012;07.05.2012;06:40:39;1016.7;5.975;86.1;8
2012;07.05.2012;07:00:38;1016.6;6.053;87.2;8
2012;07.05.2012;07:20:39;1016.5;6.073;85.7;8.3
2012;07.05.2012;07:40:39;1016.3;6.105;84.4;8.6
2012;07.05.2012;08:00:39;1016.2;6.045;80.8;9.1
2012;07.05.2012;08:20:39;1016.2;6.057;76.2;10
2012;07.05.2012;08:40:39;1016.1;6.018;75.2;10.1
2012;07.05.2012;09:00:39;1016;5.951;70.5;10.9
2012;07.05.2012;09:20:39;1015.7;6.173;70.7;11.4
2012;07.05.2012;10:20:39;1015;5.764;61.8;12.4
2012;07.05.2012;10:40:39;1014.7;5.891;62.3;12.6
2012;07.05.2012;11:00:39;1014.5;5.479;56.1;13.1
2012;07.05.2012;11:20:39;1014.1;5.259;53.5;13.2
2012;07.05.2012;11:40:39;1013.8;5.215;52.7;13.3
2012;07.05.2012;12:00:39;1013.7;5.867;62.4;12.5
2012;07.05.2012;12:20:39;1013.6;5.525;58.4;12.6
2012;07.05.2012;12:40:39;1013.5;5.725;61.7;12.3
2012;07.05.2012;13:00:39;1013.3;5.912;64.1;12.2
2012;07.05.2012;13:20:39;1013;5.774;59.4;13
2012;07.05.2012;13:40:39;1012.8;5.76;56.6;13.7
2012;07.05.2012;14:20:39;1012.5;6.477;67.4;12.8
2012;07.05.2012;14:40:39;1012.3;6.505;65.5;13.3
2012;07.05.2012;15:00:39;1012.2;6.196;60.8;13.7
2012;07.05.2012;15:20:39;1012.1;6.035;61.2;13.2
2012;07.05.2012;16:00:39;1011.8;6.703;70.6;12.6
2012;07.05.2012;16:20:39;1011.8;6.59;70.8;12.3
2012;07.05.2012;16:40:39;1011.8;6.912;76.2;11.9
2012;07.05.2012;17:00:39;1011.7;6.931;75.4;12.1
2012;07.05.2012;17:20:39;1011.5;6.842;72.5;12.5
2012;07.05.2012;17:40:39;1011.4;6.528;69.2;12.5
2012;07.05.2012;18:20:38;1011;6.511;65.9;13.2
2012;07.05.2012;18:40:39;1010.8;6.341;67.2;12.5
2012;07.05.2012;19:00:39;1010.7;6.467;70.8;12
2012;07.05.2012;19:40:39;1010.8;6.567;74.8;11.4
2012;07.05.2012;20:00:39;1010.6;6.426;73.2;11.4
2012;07.05.2012;21:00:39;1011.2;6.342;79.9;9.9
2012;07.05.2012;21:20:39;1011.5;6.393;81.1;9.8
2012;07.05.2012;21:40:39;1012.1;6.006;81.6;8.8
2012;07.05.2012;22:00:39;1012.5;6.08;84.9;8.4
2012;07.05.2012;22:20:39;1012.8;6;83.8;8.4
2012;07.05.2012;22:40:39;1013;6.003;83.3;8.5
2012;07.05.2012;23:00:39;1013.2;6.151;88.3;8
2012;07.05.2012;23:20:39;1013.2;6.278;89.5;8.1
2012;07.05.2012;23:40:39;1013.2;6.337;89.1;8.3
2012;08.05.2012;00:20:39;1013.4;6.144;84.7;8.6
2012;08.05.2012;00:40:39;1013.7;5.474;82;7.4
2012;08.05.2012;01:00:39;1013.8;5.335;83.3;6.8
2012;08.05.2012;01:20:39;1013.9;5.288;84.3;6.5
2012;08.05.2012;01:40:39;1013.8;5.285;86;6.2
2012;08.05.2012;02:00:39;1013.7;5.279;87.7;5.9
2012;08.05.2012;02:20:39;1013.6;5.297;88.6;5.8
2012;08.05.2012;02:40:39;1013.5;5.311;88.2;5.9
2012;08.05.2012;03:20:39;1013.7;5.035;83.1;6
2012;08.05.2012;04:00:39;1013.8;5.137;84.2;6.1
2012;08.05.2012;04:20:38;1013.9;4.928;79.7;6.3
2012;08.05.2012;04:40:39;1014;4.823;79.1;6.1
2012;08.05.2012;05:00:39;1014.1;4.773;80.5;5.7
2012;08.05.2012;05:20:39;1014.3;4.9;83.2;5.6
2012;08.05.2012;05:40:39;1014.4;4.988;84.7;5.6
2012;08.05.2012;06:00:39;1014.5;4.967;83.2;5.8
2012;08.05.2012;06:20:39;1014.7;4.877;80.6;6
2012;08.05.2012;06:40:39;1015;4.858;79.2;6.2
2012;08.05.2012;07:00:39;1015.2;4.812;77.4;6.4
2012;08.05.2012;07:20:39;1015.5;4.815;76.4;6.6
2012;08.05.2012;07:40:39;1015.7;4.922;78.1;6.6
2012;08.05.2012;08:00:39;1015.9;4.933;78.3;6.6
2012;08.05.2012;08:20:39;1016;4.957;75.5;7.2
2012;08.05.2012;09:00:39;1016.3;5.018;71.4;8.2
2012;08.05.2012;09:20:39;1016.3;4.858;70.1;8
2012;08.05.2012;09:40:39;1016.4;4.72;67.2;8.2
2012;08.05.2012;10:00:39;1016.4;4.82;63.7;9.3
2012;08.05.2012;10:20:39;1016.3;4.417;58.4;9.3
2012;08.05.2012;10:40:39;1016.3;4.229;56.7;9.1
2012;08.05.2012;11:00:39;1016.3;4.184;54.6;9.5
2012;08.05.2012;11:20:39;1016.3;4.306;54.7;9.9
2012;08.05.2012;11:40:39;1016.2;4.132;49.1;10.9
2012;08.05.2012;12:00:39;1016.1;3.844;44.8;11.2
2012;08.05.2012;12:20:39;1015.9;3.903;43.7;11.8
2012;08.05.2012;12:40:39;1015.8;3.759;41;12.2
2012;08.05.2012;13:00:39;1015.7;3.427;36.9;12.4
2012;08.05.2012;13:20:39;1015.5;4.486;50.5;11.7
2012;08.05.2012;14:20:39;1015.2;4.373;52.6;10.7
2012;08.05.2012;14:40:39;1015.2;4.415;51.7;11.1
2012;08.05.2012;15:00:39;1015;4.51;53.5;10.9
2012;08.05.2012;15:20:39;1014.8;4.406;49.9;11.6
2012;08.05.2012;16:20:39;1014.4;4.043;46.1;11.5
2012;08.05.2012;16:40:39;1014.2;3.947;44.7;11.6
2012;08.05.2012;17:00:39;1014.1;4.188;47.1;11.7
2012;08.05.2012;17:20:39;1014;4.793;54.2;11.6
2012;08.05.2012;17:40:39;1013.8;4.936;54.7;11.9
2012;08.05.2012;18:20:39;1013.6;4.546;51.4;11.6
2012;08.05.2012;19:00:39;1013.4;4.589;51.2;11.8
2012;08.05.2012;19:20:39;1013.3;4.157;45.2;12.2
2012;08.05.2012;19:40:39;1013.2;4.304;47.4;12
2012;08.05.2012;20:20:39;1013.2;3.935;42.8;12.2
2012;08.05.2012;20:40:39;1013.3;3.983;43.9;12
2012;08.05.2012;21:20:39;1013.7;4.414;52.3;10.9
2012;08.05.2012;21:40:40;1013.9;4.363;52.4;10.7
2012;08.05.2012;22:20:39;1014.2;4.369;55;10
2012;08.05.2012;22:40:39;1014.3;4.428;56.5;9.8
2012;08.05.2012;23:00:39;1014.3;4.43;56.9;9.7
2012;08.05.2012;23:20:39;1014.2;4.54;58.3;9.7
2012;08.05.2012;23:40:39;1014.2;4.532;58.6;9.6
2012;09.05.2012;00:00:40;1014.2;4.701;62;9.3
2012;09.05.2012;00:20:39;1014.2;4.593;61;9.2
2012;09.05.2012;00:40:39;1014.1;4.472;59.8;9.1
2012;09.05.2012;01:00:39;1014.1;4.495;59.7;9.2
2012;09.05.2012;01:20:39;1014;4.502;60.6;9
2012;09.05.2012;01:40:39;1013.8;4.71;63.8;8.9
2012;09.05.2012;02:00:39;1013.6;4.91;68.3;8.5
2012;09.05.2012;02:20:39;1013.4;4.803;65.9;8.7
2012;09.05.2012;02:40:39;1013.2;4.891;69.4;8.2
2012;09.05.2012;03:00:39;1013.1;4.896;69;8.3
2012;09.05.2012;03:20:39;1013.1;5.009;70.1;8.4
2012;09.05.2012;03:40:39;1013.1;5.236;76.3;7.8
2012;09.05.2012;04:00:39;1013.1;5.393;81.3;7.3
2012;09.05.2012;04:20:39;1013;5.447;82.1;7.3
2012;09.05.2012;04:40:39;1012.9;5.317;80.7;7.2
2012;09.05.2012;05:00:39;1012.9;5.215;79.7;7.1
2012;09.05.2012;05:20:39;1012.8;5.232;80.5;7
2012;09.05.2012;05:40:39;1012.8;5.163;80;6.9
2012;09.05.2012;06:00:39;1012.7;5.082;79.3;6.8
2012;09.05.2012;06:20:39;1012.8;5.082;79.3;6.8
2012;09.05.2012;06:40:39;1012.9;5.017;78.3;6.8
2012;09.05.2012;07:00:39;1012.9;5.019;77.8;6.9
2012;09.05.2012;07:20:39;1013;4.951;75.2;7.2
2012;09.05.2012;07:40:39;1013.2;4.945;74.1;7.4
2012;09.05.2012;08:00:41;1013.3;4.94;70.1;8.2
2012;09.05.2012;08:20:40;1013.4;5.02;72.2;8
2012;09.05.2012;08:40:39;1013.5;5.078;70.6;8.5
2012;09.05.2012;09:20:41;1013.7;5.17;68.1;9.3
2012;09.05.2012;09:40:39;1013.6;5.369;67;10.1
2012;09.05.2012;10:00:39;1013.7;5.01;63.4;9.9
2012;09.05.2012;10:20:39;1013.8;5.077;76.1;7.4
2012;09.05.2012;10:40:40;1013.9;5.091;75.8;7.5
2012;09.05.2012;11:00:41;1014.1;5.087;76.8;7.3
2012;09.05.2012;11:20:40;1014.8;5.324;83.2;6.8
2012;09.05.2012;11:40:39;1015;5.091;82.4;6.3
2012;09.05.2012;12:20:39;1015.3;5.674;82.8;7.8
2012;09.05.2012;12:40:39;1015.4;5.689;78.1;8.7
2012;09.05.2012;13:00:39;1015.3;5.666;74.7;9.3
2012;09.05.2012;13:20:39;1015.3;5.417;74.4;8.7
2012;09.05.2012;13:40:39;1015.2;5.228;69.9;9.1
2012;09.05.2012;14:00:40;1015.1;5.453;71.9;9.3
2012;09.05.2012;14:20:39;1014.9;5.368;68.9;9.7
2012;09.05.2012;14:40:39;1014.8;5.256;63.1;10.7
2012;11.05.2012;12:40:39;1022.9;5.066;63.4;10.2
2012;11.05.2012;13:00:40;1022.9;4.989;61.2;10.5
2012;11.05.2012;13:20:39;1022.9;4.173;48.6;11.3
2012;11.05.2012;13:40:39;1022.8;3.817;43.9;11.5
2012;11.05.2012;14:00:39;1022.7;3.379;36.4;12.5
2012;11.05.2012;14:20:39;1022.7;3.171;34.4;12.4
2012;11.05.2012;14:40:41;1022.6;3.162;34.3;12.4
2012;11.05.2012;15:00:40;1022.5;3.506;38;12.4
2012;11.05.2012;15:20:42;1022.3;3.711;38.4;13.1
2012;11.05.2012;15:40:41;1022.2;3.799;39.3;13.1
2012;11.05.2012;16:00:39;1022.1;3.726;38.3;13.2
2012;11.05.2012;16:20:39;1021.9;3.619;37.2;13.2
2012;11.05.2012;16:40:41;1021.8;3.888;40.2;13.1
2012;11.05.2012;17:00:41;1021.7;3.545;31.8;15.3
2012;11.05.2012;17:20:39;1021.6;3.42;32.1;14.6
2012;11.05.2012;17:40:39;1021.5;3.346;31.4;14.6
2012;11.05.2012;18:00:39;1021.4;3.467;31.9;14.9
2012;11.05.2012;18:20:39;1021.3;3.314;30.5;14.9
2012;11.05.2012;19:00:39;1021.1;3.722;34.9;14.6
2012;11.05.2012;19:20:39;1021.1;3.768;35.1;14.7
2012;11.05.2012;19:40:40;1021.1;3.882;37.1;14.3
2012;11.05.2012;20:00:39;1021.1;3.728;36.1;14.1
2012;11.05.2012;20:20:39;1021.2;4.401;43.7;13.7
2012;11.05.2012;20:40:39;1021.1;4.675;46.4;13.7
2012;11.05.2012;21:00:40;1021.2;4.602;47.5;13.1
2012;11.05.2012;21:20:39;1021.3;4.783;51;12.6
2012;11.05.2012;21:40:41;1021.5;4.684;51.3;12.2
2012;11.05.2012;22:00:39;1021.7;4.591;51.3;11.9
2012;11.05.2012;22:20:39;1021.8;4.623;53.4;11.4
2012;11.05.2012;22:40:39;1021.9;4.622;54.1;11.2
2012;11.05.2012;23:00:39;1021.9;4.538;54.2;10.9
2012;11.05.2012;23:20:40;1021.8;4.703;56.9;10.7
2012;11.05.2012;23:40:40;1021.7;4.757;59.1;10.3
2012;12.05.2012;00:00:40;1021.6;4.612;57.3;10.3
2012;12.05.2012;00:20:40;1021.6;4.555;56.6;10.3
2012;12.05.2012;00:40:39;1021.5;4.474;57.1;9.9
2012;12.05.2012;01:00:39;1021.5;4.537;57.9;9.9
2012;12.05.2012;01:20:39;1021.4;4.554;59.7;9.5
2012;12.05.2012;01:40:39;1021.2;4.493;60.1;9.2
2012;12.05.2012;02:00:40;1021.1;4.649;63;9
2012;12.05.2012;02:20:39;1021;4.64;63.3;8.9
2012;12.05.2012;02:40:39;1020.9;4.538;61.5;9
2012;12.05.2012;03:20:39;1020.7;4.913;75.7;7.1
2012;12.05.2012;03:40:39;1020.6;4.808;74.6;7
2012;12.05.2012;04:00:38;1020.5;4.493;67.4;7.5
2012;12.05.2012;04:20:39;1020.4;4.551;73.1;6.5
2012;12.05.2012;04:40:39;1020.4;4.488;72.1;6.5
2012;12.05.2012;05:00:39;1020.3;4.287;72.8;5.7
2012;12.05.2012;05:20:39;1020.2;4.334;74.1;5.6
2012;12.05.2012;05:40:39;1020.1;4.258;75.9;5
2012;12.05.2012;06:20:38;1020;4.194;72.7;5.4
2012;12.05.2012;06:40:39;1020;4.229;72.3;5.6
2012;12.05.2012;07:20:40;1020.1;4.317;70.8;6.2
2012;12.05.2012;07:40:39;1020.1;4.446;71.4;6.5
2012;12.05.2012;08:00:39;1020.1;4.468;69.8;6.9
2012;12.05.2012;08:20:40;1020;4.567;69.4;7.3
2012;12.05.2012;09:00:41;1019.8;4.446;65.3;7.8
2012;12.05.2012;09:20:39;1019.8;4.196;60;8.2
2012;12.05.2012;09:40:39;1019.7;4.162;58.3;8.5
2012;12.05.2012;10:00:39;1019.6;4.204;54.3;9.7
2012;12.05.2012;10:20:39;1019.5;4.217;50.6;10.8
2012;12.05.2012;10:40:39;1019.4;4.217;49.6;11.1
2012;12.05.2012;11:00:39;1019.3;4.231;47.2;11.9
2012;12.05.2012;11:20:40;1019.2;4.471;49.2;12.1
2012;12.05.2012;11:40:39;1019.1;4.563;46.7;13.2
2012;12.05.2012;12:00:39;1019;4.535;42.1;14.7
2012;12.05.2012;12:20:41;1018.8;4.554;41.2;15.1
2012;12.05.2012;12:40:39;1018.6;4.573;41.9;14.9
2012;12.05.2012;13:00:39;1018.4;4.541;40.8;15.2
2012;12.05.2012;13:20:39;1018.2;4.535;38.7;16
2012;12.05.2012;13:40:40;1018.1;4.452;36.8;16.5
2012;12.05.2012;14:00:39;1018;4.534;37;16.7
2012;12.05.2012;14:40:39;1017.7;4.936;36.6;18.2
2012;12.05.2012;15:20:39;1017.3;5.64;43.1;17.7
2012;12.05.2012;15:40:39;1017.1;5.58;44;17.2
2012;12.05.2012;16:00:39;1017;5.612;42.6;17.8
2012;12.05.2012;16:20:39;1016.8;5.846;43.8;18
2012;12.05.2012;16:40:39;1016.7;6.086;45;18.2
2012;12.05.2012;17:00:39;1016.5;5.896;45;17.7
2012;12.05.2012;17:20:39;1016.4;6.148;46.9;17.7
2012;12.05.2012;17:42:08;1016.4;5.863;45.6;17.4
2012;12.05.2012;18:00:39;1016.3;6.262;49.6;17.1
2012;12.05.2012;18:20:40;1016.2;5.894;47.3;16.9
2012;12.05.2012;18:40:38;1016.1;6.478;52.6;16.7
2012;12.05.2012;19:00:39;1016;6.408;52.7;16.5
2012;12.05.2012;19:20:39;1016;6.394;53.6;16.2
2012;12.05.2012;19:40:39;1016;6.168;53.4;15.7
2012;12.05.2012;20:00:39;1016.1;6.22;54.2;15.6
2012;12.05.2012;20:20:39;1016.2;6.088;54.8;15.1
2012;12.05.2012;20:40:41;1016.3;6.019;55.6;14.7
2012;12.05.2012;21:00:39;1016.4;5.838;54.3;14.6
2012;12.05.2012;21:20:39;1016.6;5.511;51.3;14.6
2012;12.05.2012;21:40:43;1016.8;5.343;50.4;14.4
2012;12.05.2012;22:00:39;1016.9;5.398;52.6;13.9
2012;12.05.2012;22:20:39;1017;5.53;55.3;13.5
2012;12.05.2012;22:40:39;1017;5.761;59.5;13
2012;12.05.2012;23:00:39;1017;5.771;59.6;13
2012;12.05.2012;23:20:39;1017;5.677;59.8;12.7
2012;12.05.2012;23:40:39;1017;5.799;62.7;12.3
2012;13.05.2012;00:00:44;1017;5.937;64.6;12.2
2012;13.05.2012;00:20:39;1017;5.528;64.3;11.2
2012;13.05.2012;00:40:40;1017;5.46;63.1;11.3
2012;13.05.2012;01:00:39;1017;5.356;61.5;11.4
2012;13.05.2012;01:20:39;1017;5.312;63.9;10.7
2012;13.05.2012;01:40:39;1017.1;5.075;64;10
2012;13.05.2012;02:00:39;1017.2;4.904;62.7;9.8
2012;13.05.2012;02:20:40;1017.2;4.845;62.8;9.6
2012;13.05.2012;02:40:39;1017.3;4.758;62.1;9.5
2012;13.05.2012;03:00:40;1017.4;4.756;62.5;9.4
2012;13.05.2012;03:20:41;1017.5;4.784;63.3;9.3
2012;13.05.2012;03:40:39;1017.6;4.792;63.4;9.3
2012;13.05.2012;04:00:39;1017.7;4.766;63.5;9.2
2012;13.05.2012;04:20:39;1017.8;4.764;63.9;9.1
2012;13.05.2012;04:40:39;1017.8;4.745;65.4;8.7
2012;13.05.2012;05:00:39;1017.9;4.706;64;8.9
2012;13.05.2012;05:20:39;1018;4.775;64.5;9
2012;13.05.2012;05:40:39;1018.2;4.598;61.3;9.2
2012;13.05.2012;06:00:39;1018.4;4.535;61.3;9
2012;13.05.2012;06:20:39;1018.6;4.504;60.9;9
2012;13.05.2012;06:40:40;1018.8;4.526;61.2;9
2012;13.05.2012;07:00:39;1018.9;4.413;59.7;9
2012;13.05.2012;07:20:39;1019.1;4.473;60.1;9.1
2012;13.05.2012;07:40:40;1019.2;4.599;61.8;9.1
2012;13.05.2012;08:00:39;1019.3;4.682;62.9;9.1
2012;13.05.2012;08:20:39;1019.4;4.758;63.5;9.2
2012;13.05.2012;08:40:39;1019.5;4.676;62;9.3
2012;13.05.2012;09:00:39;1019.6;4.67;61.1;9.5
2012;13.05.2012;09:20:41;1019.6;4.922;60.6;10.4
2012;13.05.2012;09:40:40;1019.6;4.947;59.3;10.8
2012;13.05.2012;10:00:39;1019.6;4.955;59;10.9
2012;13.05.2012;10:20:39;1019.5;5.012;58.5;11.2
2012;13.05.2012;10:40:40;1019.5;4.955;59;10.9
2012;13.05.2012;11:00:39;1019.4;4.905;56.5;11.4
2012;13.05.2012;11:20:40;1019.3;4.93;55.3;11.8
2012;13.05.2012;12:00:39;1019.1;4.711;48.2;13.2
2012;13.05.2012;12:20:40;1019.1;4.644;46.6;13.5
2012;13.05.2012;12:40:39;1019;4.767;46.9;13.8
2012;13.05.2012;13:00:39;1018.9;4.89;44.5;15
2012;13.05.2012;13:20:39;1018.8;4.991;45.7;14.9
2012;13.05.2012;13:40:41;1018.7;5.223;47.8;14.9
2012;13.05.2012;14:00:39;1018.7;5.075;44.7;15.5
2012;13.05.2012;14:40:51;1018.5;5.426;43.4;17
2012;13.05.2012;15:00:39;1018.4;5.537;45.7;16.5
2012;13.05.2012;15:20:39;1018.2;5.882;46.7;17.1
2012;13.05.2012;15:40:39;1018;5.703;45;17.2
2012;13.05.2012;16:00:40;1017.7;5.651;44.3;17.3
2012;13.05.2012;16:20:39;1017.5;5.798;43.2;18.1
2012;13.05.2012;16:40:39;1017.3;5.832;39.8;19.5
2012;13.05.2012;17:00:39;1017;5.632;39.9;18.9
2012;13.05.2012;17:20:39;1016.8;6.037;45.5;17.9
2012;13.05.2012;17:40:39;1016.7;5.984;43.7;18.4
2012;13.05.2012;18:00:39;1016.5;6.142;44;18.7
2012;13.05.2012;18:20:39;1016.2;5.74;41.4;18.6
2012;13.05.2012;19:00:39;1016;7.271;56.4;17.4
2012;13.05.2012;19:20:39;1015.9;5.988;43.7;18.4
2012;13.05.2012;19:40:39;1015.9;6.75;49.2;18.4
2012;13.05.2012;20:00:39;1015.8;6.827;50.7;18.1
2012;13.05.2012;20:20:39;1015.7;6.392;46.9;18.3
2012;13.05.2012;20:40:39;1015.5;6.572;48.5;18.2
2012;13.05.2012;21:00:39;1015.4;6.574;50.7;17.5
2012;13.05.2012;21:20:39;1015.4;8.166;71.8;15.4
2012;13.05.2012;21:40:39;1015.4;7.393;65.5;15.3
2012;13.05.2012;22:00:39;1015.3;7.521;68.8;14.8
2012;13.05.2012;22:20:39;1015.3;7.385;66.7;15
2012;13.05.2012;22:40:39;1015.3;7.177;63.2;15.4
2012;13.05.2012;23:00:39;1015.2;6.903;61.2;15.3
2012;13.05.2012;23:20:39;1015.1;7.045;66.6;14.3
2012;13.05.2012;23:40:39;1015.1;6.969;68.5;13.7
2012;14.05.2012;00:00:39;1015;6.614;65.9;13.5
2012;14.05.2012;00:20:39;1014.9;6.611;67.6;13.1
2012;14.05.2012;00:40:39;1014.9;6.631;69.6;12.7
2012;14.05.2012;01:00:39;1014.8;6.553;69.7;12.5
2012;14.05.2012;01:20:39;1014.8;6.485;67.2;12.9
2012;14.05.2012;01:40:39;1014.8;6.9;75.3;12.1
2012;14.05.2012;02:00:40;1014.7;6.435;71.2;11.9
2012;14.05.2012;02:20:39;1014.6;6.46;68.7;12.5
2012;14.05.2012;02:40:39;1014.4;6.52;70.7;12.2
2012;14.05.2012;03:00:39;1014.3;6.49;71.3;12
2012;14.05.2012;03:20:39;1014.1;6.483;73.6;11.5
2012;14.05.2012;03:40:39;1013.9;6.424;74.4;11.2
2012;14.05.2012;04:00:39;1013.9;6.445;72.2;11.7
2012;14.05.2012;04:20:39;1013.9;6.321;71.3;11.6
2012;14.05.2012;04:40:39;1013.7;6.256;71.5;11.4
2012;14.05.2012;05:00:39;1013.6;6.274;71.7;11.4
2012;14.05.2012;05:20:39;1013.4;6.394;75;11
2012;14.05.2012;05:40:39;1013.2;6.603;76.9;11.1
2012;14.05.2012;06:00:38;1013.1;6.584;77.7;10.9
2012;14.05.2012;06:20:39;1013;6.754;80.2;10.8
2012;14.05.2012;06:40:39;1012.8;6.906;80.9;11
2012;14.05.2012;07:00:39;1012.8;6.927;80.6;11.1
2012;14.05.2012;07:20:39;1012.6;6.983;79.1;11.5
2012;14.05.2012;07:40:39;1012.5;6.86;76.7;11.7
2012;14.05.2012;08:00:39;1012.5;7.15;79.9;11.7
2012;14.05.2012;08:20:39;1012.6;7.261;80.6;11.8
2012;14.05.2012;08:40:39;1012.6;7.262;78;12.3
2012;14.05.2012;09:00:39;1012.7;7.233;72.3;13.4
2012;14.05.2012;09:20:39;1012.7;7.033;65.9;14.4
2012;14.05.2012;09:40:39;1012.8;6.666;58.6;15.4
2012;14.05.2012;10:00:39;1012.8;6.669;55;16.4
2012;14.05.2012;10:20:39;1012.8;7.064;56.4;16.9
2012;14.05.2012;10:40:39;1012.7;6.797;56.4;16.3
2012;14.05.2012;11:00:39;1012.7;7.846;68.4;15.5
2012;14.05.2012;11:20:39;1012.8;7.226;64.7;15.1
2012;14.05.2012;11:40:39;1012.8;6.992;59.5;15.9
2012;14.05.2012;12:00:39;1012.8;7.305;58.3;16.9
2012;14.05.2012;12:20:39;1012.9;7.196;55.3;17.5
2012;14.05.2012;12:40:39;1012.9;7.045;55.9;17
2012;14.05.2012;13:00:39;1012.9;7.36;56.2;17.6
2012;14.05.2012;13:20:39;1013;6.889;56.8;16.4
2012;14.05.2012;13:40:39;1013;7.205;56.8;17.1
2012;14.05.2012;14:00:39;1013.1;7.662;59.6;17.3
2012;14.05.2012;14:20:39;1013.2;7.884;58.3;18.1
2012;14.05.2012;14:40:39;1013.3;7.034;50.8;18.5
2012;14.05.2012;15:00:39;1013.7;8.498;64;17.8
2012;14.05.2012;15:20:39;1014.1;8.648;75.4;15.5
2012;14.05.2012;15:40:39;1014.3;8.44;74.1;15.4
2012;14.05.2012;16:00:39;1014.5;8.463;74.8;15.3
2012;14.05.2012;16:20:39;1014.7;8.393;74.2;15.3
2012;14.05.2012;16:40:39;1014.8;8.296;71.5;15.7
2012;14.05.2012;17:00:39;1015;8.307;73;15.4
2012;14.05.2012;17:20:39;1015.1;8.315;74.5;15.1
2012;14.05.2012;17:40:39;1015.3;8.155;71.7;15.4
2012;14.05.2012;18:00:39;1015.3;7.705;66.5;15.7
2012;14.05.2012;18:20:39;1015.3;7.131;62.4;15.5
2012;14.05.2012;18:40:39;1015.4;7.027;63.1;15.1
2012;14.05.2012;19:00:39;1015.5;7.082;63.6;15.1
2012;14.05.2012;19:20:39;1015.5;6.812;61.2;15.1
2012;14.05.2012;19:40:39;1015.5;6.688;60.1;15.1
2012;14.05.2012;20:00:39;1015.5;6.639;58.9;15.3
2012;14.05.2012;20:20:39;1015.5;6.636;58.5;15.4
2012;14.05.2012;20:40:39;1015.6;6.642;59.7;15.1
2012;14.05.2012;21:00:39;1015.8;6.634;60.8;14.8
2012;14.05.2012;21:20:39;1016;6.611;60.6;14.8
2012;14.05.2012;21:40:39;1016.2;6.533;60.3;14.7
2012;14.05.2012;22:00:39;1016.5;6.63;61.6;14.6
2012;14.05.2012;22:20:39;1016.8;6.716;62;14.7
2012;14.05.2012;22:40:39;1017;6.681;62.5;14.5
2012;14.05.2012;23:00:39;1017.2;6.529;61.9;14.3
2012;14.05.2012;23:20:39;1017.3;6.423;61.3;14.2
2012;14.05.2012;23:40:39;1017.4;6.337;60.5;14.2
2012;15.05.2012;00:00:39;1017.5;6.191;59.9;14
2012;15.05.2012;00:20:39;1017.7;6.077;59.2;13.9
2012;15.05.2012;00:40:39;1017.9;6.026;59.1;13.8
2012;15.05.2012;01:00:39;1018;6.018;59.8;13.6
2012;15.05.2012;01:20:39;1018.1;5.996;59.2;13.7
2012;15.05.2012;01:40:39;1018.1;5.978;59.8;13.5
2012;15.05.2012;02:00:39;1018.1;5.997;59.6;13.6
2012;15.05.2012;02:20:39;1018;5.997;59.6;13.6
2012;15.05.2012;02:40:39;1018;5.989;59.9;13.5
2012;15.05.2012;03:00:39;1017.9;6;60.4;13.4
2012;15.05.2012;03:20:39;1018;5.95;60.3;13.3
2012;15.05.2012;03:40:39;1017.9;5.94;60.2;13.3
2012;15.05.2012;04:00:39;1017.8;5.952;61.1;13.1
2012;15.05.2012;04:20:39;1017.8;5.922;61.6;12.9
2012;15.05.2012;04:40:39;1017.8;5.961;62;12.9
2012;15.05.2012;05:00:39;1017.8;6.403;70.6;12
2012;15.05.2012;05:20:39;1017.9;6.608;74.8;11.6
2012;15.05.2012;05:40:39;1018;6.715;76.5;11.5
2012;15.05.2012;06:00:39;1018.1;6.777;75.7;11.8
2012;15.05.2012;06:20:39;1018.1;6.502;71.7;12
2012;15.05.2012;06:40:39;1018.2;6.258;67.7;12.3
2012;15.05.2012;07:00:39;1018.3;6.207;68.5;12
2012;15.05.2012;07:40:39;1018.3;6.292;66.3;12.7
2012;15.05.2012;08:00:39;1018.3;6.414;66.7;12.9
2012;15.05.2012;08:20:39;1018.3;6.508;69;12.6
2012;15.05.2012;08:40:39;1018.2;6.454;67.1;12.9
2012;15.05.2012;09:00:39;1018.1;6.445;59.6;14.7
2012;15.05.2012;09:20:40;1018;6.231;55.1;15.4
2012;15.05.2012;09:40:40;1017.9;6.201;53.1;15.9
2012;15.05.2012;10:00:39;1017.7;6.005;49.5;16.5
2012;15.05.2012;10:40:39;1017.7;6.518;52;17
2012;15.05.2012;11:00:39;1017.6;6.932;65.7;14.3
2012;15.05.2012;11:20:39;1017.5;6.308;53.3;16.1
2012;15.05.2012;11:40:39;1017.3;6.049;45.9;17.8
2012;15.05.2012;12:00:39;1017.2;5.767;43.5;17.9
2012;15.05.2012;12:20:39;1017.2;5.81;42.2;18.5
2012;15.05.2012;12:40:39;1017.2;6.548;53.9;16.5
2012;15.05.2012;13:00:39;1017.3;6.225;52.6;16.1
2012;15.05.2012;13:20:39;1017.4;6.571;57.3;15.6
2012;15.05.2012;13:40:39;1017.4;6.744;61.1;15
2012;15.05.2012;14:00:39;1017.4;6.547;53.9;16.5
2012;15.05.2012;14:20:39;1017.4;6.649;51.7;17.4
2012;15.05.2012;14:40:39;1017.4;6.753;53.5;17.1
2012;15.05.2012;15:00:39;1017.2;5.975;46.5;17.4
2012;15.05.2012;15:20:39;1017.1;6.147;44.9;18.4
2012;15.05.2012;15:40:39;1016.9;5.802;42.4;18.4
2012;15.05.2012;16:00:39;1016.8;5.881;41.9;18.8
2012;15.05.2012;16:20:39;1016.6;5.843;40.6;19.2
2012;15.05.2012;16:40:39;1016.5;5.893;42.5;18.6
2012;15.05.2012;17:00:39;1016.5;5.958;42.7;18.7
2012;15.05.2012;17:20:39;1016.5;5.591;40.6;18.5
2012;15.05.2012;17:40:39;1016.5;5.911;42.9;18.5
2012;15.05.2012;18:00:39;1016.5;6.535;54.1;16.4
2012;15.05.2012;18:20:39;1016.4;6.572;54.4;16.4
2012;15.05.2012;18:40:38;1016.3;6.421;53.5;16.3
2012;15.05.2012;19:00:39;1016.3;6.476;54.3;16.2
2012;15.05.2012;19:20:39;1016.4;6.963;61.8;15.3
2012;15.05.2012;19:40:39;1016.5;7.039;64.1;14.9
2012;15.05.2012;20:00:39;1016.5;6.861;62.1;15
2012;15.05.2012;20:20:39;1016.7;6.608;58.7;15.3
2012;15.05.2012;20:40:39;1016.7;6.826;62.2;14.9
2012;15.05.2012;21:00:39;1016.8;6.996;65.4;14.5
2012;15.05.2012;21:20:39;1016.8;6.78;63;14.6
2012;15.05.2012;21:40:38;1016.9;6.885;64.8;14.4
2012;15.05.2012;22:00:39;1017;6.901;65.8;14.2
2012;15.05.2012;22:20:39;1017;6.832;66;14
2012;15.05.2012;22:40:39;1016.9;6.701;63.9;14.2
2012;15.05.2012;23:00:39;1016.9;6.72;67.5;13.4
2012;15.05.2012;23:20:39;1016.8;6.852;71.1;12.9
2012;15.05.2012;23:40:39;1016.6;7.072;74.8;12.6
2012;16.05.2012;00:00:39;1016.5;6.934;75.3;12.2
2012;16.05.2012;00:20:39;1016.5;7.042;78.5;11.8
2012;16.05.2012;00:40:39;1016.4;7.026;77.8;11.9
2012;16.05.2012;01:00:39;1016.3;6.825;76.6;11.7
2012;16.05.2012;01:20:39;1016.2;6.647;75.1;11.6
2012;16.05.2012;01:40:39;1016.1;6.524;75.2;11.3
2012;16.05.2012;02:20:39;1015.9;6.683;79.6;10.8
2012;16.05.2012;02:40:39;1015.8;6.87;81.8;10.8
2012;16.05.2012;03:00:39;1015.8;6.857;81.1;10.9
2012;16.05.2012;03:20:39;1015.7;6.743;80.3;10.8
2012;16.05.2012;03:40:39;1015.7;6.589;80.6;10.4
2012;16.05.2012;04:00:39;1015.7;6.567;79.8;10.5
2012;16.05.2012;04:20:39;1015.5;6.638;80.1;10.6
2012;16.05.2012;04:40:39;1015.4;6.535;81;10.2
2012;16.05.2012;05:00:39;1015.2;6.59;79.5;10.6
2012;16.05.2012;05:20:39;1015.1;6.508;80.1;10.3
2012;16.05.2012;05:40:39;1015;6.546;81.1;10.2
2012;16.05.2012;06:00:39;1014.9;6.475;82.4;9.8
2012;16.05.2012;06:20:39;1014.9;6.356;80.9;9.8
2012;16.05.2012;06:40:39;1015;6.455;81.6;9.9
2012;16.05.2012;07:00:39;1015.1;6.45;82.1;9.8
2012;16.05.2012;07:20:39;1015.2;6.525;82.5;9.9
2012;16.05.2012;07:40:39;1015.1;6.614;82.5;10.1
2012;16.05.2012;08:00:39;1015;6.75;82.5;10.4
2012;16.05.2012;08:20:39;1015;6.648;81.8;10.3
2012;16.05.2012;08:40:38;1014.9;6.797;82.5;10.5
2012;16.05.2012;09:00:39;1014.8;6.727;82.2;10.4
2012;16.05.2012;09:20:39;1014.7;6.74;82.9;10.3
2012;16.05.2012;09:40:39;1014.7;6.776;80.6;10.8
2012;16.05.2012;10:00:39;1014.7;6.764;81;10.7
2012;16.05.2012;10:20:38;1014.6;6.702;79.2;10.9
2012;16.05.2012;10:40:38;1014.6;6.726;80;10.8
2012;16.05.2012;11:00:39;1014.3;6.798;80.3;10.9
2012;16.05.2012;11:20:39;1014.2;6.822;79.5;11.1
2012;16.05.2012;11:40:39;1014;6.98;79.7;11.4
2012;16.05.2012;12:00:39;1013.9;6.914;80;11.2
2012;16.05.2012;12:20:39;1013.8;6.998;81.5;11.1
2012;16.05.2012;12:40:39;1013.7;7.242;84.3;11.1
2012;16.05.2012;13:00:39;1013.6;7.23;83.6;11.2
2012;16.05.2012;13:20:39;1013.5;7.527;84.7;11.6
2012;16.05.2012;13:40:39;1013.3;7.721;85.7;11.8
2012;16.05.2012;14:00:39;1013.1;8.113;86.5;12.4
2012;16.05.2012;14:20:39;1013;8.163;84.2;12.9
2012;16.05.2012;14:40:39;1012.8;8.218;84.2;13
2012;16.05.2012;15:00:39;1012.7;8.274;84.2;13.1
2012;16.05.2012;15:20:39;1012.5;8.227;80.5;13.7
2012;16.05.2012;15:40:39;1012.3;7.844;78.3;13.4
2012;16.05.2012;16:00:39;1012.1;8.168;79.9;13.7
2012;16.05.2012;16:20:39;1012;8.355;79.6;14.1
2012;16.05.2012;16:40:39;1011.9;7.922;76.5;13.9
2012;16.05.2012;17:00:39;1011.8;7.662;74.5;13.8
2012;16.05.2012;17:20:39;1011.8;7.664;75.5;13.6
2012;16.05.2012;17:40:39;1012;7.643;75.8;13.5
2012;16.05.2012;18:00:39;1012.2;7.622;77.1;13.2
2012;16.05.2012;18:20:39;1012.5;7.553;83.8;11.8
2012;16.05.2012;18:40:39;1013.1;7.479;86.4;11.2
2012;16.05.2012;19:00:39;1013.6;7.378;87;10.9
2012;16.05.2012;19:20:39;1014;7.392;87.2;10.9
2012;16.05.2012;19:40:39;1014.3;7.198;86.1;10.7
2012;16.05.2012;20:00:39;1014.6;7.156;86.2;10.6
2012;16.05.2012;20:20:39;1014.8;7.081;85.9;10.5
2012;16.05.2012;20:40:39;1015;6.854;84.3;10.3
2012;16.05.2012;21:00:40;1015.1;6.793;84.7;10.1
2012;16.05.2012;21:20:39;1015.3;6.758;86;9.8
2012;16.05.2012;21:40:39;1015.5;6.752;87.1;9.6
2012;16.05.2012;22:00:38;1015.6;6.459;84.5;9.4
2012;16.05.2012;22:20:39;1015.6;6.339;83.5;9.3
2012;16.05.2012;22:40:39;1015.6;6.305;82.5;9.4
2012;16.05.2012;23:00:39;1015.5;6.418;85.1;9.2
2012;16.05.2012;23:20:39;1015.5;6.416;84.5;9.3
2012;16.05.2012;23:40:39;1015.5;6.419;82.3;9.7
2012;17.05.2012;00:00:39;1015.5;6.701;85.3;9.8
2012;17.05.2012;00:20:39;1015.4;6.549;84.5;9.6
2012;17.05.2012;00:40:39;1015.2;6.537;84.9;9.5
2012;17.05.2012;01:00:39;1015;6.431;85.8;9.1
2012;17.05.2012;01:20:39;1014.9;6.299;85.2;8.9
2012;17.05.2012;01:40:39;1014.9;6.215;83.5;9
2012;17.05.2012;02:00:39;1014.8;6.03;82.7;8.7
2012;17.05.2012;02:20:39;1014.8;5.868;82.7;8.3
2012;17.05.2012;02:40:39;1014.7;5.88;84;8.1
2012;17.05.2012;03:00:39;1014.6;5.768;84.1;7.8
2012;17.05.2012;03:20:40;1014.5;5.621;83.1;7.6
2012;17.05.2012;03:40:39;1014.4;5.603;81.7;7.8
2012;17.05.2012;04:00:39;1014.3;5.537;84.7;7.1
2012;17.05.2012;04:20:39;1014.2;5.483;87.4;6.5
2012;17.05.2012;04:40:39;1014.2;5.527;86.3;6.8
2012;17.05.2012;05:00:39;1014.1;5.425;85.3;6.7
2012;17.05.2012;05:20:39;1014.1;5.42;87.6;6.3
2012;17.05.2012;05:40:39;1014.1;5.458;86.4;6.6
2012;17.05.2012;06:00:39;1014.2;5.166;84.7;6.1
2012;17.05.2012;06:20:39;1014.2;5.173;85.4;6
2012;17.05.2012;06:40:39;1014.3;5.369;86.2;6.4
2012;17.05.2012;07:00:39;1014.4;5.576;85.3;7.1
2012;17.05.2012;07:20:39;1014.5;5.766;83.5;7.9
2012;17.05.2012;07:40:39;1014.5;5.772;81.9;8.2
2012;17.05.2012;08:00:39;1014.6;5.863;81.5;8.5
2012;17.05.2012;08:20:40;1014.6;6.098;83.6;8.7
2012;17.05.2012;08:40:40;1014.7;6.149;82.6;9
2012;17.05.2012;09:00:39;1014.7;6.501;84.4;9.5
2012;17.05.2012;09:20:39;1014.8;6.803;84.8;10.1
2012;17.05.2012;09:40:39;1014.8;6.563;83.5;9.8
2012;17.05.2012;10:00:39;1014.9;6.519;82.4;9.9
2012;17.05.2012;10:20:39;1015;6.455;81.6;9.9
2012;17.05.2012;10:40:39;1015;6.342;80.2;9.9
2012;17.05.2012;11:00:39;1015;6.453;78.9;10.4
2012;17.05.2012;11:20:40;1014.9;6.442;77.2;10.7
2012;17.05.2012;11:40:39;1014.9;6.687;78;11.1
2012;17.05.2012;12:00:39;1014.9;6.703;72.7;12.2
2012;17.05.2012;12:20:40;1014.8;6.502;66.5;13.1
2012;17.05.2012;12:40:40;1014.7;6.434;67.1;12.8
2012;17.05.2012;13:20:39;1014.4;6.409;61;14.2
2012;17.05.2012;13:40:39;1014.4;6.686;63.6;14.2
2012;17.05.2012;14:00:40;1014.3;5.888;53.6;14.9
2012;17.05.2012;14:20:41;1014.2;5.465;47.9;15.5
2012;17.05.2012;14:40:39;1014.1;6.068;50.8;16.2
2012;17.05.2012;15:00:39;1013.9;6.466;53.4;16.4
2012;17.05.2012;15:20:39;1013.6;6.385;51.4;16.8
2012;17.05.2012;15:40:39;1013.4;6.683;55.5;16.3
2012;17.05.2012;16:00:39;1013.1;6.834;52.9;17.4
2012;17.05.2012;16:20:39;1012.8;6.652;50.2;17.8
2012;17.05.2012;16:40:41;1012.5;6.102;45.5;18
2012;17.05.2012;17:00:39;1012.4;6.265;47;17.9
2012;17.05.2012;17:20:41;1012.4;6.705;48.4;18.5
2012;17.05.2012;17:40:40;1012.4;5.764;42.2;18.3
2012;17.05.2012;18:00:39;1012.4;5.801;42.2;18.4
2012;17.05.2012;18:20:39;1012.3;5.565;40.5;18.4
2012;17.05.2012;18:40:39;1012.2;5.49;39.7;18.5
2012;17.05.2012;19:00:40;1012.1;6.068;46.1;17.7
2012;17.05.2012;19:20:39;1012.1;5.847;45;17.5
2012;17.05.2012;19:40:39;1012.1;5.69;43.8;17.5
2012;17.05.2012;20:00:39;1012.2;6.621;52.2;17.1
2012;17.05.2012;20:20:40;1012.3;7.321;59.9;16.5
2012;17.05.2012;20:40:39;1012.3;7.374;61.1;16.3
2012;17.05.2012;21:00:39;1012.4;7.291;63.6;15.5
2012;17.05.2012;21:20:39;1012.5;7.151;62.8;15.4
2012;17.05.2012;21:40:39;1012.5;7.229;66.4;14.7
2012;17.05.2012;22:00:39;1012.7;7.217;67.6;14.4
2012;17.05.2012;22:20:40;1012.7;7.303;70.2;14
2012;17.05.2012;22:40:39;1012.8;7.222;70.8;13.7
2012;17.05.2012;23:00:39;1012.9;7.181;71.8;13.4
2012;17.05.2012;23:20:40;1013;7.166;72.6;13.2
2012;17.05.2012;23:40:40;1013;7.151;73.4;13
2012;18.05.2012;00:00:39;1013.1;7.037;73.2;12.8
2012;18.05.2012;00:20:39;1013.2;7.094;73.8;12.8
2012;18.05.2012;00:40:39;1013.2;7.008;73.4;12.7
2012;18.05.2012;01:00:39;1013.2;6.907;73.3;12.5
2012;18.05.2012;01:20:39;1013.2;6.937;74.1;12.4
2012;18.05.2012;01:40:39;1013.1;6.948;75.2;12.2
2012;18.05.2012;02:00:39;1013;6.922;75.9;12
2012;18.05.2012;02:20:39;1013;6.986;77.1;11.9
2012;18.05.2012;02:40:39;1012.8;6.995;77.7;11.8
2012;18.05.2012;03:00:39;1012.8;6.965;78.4;11.6
2012;18.05.2012;03:20:39;1012.8;6.926;79;11.4
2012;18.05.2012;03:40:39;1012.9;6.906;79.3;11.3
2012;18.05.2012;04:00:39;1012.9;6.865;79.9;11.1
2012;18.05.2012;04:20:39;1013;6.879;80.6;11
2012;18.05.2012;04:40:40;1013.1;6.772;79.9;10.9
2012;18.05.2012;05:00:39;1013.2;6.737;79.5;10.9
2012;18.05.2012;05:20:39;1013.3;6.726;79.9;10.8
2012;18.05.2012;05:40:39;1013.4;6.691;79.5;10.8
2012;18.05.2012;06:00:39;1013.6;6.594;78.9;10.7
2012;18.05.2012;06:20:39;1013.7;6.661;79.7;10.7
2012;18.05.2012;06:40:39;1014;6.598;79.5;10.6
2012;18.05.2012;07:00:39;1014.2;6.635;80.5;10.5
2012;18.05.2012;07:20:39;1014.3;6.652;82.9;10.1
2012;18.05.2012;07:40:39;1014.5;6.578;82;10.1
2012;18.05.2012;08:00:39;1014.8;6.528;82.5;9.9
2012;18.05.2012;08:20:39;1015.1;6.382;80.7;9.9
2012;18.05.2012;08:40:39;1015.5;6.415;80.6;10
2012;18.05.2012;09:00:39;1015.8;6.276;78.9;10
2012;18.05.2012;09:20:40;1016.2;6.26;78.2;10.1
2012;18.05.2012;09:40:39;1016.5;6.151;77.4;10
2012;18.05.2012;10:00:39;1016.8;5.997;75;10.1
2012;18.05.2012;10:20:41;1017.1;5.914;73.5;10.2
2012;18.05.2012;10:40:41;1017.4;6.01;74.2;10.3
2012;18.05.2012;11:00:39;1017.7;6.139;74.3;10.6
2012;18.05.2012;11:20:39;1018;5.997;73.6;10.4
2012;18.05.2012;13:00:40;1019.1;5.937;71.5;10.7
2012;18.05.2012;13:20:39;1019.2;6.076;72.2;10.9
2012;18.05.2012;13:40:39;1019.4;6.097;71.5;11.1
2012;18.05.2012;14:00:39;1019.6;6.082;70.4;11.3
2012;18.05.2012;14:20:40;1019.8;6.008;70.5;11.1
2012;18.05.2012;14:40:40;1020;6.11;71.7;11.1
2012;18.05.2012;15:00:39;1020.2;6.196;72.7;11.1
2012;18.05.2012;15:20:39;1020.3;6.245;72.8;11.2
2012;18.05.2012;15:40:39;1020.5;6.28;73.7;11.1
2012;18.05.2012;16:00:39;1020.7;6.12;73.3;10.8
2012;18.05.2012;16:20:41;1020.9;6.075;72.3;10.9
2012;18.05.2012;16:40:41;1021.1;6.26;76;10.6
2012;18.05.2012;17:00:39;1021.3;6.191;76.2;10.4
2012;18.05.2012;17:20:39;1021.5;6.269;78.2;10.2
2012;18.05.2012;17:40:39;1021.7;6.073;75.8;10.2
2012;18.05.2012;18:00:40;1022;6.119;76.9;10.1
2012;18.05.2012;18:20:40;1022.2;6.083;77.5;9.9
2012;18.05.2012;18:40:40;1022.4;6.01;77.1;9.8
2012;18.05.2012;19:00:39;1022.6;5.982;77.8;9.6
2012;18.05.2012;19:20:39;1022.8;5.856;76.2;9.6
2012;18.05.2012;19:40:40;1023.1;5.862;76.3;9.6
2012;18.05.2012;20:00:39;1023.4;5.813;76.2;9.5
2012;18.05.2012;20:20:39;1023.7;5.835;76.5;9.5
2012;18.05.2012;20:40:39;1024;5.871;77;9.5
2012;18.05.2012;21:00:40;1024.2;5.833;76;9.6
2012;18.05.2012;21:20:39;1024.5;5.746;75.4;9.5
2012;18.05.2012;21:40:39;1024.8;5.852;76.8;9.5
2012;18.05.2012;22:00:39;1025;5.87;78.1;9.3
2012;18.05.2012;22:20:39;1025.2;5.899;78.5;9.3
2012;18.05.2012;22:40:39;1025.4;5.964;79.9;9.2
2012;18.05.2012;23:00:39;1025.5;5.951;79.2;9.3
2012;18.05.2012;23:20:39;1025.5;5.922;79.9;9.1
2012;18.05.2012;23:40:40;1025.6;5.95;79.2;9.3
2012;19.05.2012;00:00:39;1025.6;6.079;80.9;9.3
2012;19.05.2012;00:20:39;1025.6;5.927;81.6;8.8
2012;19.05.2012;00:40:39;1025.6;6.057;81.7;9.1
2012;19.05.2012;01:00:39;1025.5;6.101;83.4;8.9
2012;19.05.2012;01:20:39;1025.5;6.101;83.4;8.9
2012;19.05.2012;01:40:39;1025.4;6.131;83.8;8.9
2012;19.05.2012;02:00:39;1025.3;6.096;82.2;9.1
2012;19.05.2012;02:20:39;1025.3;6.119;84.2;8.8
2012;19.05.2012;02:40:39;1025.2;6.122;84.8;8.7
2012;19.05.2012;03:00:39;1025.1;6.018;84.5;8.5
2012;19.05.2012;03:20:40;1025.1;6.012;85;8.4
2012;19.05.2012;03:40:40;1025.2;5.957;84.8;8.3
2012;19.05.2012;04:00:39;1025.2;5.972;85.6;8.2
2012;19.05.2012;04:20:39;1025.2;5.958;85.4;8.2
2012;19.05.2012;04:40:39;1025.3;5.91;85.3;8.1
2012;19.05.2012;05:00:39;1025.2;5.951;85.3;8.2
2012;19.05.2012;05:20:39;1025.2;5.933;86.2;8
2012;19.05.2012;05:40:39;1025.1;6.07;86.4;8.3
2012;19.05.2012;06:00:40;1025.2;6.069;85.8;8.4
2012;19.05.2012;06:20:39;1025.2;6.153;85.8;8.6
2012;19.05.2012;06:40:40;1025.3;6.231;86.3;8.7
2012;19.05.2012;07:00:39;1025.3;6.331;86.5;8.9
2012;19.05.2012;07:20:40;1025.3;6.388;86.1;9.1
2012;19.05.2012;07:40:40;1025.3;6.25;83.7;9.2
2012;19.05.2012;08:00:40;1025.4;6.463;84.8;9.5
2012;19.05.2012;08:20:39;1025.5;6.453;86.4;9.2
2012;19.05.2012;08:40:39;1025.6;6.555;86;9.5
2012;19.05.2012;09:00:40;1025.7;6.435;85.6;9.3
2012;19.05.2012;09:20:40;1025.9;6.415;84.2;9.5
2012;19.05.2012;09:40:39;1025.9;6.5;82.5;10
2012;19.05.2012;10:00:39;1026;6.428;81.6;10
2012;19.05.2012;10:20:39;1026;6.451;79.2;10.5
2012;19.05.2012;10:40:39;1026;6.255;75.8;10.7
2012;19.05.2012;11:00:39;1026;5.852;69.1;11.1
2012;19.05.2012;11:20:39;1026;5.788;67;11.4
2012;19.05.2012;11:40:39;1026;5.597;62.7;11.9
2012;19.05.2012;12:00:40;1025.9;5.534;62;11.9
2012;19.05.2012;12:20:40;1025.8;5.573;57.7;13.1
2012;19.05.2012;12:40:39;1025.7;5.532;58.4;12.8
2012;19.05.2012;13:00:40;1025.5;5.694;57.4;13.5
2012;19.05.2012;13:20:39;1025.5;5.75;56.1;14
2012;19.05.2012;13:40:39;1025.4;6.048;58.6;14.1
2012;19.05.2012;14:00:40;1025.3;6.186;56.9;14.9
2012;19.05.2012;14:20:39;1025.2;6.435;58.4;15.1
2012;19.05.2012;14:40:39;1025.1;6.436;56.2;15.7
2012;19.05.2012;15:00:39;1025;6.164;53.5;15.8
2012;19.05.2012;15:20:39;1024.9;5.893;48;16.8
2012;19.05.2012;15:40:40;1024.7;5.398;42.9;17.2
2012;19.05.2012;16:00:40;1024.6;5.452;45;16.6
2012;19.05.2012;16:20:39;1024.4;4.775;38.7;16.9
2012;19.05.2012;16:40:39;1024.2;4.906;40;16.8
2012;19.05.2012;17:00:39;1024.1;4.856;38.6;17.2
2012;19.05.2012;17:20:39;1024;4.739;37.2;17.4
2012;19.05.2012;17:40:38;1023.9;4.69;35.9;17.8
2012;19.05.2012;18:00:40;1023.9;4.177;31.2;18.2
2012;19.05.2012;18:20:39;1023.8;4.405;33.1;18.1
2012;19.05.2012;18:40:39;1023.8;4.352;32.7;18.1
2012;19.05.2012;19:00:39;1023.7;4.95;38.1;17.7
2012;19.05.2012;19:20:39;1023.6;5.183;40.9;17.3
2012;19.05.2012;19:40:39;1023.6;5.988;48.4;16.9
2012;19.05.2012;21:20:39;1024;5.755;52.9;14.9
2012;19.05.2012;21:40:39;1024.1;5.612;54.7;14
2012;19.05.2012;22:00:38;1024.3;5.821;58.6;13.5
2012;19.05.2012;22:20:39;1024.3;5.617;56.2;13.6
2012;19.05.2012;22:40:39;1024.3;5.44;54.8;13.5
2012;19.05.2012;23:00:39;1024.2;5.494;55.7;13.4
2012;19.05.2012;23:20:39;1024.2;5.53;58.3;12.8
2012;19.05.2012;23:40:39;1024.3;5.487;57.1;13
2012;20.05.2012;00:00:39;1024.4;5.576;63.2;11.7
2012;20.05.2012;00:20:39;1024.5;5.677;65.2;11.5
2012;20.05.2012;00:40:39;1024.5;5.573;65.3;11.2
2012;20.05.2012;01:00:39;1024.4;5.555;66.4;10.9
2012;20.05.2012;01:20:39;1024.4;5.573;67.5;10.7
2012;20.05.2012;01:40:39;1024.4;5.625;69.5;10.4
2012;20.05.2012;02:00:39;1024.3;5.523;72;9.6
2012;20.05.2012;02:20:39;1024.2;5.569;70.2;10.1
2012;20.05.2012;02:40:39;1024.2;5.536;71.2;9.8
2012;20.05.2012;03:00:39;1024.2;5.616;75.2;9.2
2012;20.05.2012;03:20:39;1024.2;5.567;71.6;9.8
2012;20.05.2012;03:40:39;1024.2;5.452;70.6;9.7
2012;20.05.2012;04:00:39;1024.1;5.516;70;10
2012;20.05.2012;04:20:39;1024.1;5.473;72.8;9.3
2012;20.05.2012;04:40:39;1024.1;5.481;74.9;8.9
2012;20.05.2012;05:00:39;1024.1;5.542;74.7;9.1
2012;20.05.2012;05:20:39;1024.1;5.489;74;9.1
2012;20.05.2012;05:40:39;1024.1;5.556;74.9;9.1
2012;20.05.2012;06:00:39;1024.1;5.693;75.2;9.4
2012;20.05.2012;06:20:39;1024.2;5.744;76.9;9.2
2012;20.05.2012;06:40:39;1024.3;5.83;77;9.4
2012;20.05.2012;07:00:39;1024.4;5.937;78.4;9.4
2012;20.05.2012;07:20:39;1024.4;6.072;79.1;9.6
2012;20.05.2012;07:40:39;1024.4;6.23;80.6;9.7
2012;20.05.2012;08:00:41;1024.4;6.283;80.2;9.9
2012;20.05.2012;08:20:41;1024.4;6.393;78.9;10.4
2012;20.05.2012;08:40:39;1024.4;6.426;76.7;10.9
2012;20.05.2012;09:00:40;1024.5;6.347;77.3;10.6
2012;20.05.2012;09:20:39;1024.4;6.434;76.8;10.9
2012;20.05.2012;09:40:39;1024.4;6.549;75.6;11.4
2012;20.05.2012;10:00:39;1024.4;6.611;75.3;11.6
2012;20.05.2012;10:20:40;1024.4;6.778;73.7;12.3
2012;20.05.2012;10:40:39;1024.4;6.361;64.4;13.4
2012;20.05.2012;11:00:39;1024.3;6.1;55.7;15
2012;20.05.2012;11:20:39;1024.1;6.147;55.4;15.2
2012;20.05.2012;11:40:39;1024;6.067;56.1;14.8
2012;20.05.2012;12:00:39;1023.9;6.258;57.1;15
2012;20.05.2012;12:20:39;1023.8;6.322;55.5;15.6
2012;20.05.2012;12:40:39;1023.7;6.387;53.6;16.3
2012;20.05.2012;13:00:40;1023.5;5.823;48.9;16.3
2012;20.05.2012;13:20:39;1023.3;5.774;45.5;17.3
2012;20.05.2012;13:40:40;1023;6.577;48.9;18.2
2012;20.05.2012;14:00:39;1022.8;6.705;48.9;18.5
2012;20.05.2012;14:20:39;1022.5;6.688;46.1;19.4
2012;20.05.2012;14:40:39;1022.3;7.055;51.4;18.5
2012;20.05.2012;15:00:39;1022.1;6.436;45.2;19.1
2012;20.05.2012;15:20:41;1021.8;7.059;47.4;19.8
2012;20.05.2012;15:40:40;1021.5;7.195;47.7;20
2012;20.05.2012;16:00:39;1021.2;6.175;38.3;21.1
2012;20.05.2012;16:20:39;1021;7.36;46.4;20.8
2012;20.05.2012;16:40:39;1020.7;6.453;39.5;21.3
2012;20.05.2012;17:00:39;1020.4;6.361;37.3;22
2012;20.05.2012;17:40:40;1020.1;6.281;36.6;22.1
2012;20.05.2012;18:00:39;1019.9;6.139;34.7;22.6
2012;20.05.2012;18:20:39;1019.7;6.232;35;22.7
2012;20.05.2012;18:40:41;1019.6;6.23;35.2;22.6
2012;20.05.2012;19:00:39;1019.5;6.179;34.7;22.7
2012;20.05.2012;19:20:39;1019.4;6.328;36.4;22.3
2012;20.05.2012;19:40:39;1019.3;5.904;34.4;22.1
2012;20.05.2012;20:00:39;1019.3;6.625;37.4;22.6
2012;20.05.2012;20:20:39;1019.3;6.93;40.8;21.9
2012;20.05.2012;20:40:39;1019.3;6.741;39.7;21.9
2012;20.05.2012;21:00:39;1019.3;7.404;46.6;20.8
2012;20.05.2012;21:20:39;1019.3;7.288;48.5;19.9
2012;20.05.2012;21:40:39;1019.4;7.255;49.5;19.5
2012;20.05.2012;22:00:39;1019.3;7.084;50.5;18.8
2012;20.05.2012;22:20:39;1019.3;7.129;50.5;18.9
2012;20.05.2012;22:40:39;1019.3;6.969;50;18.7
2012;20.05.2012;23:00:39;1019.3;6.686;48.6;18.5
2012;20.05.2012;23:20:39;1019.2;6.791;50.6;18.1
2012;20.05.2012;23:40:39;1019.2;8.132;66.9;16.5
2012;21.05.2012;00:00:40;1019;7.209;57.9;16.9
2012;21.05.2012;00:20:40;1018.9;8.455;70.4;16.3
2012;21.05.2012;00:40:40;1018.9;8.67;74.5;15.8
2012;21.05.2012;01:00:39;1018.7;7.365;62.6;16
2012;21.05.2012;01:20:39;1018.9;7.328;63.1;15.8
2012;21.05.2012;01:40:39;1019.1;7.347;64.1;15.6
2012;21.05.2012;02:00:39;1019.5;7.394;62.5;16.1
2012;21.05.2012;02:20:41;1019.7;7.357;61.8;16.2
2012;21.05.2012;02:40:39;1019.5;7.937;66.6;16.2
2012;21.05.2012;03:00:39;1019.2;7.204;57.5;17
2012;21.05.2012;03:20:39;1019.2;7.085;56.2;17.1
2012;21.05.2012;03:40:39;1019.1;7.591;62.1;16.6
2012;21.05.2012;04:00:39;1019.6;7.247;58.6;16.8
2012;21.05.2012;04:20:39;1019.9;7.507;60.7;16.8
2012;21.05.2012;04:40:39;1020;7.999;66.3;16.4
2012;21.05.2012;05:00:39;1020;8.088;66.6;16.5
2012;21.05.2012;05:20:39;1019.4;8.187;69.1;16.1
2012;21.05.2012;05:40:38;1019.2;8.088;68.7;16
2012;21.05.2012;06:00:39;1019.2;8.018;66.4;16.4
2012;21.05.2012;06:20:39;1019.1;8.448;75;15.3
2012;21.05.2012;06:40:39;1019.1;8.472;71;16.2
2012;21.05.2012;07:00:40;1019.3;8.26;69.7;16.1
2012;21.05.2012;07:20:39;1019.3;8.686;77.6;15.2
2012;21.05.2012;07:40:39;1019.2;8.776;79.4;15
2012;21.05.2012;08:00:39;1019.3;8.9;80;15.1
2012;21.05.2012;08:20:39;1019.4;9.043;78.2;15.7
2012;21.05.2012;08:40:39;1019.5;9.279;77.2;16.3
2012;21.05.2012;09:00:39;1019.6;9.129;71.3;17.3
2012;21.05.2012;09:20:39;1019.7;9.317;72.3;17.4
2012;21.05.2012;09:40:39;1019.8;9.376;72.3;17.5
2012;21.05.2012;10:00:39;1019.9;9.158;71.1;17.4
2012;21.05.2012;10:20:38;1020.1;9.103;69.8;17.6
2012;21.05.2012;10:40:39;1020.1;9.052;71.2;17.2
2012;21.05.2012;11:00:39;1020.1;9.275;68.9;18.1
2012;21.05.2012;11:20:39;1020.1;9.052;70.3;17.4
2012;21.05.2012;11:40:39;1020;9.079;70.5;17.4
2012;21.05.2012;12:00:39;1019.8;9.16;68.9;17.9
2012;21.05.2012;12:20:39;1019.6;9.28;68.9;18.1
2012;21.05.2012;12:40:39;1019.3;9.422;66.5;18.9
2012;21.05.2012;13:00:39;1018.9;8.999;66.8;18.1
2012;21.05.2012;13:20:39;1018.6;8.997;64.3;18.7
2012;21.05.2012;13:40:39;1018.3;8.579;60.2;19
2012;21.05.2012;14:00:39;1018.2;8.573;59.4;19.2
2012;21.05.2012;14:20:39;1017.9;8.569;57.9;19.6
2012;21.05.2012;14:40:39;1017.8;8.684;58.3;19.7
2012;21.05.2012;15:00:39;1017.8;8.447;53;20.8
2012;21.05.2012;15:40:39;1017.6;9.01;58.6;20.2
2012;21.05.2012;16:00:39;1017.6;8.276;52.9;20.5
2012;21.05.2012;16:20:39;1017.5;8.504;55;20.3
2012;21.05.2012;16:40:39;1017.4;8.281;55.6;19.7
2012;21.05.2012;17:00:39;1017.2;8.577;57.2;19.8
2012;21.05.2012;17:20:39;1017;8.256;53.4;20.3
2012;21.05.2012;17:40:39;1016.4;8.651;58;19.7
2012;21.05.2012;18:00:39;1016.1;8.179;55.2;19.6
2012;21.05.2012;18:20:39;1015.8;8.168;55.8;19.4
2012;21.05.2012;18:40:39;1015.6;8.042;52.6;20.1
2012;21.05.2012;19:00:39;1015.3;8;54.3;19.5
2012;21.05.2012;19:20:39;1015;8.007;55.7;19.1
2012;21.05.2012;19:40:39;1014.9;7.971;55.1;19.2
2012;21.05.2012;20:00:39;1014.8;8.819;63.6;18.5
2012;21.05.2012;20:20:39;1014.8;8.362;59.6;18.7
2012;21.05.2012;20:40:39;1015.5;8.081;55.2;19.4
2012;21.05.2012;21:00:39;1016.1;9.404;67;18.7
2012;21.05.2012;21:20:39;1016.6;8.921;66.5;18
2012;21.05.2012;21:40:39;1016.8;8.96;70.7;17.1
2012;21.05.2012;22:00:39;1016.7;9.001;73.3;16.6
2012;21.05.2012;22:20:39;1016.5;9.303;82.8;15.2
2012;21.05.2012;22:40:39;1016.6;9.182;80.7;15.4
2012;21.05.2012;23:00:39;1016.6;9.237;81.7;15.3
2012;21.05.2012;23:20:39;1016.7;9.339;82.6;15.3
2012;21.05.2012;23:40:39;1017.3;9.302;81.8;15.4
2012;22.05.2012;00:00:39;1017.4;9.399;84.8;15
2012;22.05.2012;00:20:39;1017.1;9.356;86.6;14.6
2012;22.05.2012;00:40:39;1016.6;9.239;86.6;14.4
2012;22.05.2012;01:00:39;1016.7;9.344;85.9;14.7
2012;22.05.2012;01:20:39;1016.9;9.435;87.3;14.6
2012;22.05.2012;01:40:39;1016.9;9.593;89.9;14.4
2012;22.05.2012;02:00:39;1017.1;9.71;91;14.4
2012;22.05.2012;02:20:39;1017.1;9.627;91.4;14.2
2012;22.05.2012;02:40:39;1017.2;9.6;89.4;14.5
2012;22.05.2012;03:00:39;1016.8;9.587;91.6;14.1
2012;22.05.2012;03:20:39;1016.8;9.651;92.8;14
2012;22.05.2012;03:40:39;1016.8;9.652;92.8;14
2012;22.05.2012;04:00:39;1016.8;9.588;93.4;13.8
2012;22.05.2012;04:20:39;1016.8;9.661;94.1;13.8
2012;22.05.2012;04:40:39;1016.8;9.833;93.3;14.2
2012;22.05.2012;05:00:39;1017.1;9.681;92.5;14.1
2012;22.05.2012;05:20:39;1017.3;9.604;91.8;14.1
2012;22.05.2012;05:40:39;1017.5;9.269;90.4;13.8
2012;22.05.2012;06:00:39;1017.5;8.877;87.2;13.7
2012;22.05.2012;06:20:39;1017.4;8.744;87.6;13.4
2012;22.05.2012;06:40:39;1017.4;8.849;89.8;13.2
2012;22.05.2012;07:00:39;1017.5;8.859;90.5;13.1
2012;22.05.2012;07:20:39;1017.6;8.943;89;13.5
2012;22.05.2012;07:40:39;1017.5;8.911;88.1;13.6
2012;22.05.2012;08:00:39;1017.5;8.808;87.1;13.6
2012;22.05.2012;08:20:39;1017.6;8.828;87.3;13.6
2012;22.05.2012;08:40:39;1017.6;8.961;88.6;13.6
2012;22.05.2012;09:00:39;1017.7;8.715;84;14
2012;22.05.2012;09:20:39;1017.8;8.539;83.4;13.8
2012;22.05.2012;09:40:39;1017.9;8.427;81.8;13.9
2012;22.05.2012;10:00:39;1017.9;8.45;83.1;13.7
2012;22.05.2012;10:20:39;1018;8.625;83.7;13.9
2012;22.05.2012;10:40:39;1017.9;8.615;83.6;13.9
2012;22.05.2012;11:00:39;1017.9;8.88;86.7;13.8
2012;22.05.2012;11:20:39;1017.9;8.761;83.9;14.1
2012;22.05.2012;11:40:39;1017.7;8.996;83.9;14.5
2012;22.05.2012;12:00:39;1017.4;9.387;84.7;15
2012;22.05.2012;12:40:39;1016.9;8.9;76.3;15.8
2012;22.05.2012;13:00:39;1016.6;9.005;75.7;16.1
2012;22.05.2012;13:20:38;1016.3;8.604;71.9;16.2
2012;22.05.2012;13:40:39;1016.2;8.749;71.7;16.5
2012;22.05.2012;14:00:39;1016;9.051;74.6;16.4
2012;22.05.2012;14:20:39;1015.9;8.696;70.8;16.6
2012;22.05.2012;14:40:39;1015.8;8.6;67.4;17.2
2012;22.05.2012;15:00:39;1015.7;8.222;65.3;17
2012;22.05.2012;15:20:39;1015.6;8.428;63.6;17.8
2012;22.05.2012;15:40:39;1015.4;8.32;62;18
2012;22.05.2012;16:00:39;1015.1;7.351;55.2;17.9
2012;22.05.2012;16:20:39;1014.9;7.165;52.8;18.2
2012;22.05.2012;16:40:39;1014.9;7.751;56;18.5
2012;22.05.2012;17:00:39;1014.8;7.519;54;18.6
2012;22.05.2012;17:20:39;1014.9;7.935;55.2;19.1
2012;22.05.2012;17:40:39;1014.9;7.76;53;19.4
2012;22.05.2012;18:00:39;1014.7;7.767;53.7;19.2
2012;22.05.2012;18:20:39;1014.4;7.857;54.3;19.2
2012;22.05.2012;18:40:39;1014.4;7.652;53.9;18.9
2012;22.05.2012;19:00:39;1014.3;8.518;62.6;18.2
2012;22.05.2012;19:20:39;1014.4;8.1;59.2;18.3
2012;22.05.2012;19:40:39;1014.6;8.779;63.3;18.5
2012;22.05.2012;20:00:39;1014.8;8.239;58;18.9
2012;22.05.2012;20:20:39;1014.9;8.148;58.1;18.7
2012;22.05.2012;20:40:39;1015.1;8.142;58.8;18.5
2012;22.05.2012;21:00:39;1015.5;8.303;61.5;18.1
2012;22.05.2012;21:20:39;1016.2;8.192;65.5;16.9
2012;22.05.2012;21:40:39;1016.8;8.15;69.5;15.9
2012;22.05.2012;22:00:39;1017.2;7.904;70.1;15.3
2012;22.05.2012;22:20:39;1017.6;7.338;67.3;14.8
2012;22.05.2012;22:40:39;1018;7.153;67.8;14.3
2012;22.05.2012;23:00:39;1018.2;6.954;66.8;14.1
2012;22.05.2012;23:20:39;1018.2;6.95;67.2;14
2012;22.05.2012;23:40:39;1018.1;7.035;66.7;14.3
2012;23.05.2012;00:20:39;1018.3;6.776;64.7;14.2
2012;23.05.2012;00:40:38;1018.3;6.795;65.3;14.1
2012;23.05.2012;01:00:39;1018.2;6.74;65.2;14
2012;23.05.2012;01:20:39;1018.1;6.757;66.2;13.8
2012;23.05.2012;01:40:39;1017.8;6.884;68.3;13.6
2012;23.05.2012;02:00:39;1017.6;6.828;67.3;13.7
2012;23.05.2012;02:20:39;1017.3;7.143;70.8;13.6
2012;23.05.2012;02:40:39;1017.2;7.218;72;13.5
2012;23.05.2012;03:00:39;1017.1;7.292;73.2;13.4
2012;23.05.2012;03:20:39;1016.9;7.556;76.8;13.2
2012;23.05.2012;03:40:39;1016.8;7.556;77.8;13
2012;23.05.2012;04:00:39;1016.7;7.652;79.8;12.8
2012;23.05.2012;04:20:39;1016.5;7.901;82.9;12.7
2012;23.05.2012;04:40:39;1016.5;7.793;83.4;12.4
2012;23.05.2012;05:00:39;1016.7;7.858;84.1;12.4
2012;23.05.2012;05:20:39;1016.8;8.036;86;12.4
2012;23.05.2012;05:40:39;1017;7.963;85.8;12.3
2012;23.05.2012;06:00:39;1017.1;7.999;86.2;12.3
2012;23.05.2012;06:20:39;1017.3;7.76;85.9;11.9
2012;23.05.2012;06:40:38;1017.4;7.866;86.5;12
2012;23.05.2012;07:00:39;1017.5;7.886;87.3;11.9
2012;23.05.2012;07:20:39;1017.5;7.807;85.3;12.1
2012;23.05.2012;07:40:39;1017.6;7.759;84.8;12.1
2012;23.05.2012;08:00:39;1017.8;7.75;86.4;11.8
2012;23.05.2012;08:20:40;1018;7.91;87.6;11.9
2012;23.05.2012;08:40:39;1018.2;7.952;87.5;12
2012;23.05.2012;09:00:39;1018.4;8.024;88.3;12
2012;23.05.2012;09:20:39;1018.7;8.012;88.2;12
2012;23.05.2012;09:40:39;1019;8.101;88.6;12.1
2012;23.05.2012;10:00:39;1019.2;7.999;88.1;12
2012;23.05.2012;10:20:39;1019.5;8.051;88.1;12.1
2012;23.05.2012;10:40:39;1019.7;7.954;86.5;12.2
2012;23.05.2012;11:00:39;1019.9;7.825;85.7;12.1
2012;23.05.2012;11:20:39;1020.1;7.818;86.2;12
2012;23.05.2012;11:40:39;1020.2;7.804;85.5;12.1
2012;23.05.2012;12:00:39;1020.5;7.885;86.4;12.1
2012;23.05.2012;12:20:39;1020.7;7.791;85.4;12.1
2012;23.05.2012;12:40:40;1020.9;7.646;84.4;12
2012;23.05.2012;13:00:39;1021.1;7.53;83.7;11.9
2012;23.05.2012;13:20:39;1021.3;7.492;84.4;11.7
2012;23.05.2012;13:40:39;1021.4;7.694;84.4;12.1
2012;23.05.2012;14:00:39;1021.5;7.665;84.1;12.1
2012;23.05.2012;14:20:39;1021.6;7.437;81.1;12.2
2012;23.05.2012;14:40:43;1021.8;7.359;80.8;12.1
2012;23.05.2012;15:00:39;1022;7.428;83.2;11.8
2012;23.05.2012;15:20:39;1022.1;7.662;85.8;11.8
2012;23.05.2012;15:40:40;1022.3;7.715;84.7;12.1
2012;23.05.2012;16:00:39;1022.5;7.667;83.1;12.3
2012;23.05.2012;16:20:39;1022.6;7.337;80.1;12.2
2012;23.05.2012;16:40:39;1022.7;7.516;81.5;12.3
2012;23.05.2012;17:00:40;1022.8;7.235;78.5;12.3
2012;23.05.2012;17:20:41;1023;7.327;79.5;12.3
2012;23.05.2012;17:40:41;1023.2;7.185;78.5;12.2
2012;23.05.2012;18:00:39;1023.3;7.226;80;12
2012;23.05.2012;18:20:39;1023.4;7.301;80.3;12.1
2012;23.05.2012;18:40:39;1023.5;7.158;79.8;11.9
2012;23.05.2012;19:00:39;1023.7;7.214;79.9;12
2012;23.05.2012;19:20:39;1023.9;7.133;78;12.2
2012;23.05.2012;20:00:39;1024.3;7.001;75.1;12.5
2012;23.05.2012;20:20:40;1024.5;7.092;77.6;12.2
2012;23.05.2012;20:40:39;1024.7;6.719;73.1;12.3
2012;23.05.2012;21:00:42;1024.9;6.766;74.1;12.2
2012;23.05.2012;21:20:39;1025.1;6.865;74.7;12.3
2012;23.05.2012;21:40:39;1025.4;6.946;77.6;11.9
2012;23.05.2012;22:00:40;1025.7;6.96;78.3;11.8
2012;23.05.2012;22:20:39;1025.9;6.797;76.5;11.8
2012;23.05.2012;22:40:39;1026;6.569;73;12
2012;23.05.2012;23:00:39;1026.2;6.715;75.6;11.8
2012;23.05.2012;23:20:39;1026.2;6.599;75.3;11.6
2012;23.05.2012;23:40:40;1026.2;6.634;75.7;11.6
2012;24.05.2012;00:00:40;1026.3;6.542;73.2;11.9
2012;24.05.2012;00:20:40;1026.3;6.828;77.9;11.6
2012;24.05.2012;00:40:41;1026.5;6.837;77.5;11.7
2012;24.05.2012;01:00:40;1026.7;6.826;77.9;11.6
2012;24.05.2012;01:20:40;1026.8;6.929;81.2;11.2
2012;24.05.2012;01:40:39;1026.9;7.01;83.8;10.9
2012;24.05.2012;02:00:40;1026.9;7.039;84.7;10.8
2012;24.05.2012;02:20:40;1026.9;6.833;81.7;10.9
2012;24.05.2012;02:40:40;1026.9;6.972;82.8;11
2012;24.05.2012;03:00:39;1026.9;6.829;83.3;10.6
2012;24.05.2012;03:20:40;1026.9;6.716;81.4;10.7
2012;24.05.2012;03:40:40;1027;6.629;80.9;10.6
2012;24.05.2012;04:00:39;1027.1;6.624;78.2;11.1
2012;24.05.2012;04:20:40;1027.2;6.628;80.9;10.6
2012;24.05.2012;04:40:39;1027.2;6.673;86.5;9.7
2012;24.05.2012;05:00:39;1027.1;6.656;85.7;9.8
2012;24.05.2012;05:20:40;1027.1;6.58;85.3;9.7
2012;24.05.2012;05:40:39;1027;6.531;84.1;9.8
2012;24.05.2012;06:00:39;1027;6.494;85.9;9.4
2012;24.05.2012;06:20:39;1027.1;6.682;86.6;9.7
2012;24.05.2012;06:40:39;1027.1;6.468;81.1;10.2
2012;24.05.2012;07:00:39;1027.1;6.496;80.9;10.3
2012;24.05.2012;07:20:39;1027.1;6.612;80.7;10.6
2012;24.05.2012;07:40:41;1027.2;6.621;78.7;11
2012;24.05.2012;08:00:39;1027.2;6.768;81.5;10.8
2012;24.05.2012;08:20:39;1027.3;6.929;80.7;11.3
2012;24.05.2012;08:40:39;1027.3;6.881;79.1;11.5
2012;24.05.2012;09:00:39;1027.5;7.182;78.8;12.2
2012;24.05.2012;09:20:40;1027.5;7.09;77.8;12.2
2012;24.05.2012;09:40:40;1027.5;7.217;79.7;12.1
2012;24.05.2012;10:00:39;1027.4;7.307;79.1;12.4
2012;24.05.2012;10:20:39;1027.3;7.477;78.3;12.9
2012;24.05.2012;10:40:39;1027.2;7.284;76.3;12.9
2012;24.05.2012;11:00:40;1027.2;7.51;73.2;14
2012;24.05.2012;11:20:39;1027.1;7.568;72.8;14.2
2012;24.05.2012;11:40:39;1027.1;7.569;68.7;15.1
2012;24.05.2012;12:00:41;1027.2;7.151;62.5;15.7
2012;24.05.2012;12:20:39;1027.1;7.091;60.8;16
2012;24.05.2012;12:40:39;1027.1;6.67;56.5;16.2
2012;24.05.2012;13:00:41;1027.1;7.037;59.2;16.3
2012;24.05.2012;13:20:39;1027.1;7.007;59.7;16.1
2012;24.05.2012;13:40:41;1027.1;6.952;56.3;16.9
2012;24.05.2012;14:00:39;1027;7.169;57.3;17.1
2012;24.05.2012;14:20:40;1026.9;6.916;54.6;17.3
2012;24.05.2012;14:40:39;1026.7;6.682;52.1;17.5
2012;24.05.2012;15:00:39;1026.6;6.375;49.1;17.7
2012;24.05.2012;15:20:39;1026.5;6.205;47.8;17.7
2012;24.05.2012;15:40:39;1026.5;6.636;49.5;18.2
2012;24.05.2012;16:00:40;1026.4;6.224;45.3;18.6
2012;24.05.2012;16:20:39;1026.3;5.826;42.7;18.5
2012;24.05.2012;16:40:39;1026.3;5.552;40.2;18.7
2012;24.05.2012;17:00:39;1026.3;5.534;38.6;19.3
2012;24.05.2012;17:20:39;1026.3;5.58;39.9;18.9
2012;24.05.2012;17:40:39;1026.3;5.672;40.3;19
2012;24.05.2012;18:00:41;1026.3;5.486;38.5;19.2
2012;24.05.2012;18:20:41;1026.3;5.897;41.1;19.3
2012;24.05.2012;18:40:40;1026.3;5.6;39.3;19.2
2012;24.05.2012;19:00:41;1026.4;5.635;39.3;19.3
2012;24.05.2012;19:20:39;1026.4;5.63;38.3;19.7
2012;24.05.2012;19:40:39;1026.5;5.799;41.2;19
2012;24.05.2012;20:00:40;1026.6;7.341;56.1;17.8
2012;24.05.2012;20:20:39;1026.7;5.87;43.3;18.4
2012;24.05.2012;20:40:39;1026.8;5.76;42.5;18.4
2012;24.05.2012;21:00:40;1026.8;6.138;47.3;17.7
2012;24.05.2012;21:20:39;1027;6.247;50;17.1
2012;24.05.2012;21:40:39;1027.1;6.375;53;16.5
2012;24.05.2012;22:00:40;1027.3;6.51;56.6;15.8
2012;24.05.2012;22:20:39;1027.5;6.581;58.7;15.4
2012;24.05.2012;22:40:39;1027.6;6.548;58.8;15.3
2012;24.05.2012;23:00:40;1027.7;6.611;61.7;14.7
2012;24.05.2012;23:20:41;1027.7;6.643;62.4;14.6
2012;24.05.2012;23:40:39;1027.8;6.756;64.7;14.3
2012;25.05.2012;00:00:39;1027.9;6.697;65.4;14
2012;25.05.2012;00:20:39;1027.9;6.62;63;14.4
2012;25.05.2012;00:40:39;1027.9;6.573;64.2;14
2012;25.05.2012;01:00:39;1028.1;7.247;74.5;13.2
2012;25.05.2012;01:20:40;1028.2;6.718;70.5;12.9
2012;25.05.2012;01:40:39;1028.3;6.636;68.3;13.2
2012;25.05.2012;02:00:39;1028.3;6.68;68.3;13.3
2012;25.05.2012;02:20:39;1028.3;6.638;67;13.5
2012;25.05.2012;02:40:39;1028.3;6.578;66.4;13.5
2012;25.05.2012;03:00:39;1028.3;6.623;70.9;12.6
2012;25.05.2012;03:20:40;1028.3;6.528;69.9;12.6
2012;25.05.2012;03:40:39;1028.3;6.571;72.7;12.1
2012;25.05.2012;04:00:41;1028.4;6.798;77.2;11.7
2012;25.05.2012;04:20:40;1028.5;6.622;78.8;11
2012;25.05.2012;04:40:39;1028.5;6.427;79.1;10.5
2012;25.05.2012;05:00:39;1028.6;6.392;75.6;11.1
2012;25.05.2012;05:20:39;1028.6;6.599;77;11.3
2012;25.05.2012;05:40:39;1028.7;6.438;78.2;10.7
2012;25.05.2012;06:00:39;1028.7;6.366;75.3;11.1
2012;25.05.2012;06:20:39;1028.7;6.279;76.8;10.6
2012;25.05.2012;06:40:39;1028.7;6.484;77.2;11
2012;25.05.2012;07:00:39;1028.8;6.573;75.2;11.6
2012;25.05.2012;07:20:39;1028.9;7.279;82.1;11.8
2012;25.05.2012;07:40:40;1029;7.327;82.1;11.9
2012;25.05.2012;08:00:39;1029;7.345;82.3;11.9
2012;25.05.2012;08:20:39;1029;7.516;82;12.3
2012;25.05.2012;08:40:40;1029.1;7.482;79;12.8
2012;25.05.2012;09:00:39;1029;7.506;76.7;13.3
2012;25.05.2012;09:20:39;1029;7.566;76.8;13.4
2012;25.05.2012;09:40:39;1029;7.715;78.3;13.4
2012;25.05.2012;10:00:39;1028.9;7.809;77.7;13.7
2012;25.05.2012;10:20:42;1028.9;7.885;74;14.6
2012;25.05.2012;10:40:40;1028.8;7.981;74.4;14.7
2012;25.05.2012;11:00:39;1028.8;8.036;73;15.1
2012;25.05.2012;11:20:39;1028.7;7.592;63.5;16.4
2012;25.05.2012;11:40:41;1028.6;7.542;59.2;17.4
2012;25.05.2012;12:00:40;1028.4;7.738;55.6;18.8
2012;25.05.2012;12:20:40;1028.3;7.258;50.9;19.2
2012;25.05.2012;12:40:39;1028.3;7.104;48.3;19.7
2012;25.05.2012;13:00:41;1028.2;7.421;47.4;20.7
2012;25.05.2012;13:20:39;1028;7.421;45.4;21.4
2012;25.05.2012;13:40:39;1027.9;7.275;43.7;21.7
2012;25.05.2012;14:00:41;1027.7;7.091;42.6;21.7
2012;25.05.2012;14:20:39;1027.5;7.062;40.9;22.3
2012;25.05.2012;14:40:39;1027.4;7.02;40.9;22.2
2012;25.05.2012;15:00:39;1027.3;6.961;38.4;23.1
2012;25.05.2012;15:20:39;1027.1;6.925;38.2;23.1
2012;25.05.2012;15:40:39;1027;6.75;35.7;23.8
2012;25.05.2012;16:00:39;1026.8;6.542;34.4;23.9
2012;25.05.2012;16:20:39;1026.8;5.819;31;23.7
2012;25.05.2012;17:00:40;1026.5;6.297;31;25
2012;25.05.2012;17:20:39;1026.4;6.121;30.5;24.8
2012;25.05.2012;17:40:39;1026.3;6.084;29.6;25.2
2012;25.05.2012;18:00:41;1026.1;6.041;30.1;24.8
2012;25.05.2012;18:20:39;1026;6.43;32.4;24.6
2012;25.05.2012;18:40:40;1025.9;6.177;30.4;25
2012;25.05.2012;19:00:39;1025.8;6.608;32.3;25.1
2012;25.05.2012;19:20:41;1025.8;7.16;36.9;24.2
2012;25.05.2012;19:40:39;1025.7;6.846;35.3;24.2
2012;25.05.2012;20:00:39;1025.7;7.147;37.5;23.9
2012;25.05.2012;20:20:39;1025.7;8.036;45;22.8
2012;25.05.2012;20:40:39;1025.8;8.594;51.1;21.8
2012;25.05.2012;21:00:39;1025.8;9.315;58.1;21
2012;25.05.2012;21:20:39;1025.9;8.337;49.9;21.7
2012;25.05.2012;21:40:39;1026;7.892;46.7;21.9
2012;25.05.2012;22:00:39;1026.1;8.063;50.1;21.1
2012;25.05.2012;22:20:39;1026.2;7.843;50.9;20.4
2012;25.05.2012;22:40:39;1026.2;7.773;51.4;20.1
2012;25.05.2012;23:00:40;1026.2;7.807;51.3;20.2
2012;25.05.2012;23:40:39;1026;7.791;55.5;18.9
2012;26.05.2012;00:00:42;1025.9;7.639;55.8;18.5
2012;26.05.2012;00:20:41;1025.8;7.656;57.7;18
2012;26.05.2012;00:40:39;1025.7;7.615;59.6;17.4
2012;26.05.2012;01:00:40;1025.7;7.664;62.3;16.8
2012;26.05.2012;01:20:39;1025.6;7.474;60;17
2012;26.05.2012;01:40:42;1025.5;7.426;60;16.9
2012;26.05.2012;02:00:41;1025.4;7.435;62.8;16.2
2012;26.05.2012;02:20:39;1025.2;7.335;65.2;15.4
2012;26.05.2012;02:40:39;1025;7.364;64.2;15.7
2012;26.05.2012;03:00:39;1024.9;7.271;63.8;15.6
2012;26.05.2012;03:20:39;1024.8;7.263;65.8;15.1
2012;26.05.2012;03:40:39;1024.8;7.291;69.1;14.4
2012;26.05.2012;04:00:39;1024.8;7.317;68.9;14.5
2012;26.05.2012;04:20:39;1024.8;7.385;70.9;14.2
2012;26.05.2012;04:40:39;1024.8;7.527;70.4;14.6
2012;26.05.2012;05:00:39;1024.8;7.483;72.3;14.1
2012;26.05.2012;05:20:39;1024.8;7.233;75.1;13
2012;26.05.2012;05:40:40;1024.8;7.293;71.4;13.9
2012;26.05.2012;06:00:39;1024.8;7.551;72;14.3
2012;26.05.2012;06:20:39;1024.8;7.303;71.5;13.9
2012;26.05.2012;06:40:40;1024.9;7.343;73.3;13.6
2012;26.05.2012;07:00:42;1025;7.347;72.4;13.8
2012;26.05.2012;07:20:39;1025.1;7.536;73.3;14
2012;26.05.2012;07:40:39;1025.2;7.827;73.2;14.6
2012;26.05.2012;08:00:39;1025.4;7.893;74.3;14.5
2012;26.05.2012;08:20:39;1025.5;8.223;75.4;14.9
2012;26.05.2012;08:40:39;1025.4;8.066;73.5;15
2012;26.05.2012;09:00:40;1025.4;8.104;71.5;15.5
2012;26.05.2012;09:20:39;1025.4;8.256;69.2;16.3
2012;26.05.2012;09:40:39;1025.4;7.996;66.2;16.5
2012;26.05.2012;10:00:39;1025.3;8.116;67.6;16.4
2012;26.05.2012;10:20:39;1025.1;8.01;66.3;16.5
2012;26.05.2012;10:40:39;1025;7.931;62;17.4
2012;26.05.2012;11:00:40;1025;8.501;68.1;17
2012;26.05.2012;11:20:40;1024.9;8.432;66.7;17.2
2012;26.05.2012;11:40:39;1024.8;8.815;64.6;18.4
2012;26.05.2012;12:00:40;1024.7;8.331;61.1;18.4
2012;26.05.2012;12:20:39;1024.7;7.966;55.6;19.2
2012;26.05.2012;12:40:40;1024.5;8.241;54.7;20
2012;26.05.2012;13:00:41;1024.4;8.336;53.3;20.6
2012;26.05.2012;13:20:39;1024.2;8.852;57.6;20.3
2012;26.05.2012;13:40:39;1024;8.994;58.5;20.3
2012;26.05.2012;14:00:39;1023.9;9.245;59;20.6
2012;26.05.2012;14:20:39;1023.7;8.397;46.9;22.8
2012;26.05.2012;14:40:39;1023.5;7.438;41.1;23
2012;26.05.2012;15:00:39;1023.4;8.977;48;23.5
2012;26.05.2012;15:20:39;1023.2;9.981;51.7;24
2012;26.05.2012;15:40:39;1023.1;9.124;46.2;24.4
2012;26.05.2012;16:00:39;1023;8.26;40.4;25
2012;26.05.2012;16:20:39;1022.9;7.561;35.3;25.8
2012;26.05.2012;16:40:39;1022.8;7.75;36.6;25.6
2012;26.05.2012;17:00:39;1022.7;7.695;35.7;25.9
2012;26.05.2012;17:20:39;1022.6;6.209;27.7;26.6
2012;26.05.2012;17:40:40;1022.4;6.163;26.7;27.1
2012;26.05.2012;18:00:40;1022.3;8.342;37.3;26.5
2012;26.05.2012;18:20:39;1022.2;7.083;32.3;26.2
2012;26.05.2012;18:40:39;1022.1;5.589;24.8;26.7
2012;26.05.2012;19:00:39;1022;5.782;25.2;27
2012;26.05.2012;19:20:40;1021.9;4.631;20.7;26.6
2012;26.05.2012;19:40:40;1021.9;5.082;22.7;26.6
2012;26.05.2012;20:00:39;1021.8;4.887;21.2;27.1
2012;26.05.2012;20:20:39;1021.8;4.838;22;26.3
2012;26.05.2012;20:40:40;1021.7;5.056;24.1;25.5
2012;26.05.2012;21:00:39;1021.7;6.185;29.6;25.4
2012;26.05.2012;21:20:39;1021.7;7.44;39.1;23.8
2012;26.05.2012;21:40:39;1021.7;8.184;48.5;21.8
2012;26.05.2012;22:00:39;1021.7;8.856;55.4;20.9
2012;26.05.2012;22:20:39;1021.9;8.081;48.2;21.7
2012;26.05.2012;22:40:43;1021.9;8.375;51.8;21.1
2012;26.05.2012;23:00:39;1022;7.998;49.2;21.2
2012;26.05.2012;23:20:39;1022;7.577;47.8;20.8
2012;26.05.2012;23:40:39;1021.9;7.426;46;21.1
2012;27.05.2012;00:00:40;1021.9;8.625;59.6;19.3
2012;27.05.2012;00:20:41;1021.8;8.785;63.8;18.5
2012;27.05.2012;00:40:41;1021.8;8.927;67.3;17.9
2012;27.05.2012;01:00:40;1021.8;8.269;62.8;17.8
2012;27.05.2012;01:20:39;1021.7;7.996;58.5;18.4
2012;27.05.2012;01:40:39;1021.6;8.27;64.4;17.4
2012;27.05.2012;02:00:39;1021.5;7.927;60.6;17.7
2012;27.05.2012;02:20:40;1021.5;7.946;61.9;17.4
2012;27.05.2012;02:40:39;1021.4;7.993;65.5;16.6
2012;27.05.2012;03:00:42;1021.3;7.959;66.9;16.2
2012;27.05.2012;03:20:39;1021.3;7.792;65.1;16.3
2012;27.05.2012;03:40:39;1021.3;8.16;67.7;16.4
2012;27.05.2012;04:00:39;1021.2;8.263;68.1;16.5
2012;27.05.2012;04:20:40;1021.2;8.097;70.7;15.6
2012;27.05.2012;04:40:41;1021.1;7.847;66.8;16
2012;27.05.2012;05:00:39;1021.1;7.758;66.9;15.8
2012;27.05.2012;05:20:39;1021.1;7.692;71.2;14.7
2012;27.05.2012;05:40:40;1021.1;7.896;74.5;14.4
2012;27.05.2012;06:00:41;1021.1;7.935;73.9;14.6
2012;27.05.2012;06:20:39;1021.1;7.71;70;15
2012;27.05.2012;06:40:39;1021.1;8.156;71.2;15.6
2012;27.05.2012;07:00:39;1021.1;8.396;72.8;15.7
2012;27.05.2012;07:20:40;1021;8.684;74.3;15.9
2012;27.05.2012;07:40:39;1020.9;8.955;73.7;16.5
2012;27.05.2012;08:00:40;1020.9;9.062;74.1;16.6
2012;27.05.2012;08:20:39;1020.9;9.233;75;16.7
2012;27.05.2012;08:40:39;1021;9.34;74.9;16.9
2012;27.05.2012;09:00:39;1021;9.659;73.6;17.7
2012;27.05.2012;09:20:40;1021.1;9.211;72.5;17.2
2012;27.05.2012;09:40:40;1021.1;9.285;70.8;17.7
2012;27.05.2012;10:00:40;1021.1;9.246;67.9;18.3
2012;27.05.2012;10:20:39;1021.2;8.958;65.4;18.4
2012;27.05.2012;10:40:39;1021.1;9.018;64.2;18.8
2012;27.05.2012;11:00:39;1021;9.313;67.1;18.6
2012;27.05.2012;11:20:39;1020.9;9.556;66.7;19.1
2012;27.05.2012;11:40:40;1020.8;9.226;61.3;19.9
2012;27.05.2012;12:00:40;1020.7;8.756;53.4;21.3
2012;27.05.2012;12:20:39;1020.6;8.719;53.5;21.2
2012;27.05.2012;12:40:39;1020.5;10.013;64.4;20.4
2012;27.05.2012;13:00:39;1020.4;10.013;61.3;21.2
2012;27.05.2012;13:20:39;1020.3;9.035;47.3;23.8
2012;27.05.2012;13:40:39;1020.2;9.253;49.6;23.4
2012;27.05.2012;14:00:39;1020.1;8.917;45.3;24.3
2012;27.05.2012;14:20:39;1019.9;9.221;44.9;25
2012;27.05.2012;14:40:40;1019.8;8.977;39.3;26.8
2012;27.05.2012;15:00:40;1019.7;7.985;33.6;27.5
2012;27.05.2012;15:20:39;1019.5;7.136;29.2;28
2012;27.05.2012;15:40:39;1019.4;6.397;25.6;28.4
2012;27.05.2012;16:00:40;1019.2;5.657;20.9;29.8
2012;27.05.2012;16:20:40;1019;4.841;17.6;30.1
2012;27.05.2012;16:40:39;1018.9;6.968;25.1;30.2
2012;27.05.2012;17:00:40;1018.7;8.037;29.4;29.9
2012;27.05.2012;17:20:39;1018.6;7.863;29.1;29.7
2012;27.05.2012;17:40:40;1018.5;8.839;34.2;28.9
2012;27.05.2012;18:00:39;1018.4;7.914;31.2;28.6
2012;27.05.2012;18:20:39;1018.2;7.611;29.5;28.9
2012;27.05.2012;18:40:39;1018.1;8.192;31.9;28.8
2012;27.05.2012;19:00:39;1018;8.014;30.5;29.2
2012;27.05.2012;19:20:39;1018;7.886;30.9;28.7
2012;27.05.2012;19:40:39;1017.9;7.909;31.9;28.2
2012;27.05.2012;20:00:39;1017.9;7.896;32.6;27.8
2012;27.05.2012;20:20:39;1017.9;7.879;33.3;27.4
2012;27.05.2012;20:40:39;1017.9;8.079;36.2;26.4
2012;27.05.2012;21:00:39;1017.9;7.673;34.4;26.4
2012;27.05.2012;21:20:38;1017.9;9.236;42.8;25.8
2012;27.05.2012;21:40:38;1018;9.122;43.3;25.4
2012;27.05.2012;22:00:38;1018.2;8.396;41.6;24.7
2012;27.05.2012;22:20:39;1018.3;8.324;41.5;24.6
2012;27.05.2012;22:40:39;1018.3;8.457;44.5;23.7
2012;27.05.2012;23:00:39;1018.4;8.398;45;23.4
2012;27.05.2012;23:20:39;1018.5;8.389;46.9;22.7
2012;27.05.2012;23:40:40;1018.5;8.675;50.9;21.9
2012;28.05.2012;00:00:39;1018.6;8.568;50.9;21.7
2012;28.05.2012;00:20:40;1018.7;8.312;49.1;21.8
2012;28.05.2012;00:40:39;1018.7;8.208;49.7;21.4
2012;28.05.2012;01:00:39;1018.8;8.084;50.8;20.8
2012;28.05.2012;01:20:39;1018.8;8.092;51.8;20.5
2012;28.05.2012;01:40:39;1018.9;8.185;53.7;20.1
2012;28.05.2012;02:00:39;1019;8.577;57.3;19.8
2012;28.05.2012;02:20:39;1019;8.326;55.3;19.9
2012;28.05.2012;02:40:39;1019.1;8.054;56.6;19
2012;28.05.2012;03:00:39;1019.1;7.928;54.7;19.3
2012;28.05.2012;03:20:40;1019.2;8.117;59.6;18.3
2012;28.05.2012;04:00:39;1019.4;7.984;60.9;17.7
2012;28.05.2012;04:20:38;1019.5;8.275;66.8;16.8
2012;28.05.2012;04:40:39;1019.6;8.134;66.1;16.7
2012;28.05.2012;05:00:39;1019.7;8.177;67.3;16.5
2012;28.05.2012;05:20:39;1019.8;8.12;67.7;16.3
2012;28.05.2012;06:00:38;1020.1;8.005;67.2;16.2
2012;28.05.2012;06:20:38;1020.3;7.926;65.3;16.5
2012;28.05.2012;06:40:38;1020.5;8.146;67.1;16.5
2012;28.05.2012;07:00:39;1020.6;8.438;68.6;16.7
2012;28.05.2012;07:20:39;1020.6;8.824;71.7;16.7
2012;28.05.2012;07:40:38;1020.7;8.746;69.3;17.1
2012;28.05.2012;08:00:39;1020.9;9.003;69.1;17.6
2012;28.05.2012;08:20:39;1021;8.792;64.6;18.3
2012;28.05.2012;08:40:39;1021.1;10.077;73.9;18.3
2012;28.05.2012;09:00:39;1021.1;10.186;73.3;18.6
2012;28.05.2012;09:20:39;1021.2;10.216;69.5;19.5
2012;28.05.2012;09:40:38;1021.3;10.194;68.5;19.7
2012;28.05.2012;10:00:39;1021.3;9.662;65.8;19.5
2012;28.05.2012;10:20:39;1021.3;10.049;66.3;20
2012;28.05.2012;10:40:39;1021.3;9.88;64.4;20.2
2012;28.05.2012;11:00:38;1021.3;8.967;54.7;21.3
2012;28.05.2012;11:20:39;1021.2;9.515;55.9;21.9
2012;28.05.2012;11:40:39;1021.1;9.766;57;22
2012;28.05.2012;12:00:39;1021.1;10.153;58.5;22.2
2012;28.05.2012;12:20:39;1021.1;10.056;56.9;22.5
2012;28.05.2012;12:40:39;1020.9;10.391;57;23
2012;28.05.2012;13:00:39;1020.8;9.878;47.8;25.1
2012;28.05.2012;13:20:39;1020.6;10.195;51.1;24.5
2012;28.05.2012;13:40:39;1020.5;9.457;43.4;26
2012;28.05.2012;14:00:39;1020.4;10.766;49.3;26
2012;28.05.2012;14:20:39;1020.2;10.971;47.9;26.8
2012;28.05.2012;14:40:39;1020;11.237;50.2;26.4
2012;28.05.2012;15:00:39;1019.9;10.334;46.5;26.3
2012;28.05.2012;15:20:39;1019.8;10.058;43.7;26.9
2012;28.05.2012;15:40:39;1019.6;10.183;42.7;27.5
2012;28.05.2012;16:00:39;1019.4;10.675;44.2;27.7
2012;28.05.2012;16:20:39;1019.3;9.445;38.5;28
2012;28.05.2012;16:40:39;1019.2;9.609;38.7;28.2
2012;28.05.2012;17:00:39;1019.1;9.515;38.1;28.3
2012;28.05.2012;17:20:39;1019;9.295;36.8;28.5
2012;28.05.2012;18:00:39;1018.7;10.163;40.4;28.4
2012;28.05.2012;18:20:39;1018.5;9.436;36.9;28.7
2012;28.05.2012;18:40:39;1018.3;9.838;38;28.9
2012;28.05.2012;19:00:39;1018.3;9.511;37.4;28.6
2012;28.05.2012;19:20:39;1018.3;7.611;29.5;28.9
2012;28.05.2012;19:40:39;1018.2;6.646;25.5;29.1
2012;28.05.2012;20:00:39;1018.2;6.436;24;29.6
2012;28.05.2012;20:20:39;1018.3;6.381;23.8;29.6
2012;28.05.2012;20:40:39;1018.4;6.906;26.8;28.9
2012;28.05.2012;21:00:40;1018.5;7.985;32.6;28
2012;28.05.2012;21:20:39;1018.7;8.735;38.9;26.5
2012;28.05.2012;21:40:39;1019;7.367;32.5;26.7
2012;28.05.2012;22:00:39;1019.3;7.324;32.9;26.4
2012;28.05.2012;22:20:39;1019.5;7.302;33;26.3
2012;28.05.2012;22:40:39;1019.6;7.081;32.4;26.1
2012;28.05.2012;23:00:39;1019.7;7.215;33.6;25.8
2012;28.05.2012;23:20:39;1019.7;7.358;35.5;25.2
2012;28.05.2012;23:40:39;1019.7;7.23;35.1;25.1
2012;29.05.2012;00:00:39;1019.7;6.897;33.5;25.1
2012;29.05.2012;00:20:39;1019.7;7.707;40.9;23.6
2012;29.05.2012;00:40:39;1019.7;10.238;61.1;21.6
2012;29.05.2012;01:00:39;1019.8;10.419;65.7;20.7
2012;29.05.2012;01:20:39;1019.9;9.318;55.7;21.6
2012;29.05.2012;01:40:39;1019.9;8.385;48.1;22.3
2012;29.05.2012;02:00:39;1019.8;8.075;45.5;22.6
2012;29.05.2012;02:20:39;1019.8;7.955;46.5;22
2012;29.05.2012;02:40:39;1019.8;7.949;49.1;21.1
2012;29.05.2012;03:00:39;1019.9;7.913;50.1;20.7
2012;29.05.2012;03:20:39;1020;8.851;59.9;19.6
2012;29.05.2012;03:40:39;1020;8.666;59.4;19.4
2012;29.05.2012;04:00:39;1020.1;8.066;55;19.5
2012;29.05.2012;04:20:39;1020.2;7.897;53.2;19.7
2012;29.05.2012;04:40:39;1020.2;7.87;54.7;19.2
2012;29.05.2012;05:00:39;1020.2;7.877;57.2;18.5
2012;29.05.2012;05:20:39;1020.2;7.841;57.3;18.4
2012;29.05.2012;05:40:39;1020.3;7.852;58.1;18.2
2012;29.05.2012;06:00:39;1020.2;7.891;57.3;18.5
2012;29.05.2012;06:20:39;1020.3;7.879;58.3;18.2
2012;29.05.2012;06:40:39;1020.4;8.046;59.9;18.1
2012;29.05.2012;07:00:39;1020.5;8.389;60.5;18.6
2012;29.05.2012;07:20:39;1020.6;8.726;62.9;18.6
2012;29.05.2012;07:40:39;1020.5;9.504;68;18.7
2012;29.05.2012;08:00:39;1020.5;9.703;69.4;18.7
2012;29.05.2012;08:20:39;1020.5;10.016;69.4;19.2
2012;29.05.2012;08:40:39;1020.5;10.06;69.7;19.2
2012;29.05.2012;09:00:39;1020.6;10.201;68.5;19.7
2012;29.05.2012;09:20:39;1020.6;10.14;68.1;19.7
2012;29.05.2012;09:40:39;1020.6;9.944;62.8;20.7
2012;29.05.2012;10:00:39;1020.6;10.055;63.1;20.8
2012;29.05.2012;10:20:39;1020.6;10.121;63.9;20.7
2012;29.05.2012;10:40:39;1020.6;11.174;71.3;20.5
2012;29.05.2012;11:00:39;1020.5;11.25;69.6;21
2012;29.05.2012;11:20:39;1020.5;10.861;66;21.3
2012;29.05.2012;11:40:39;1020.4;10.541;59.2;22.6
2012;29.05.2012;12:00:39;1020.2;10.225;54.4;23.5
2012;29.05.2012;12:20:39;1020.1;9.112;46;24.4
2012;29.05.2012;12:40:39;1020;7.918;39.1;24.8
2012;29.05.2012;13:00:39;1019.8;7.758;36.1;25.8
2012;29.05.2012;13:20:39;1019.6;8.426;40.1;25.4
2012;29.05.2012;13:40:39;1019.4;9.278;42.8;25.9
2012;29.05.2012;14:00:38;1019.2;9.38;43;26
2012;29.05.2012;14:20:39;1019;8.161;36.6;26.4
2012;29.05.2012;14:40:39;1018.8;8.352;37;26.6
2012;29.05.2012;15:00:39;1018.5;7.947;31.7;28.4
2012;29.05.2012;15:20:39;1018.3;8.335;34.2;27.9
2012;29.05.2012;15:40:39;1018;9.163;38.2;27.6
2012;29.05.2012;16:20:38;1017.5;9.437;38.4;28
2012;29.05.2012;16:40:39;1017.3;8.146;31.7;28.8
2012;29.05.2012;17:00:39;1017.1;7.146;26.9;29.4
2012;29.05.2012;17:20:39;1017;6.584;24.1;29.9
2012;29.05.2012;17:40:39;1016.9;6.818;24.1;30.5
2012;29.05.2012;18:00:39;1016.8;6.869;24;30.7
2012;29.05.2012;18:20:39;1016.6;7.167;26.2;29.9
2012;29.05.2012;18:40:39;1016.4;7.477;27;30.1
2012;29.05.2012;19:00:39;1016.3;7.481;26.4;30.5
2012;29.05.2012;19:20:39;1016.3;9.194;36.1;28.6
2012;29.05.2012;19:40:39;1016.4;12.022;50.7;27.3
2012;29.05.2012;20:00:39;1016.3;10.309;41.6;28.1
2012;29.05.2012;20:20:39;1016.3;10.633;46;26.9
2012;29.05.2012;20:40:38;1016.2;11.367;52.1;25.9
2012;29.05.2012;21:00:39;1016.2;12.221;60.8;24.5
2012;29.05.2012;21:20:39;1016.4;11.708;58.3;24.5
2012;29.05.2012;21:40:40;1016.6;10.913;54.1;24.6
2012;29.05.2012;22:00:39;1016.7;10.862;52.9;24.9
2012;29.05.2012;22:20:39;1016.8;10.95;55.6;24.2
2012;29.05.2012;22:40:39;1016.7;11.331;58.9;23.8
2012;29.05.2012;23:00:39;1016.7;10.679;55.9;23.7
2012;29.05.2012;23:20:39;1016.6;11.026;62.4;22.4
2012;29.05.2012;23:40:39;1016.5;10.467;55.8;23.4
2012;30.05.2012;00:00:39;1016.4;10.989;59.6;23.1
2012;30.05.2012;00:20:39;1016.4;10.735;60.4;22.5
2012;30.05.2012;00:40:39;1016.4;10.215;54.8;23.3
2012;30.05.2012;01:00:39;1016.4;10.48;62.7;21.5
2012;30.05.2012;01:20:39;1016.6;10.444;62.5;21.5
2012;30.05.2012;01:40:39;1016.7;10.446;62.9;21.4
2012;30.05.2012;02:00:39;1016.8;10.483;65.1;20.9
2012;30.05.2012;02:20:39;1017;11.032;70.6;20.4
2012;30.05.2012;02:40:39;1017;11.258;70.7;20.7
2012;30.05.2012;03:00:39;1017.1;11.17;70.6;20.6
2012;30.05.2012;03:20:39;1017.2;11.628;73.9;20.5
2012;30.05.2012;03:40:39;1017.3;11.97;79.4;19.8
2012;30.05.2012;04:00:39;1017.4;10.78;72.1;19.7
2012;30.05.2012;04:20:39;1017.5;11.193;73.9;19.9
2012;30.05.2012;04:40:39;1017.6;11.092;71.9;20.2
2012;30.05.2012;05:00:39;1017.7;10.746;69.7;20.2
2012;30.05.2012;05:20:39;1017.7;9.84;61.6;20.8
2012;30.05.2012;05:40:39;1017.9;11.066;72.2;20.1
2012;30.05.2012;06:00:39;1018;10.788;73.1;19.5
2012;30.05.2012;06:20:39;1018.1;10.052;64.9;20.3
2012;30.05.2012;06:40:39;1018.3;11.641;78.3;19.6
2012;30.05.2012;07:00:39;1018.3;11.539;76.2;19.9
2012;30.05.2012;07:20:39;1018.4;11.818;78.5;19.8
2012;30.05.2012;07:40:39;1018.5;11.99;77.2;20.3
2012;30.05.2012;08:00:39;1018.7;9.447;52.1;22.9
2012;30.05.2012;08:20:40;1018.9;8.938;47.3;23.6
2012;30.05.2012;08:40:41;1019;8.917;47.2;23.6
2012;30.05.2012;09:00:40;1019.2;8.939;45.1;24.4
2012;30.05.2012;09:20:39;1019.3;9.082;45;24.7
2012;30.05.2012;09:40:40;1019.3;8.762;43.7;24.6
2012;30.05.2012;10:00:40;1019.4;8.839;43.3;24.9
2012;30.05.2012;10:20:39;1019.6;9.151;43.5;25.4
2012;30.05.2012;10:40:41;1019.6;9.279;44.1;25.4
2012;30.05.2012;11:00:39;1019.8;9.904;46.2;25.7
2012;30.05.2012;11:20:39;1019.9;9.831;44.8;26.1
2012;30.05.2012;11:40:40;1020;10.091;45.7;26.2
2012;30.05.2012;12:00:39;1020.1;9.391;43.6;25.8
2012;30.05.2012;12:20:39;1020.3;10.052;48.9;25
2012;30.05.2012;12:40:40;1020.4;10.178;50.4;24.7
2012;30.05.2012;13:00:39;1020.6;10.435;54.2;23.9
2012;30.05.2012;13:20:39;1020.8;9.924;51.6;23.9
2012;30.05.2012;13:40:40;1020.8;10.654;56;23.7
2012;30.05.2012;14:00:39;1020.9;10.182;55.2;23.2
2012;30.05.2012;14:20:40;1020.8;10.32;54.6;23.6
2012;30.05.2012;14:40:40;1020.9;9.414;51.1;23.2
2012;30.05.2012;15:00:40;1021.1;10.529;61;22.1
2012;30.05.2012;15:20:39;1021.2;10.769;65.1;21.4
2012;30.05.2012;15:40:39;1021.3;10.289;63.8;21
2012;30.05.2012;16:00:39;1021.6;10.316;66.8;20.3
2012;30.05.2012;16:20:39;1021.7;11.067;74.3;19.7
2012;30.05.2012;16:40:39;1021.8;10.101;69.2;19.4
2012;30.05.2012;17:00:39;1021.8;9.776;68.7;19
2012;30.05.2012;17:20:39;1021.9;9.799;69.3;18.9
2012;30.05.2012;17:40:39;1022;10.054;73.8;18.3
2012;30.05.2012;18:00:41;1022;9.99;73.8;18.2
2012;30.05.2012;18:20:40;1022.2;10.528;79.7;17.8
2012;30.05.2012;18:40:39;1022.3;10.234;79;17.5
2012;30.05.2012;19:00:39;1022.3;10.391;80.7;17.4
2012;30.05.2012;19:20:41;1022.3;10.346;81.9;17.1
2012;30.05.2012;19:40:39;1022.4;10.761;84.6;17.2
2012;30.05.2012;20:00:39;1022.5;10.871;86;17.1
2012;30.05.2012;20:20:39;1022.7;10.577;84.8;16.9
2012;30.05.2012;20:40:39;1022.9;10.646;85.9;16.8
2012;30.05.2012;21:00:45;1023.4;9.599;82.2;15.9
2012;30.05.2012;21:20:39;1024;9.404;84.3;15.2
2012;30.05.2012;21:40:39;1024.5;9.304;84;15.1
2012;30.05.2012;22:00:39;1025.2;9.018;83.1;14.8
2012;30.05.2012;22:20:39;1025.8;8.837;83.1;14.5
2012;30.05.2012;22:40:40;1026.3;9.086;86;14.4
2012;30.05.2012;23:00:39;1026.8;8.99;85.7;14.3
2012;30.05.2012;23:20:39;1027.2;8.712;84.2;14.1
2012;30.05.2012;23:40:39;1027.6;8.466;83.5;13.8
2012;31.05.2012;00:00:39;1027.8;8.382;82.7;13.8
2012;31.05.2012;00:20:39;1027.9;8.607;84.9;13.8
2012;31.05.2012;00:40:40;1028.1;8.472;83.6;13.8
2012;31.05.2012;01:00:39;1028.3;8.392;82.3;13.9
2012;31.05.2012;01:20:39;1028.4;8.309;81.5;13.9
2012;31.05.2012;01:40:41;1028.5;8.161;80.6;13.8
2012;31.05.2012;02:00:41;1028.6;7.438;75;13.5
2012;31.05.2012;02:20:39;1028.7;7.233;74.4;13.2
2012;31.05.2012;02:40:39;1028.8;6.8;69.1;13.4
2012;31.05.2012;03:00:39;1028.9;6.483;69;12.7
2012;31.05.2012;03:20:40;1029;6.725;72.5;12.5
2012;31.05.2012;03:40:40;1029;6.727;73;12.4
2012;31.05.2012;04:00:39;1028.9;6.794;74.2;12.3
2012;31.05.2012;04:20:40;1028.8;6.697;76.1;11.7
2012;31.05.2012;04:40:40;1028.8;6.564;76.6;11.3
2012;31.05.2012;05:00:39;1028.7;6.678;77.4;11.4
2012;31.05.2012;05:20:38;1028.6;6.74;78.1;11.4
2012;31.05.2012;05:40:39;1028.6;6.888;79.8;11.4
2012;31.05.2012;06:00:40;1028.6;6.914;80.1;11.4
2012;31.05.2012;06:20:39;1028.6;6.905;77.9;11.8
2012;31.05.2012;06:40:39;1028.6;6.805;77.3;11.7
2012;31.05.2012;07:00:39;1028.6;6.734;75;12
2012;31.05.2012;07:20:39;1028.6;6.806;75.3;12.1
2012;31.05.2012;07:40:39;1028.6;6.365;70;12.2
2012;31.05.2012;08:00:40;1028.5;6.103;65.4;12.6
2012;31.05.2012;08:20:39;1028.4;6.011;64;12.7
2012;31.05.2012;08:40:39;1028.3;6.156;63;13.3
2012;31.05.2012;09:00:39;1028.2;6.331;63.1;13.7
2012;31.05.2012;09:20:39;1028.1;6.438;62.5;14.1
2012;31.05.2012;09:40:39;1027.9;6.257;59.2;14.5
2012;31.05.2012;10:20:39;1027.8;5.629;54;14.3
2012;31.05.2012;10:40:40;1027.8;5.881;54.6;14.8
2012;31.05.2012;11:00:39;1027.8;5.158;49.2;14.4
2012;31.05.2012;11:20:39;1027.7;5.606;51.4;15
2012;31.05.2012;11:40:39;1027.7;5.787;52.7;15.1
2012;31.05.2012;12:00:39;1027.6;5.731;51.2;15.4
2012;31.05.2012;12:20:39;1027.5;6.145;54.5;15.5
2012;31.05.2012;12:40:40;1027.5;5.85;50.6;15.9
2012;31.05.2012;13:00:43;1027.4;5.734;49.6;15.9
2012;31.05.2012;13:20:39;1027.3;5.742;48.1;16.4
2012;31.05.2012;13:40:39;1027.2;5.414;43.4;17.1
2012;31.05.2012;14:00:39;1027.1;5.856;47.2;17
2012;31.05.2012;14:20:40;1026.9;6.079;49.6;16.8
2012;31.05.2012;14:40:39;1026.7;5.818;48.4;16.5
2012;31.05.2012;15:00:39;1026.6;6.205;47.5;17.8
2012;31.05.2012;15:20:40;1026.4;6.021;46.1;17.8
2012;31.05.2012;15:40:39;1026.2;6.138;46.1;18.1
2012;31.05.2012;16:00:39;1026.1;6.085;45.7;18.1
2012;31.05.2012;16:20:39;1025.9;6.182;47.3;17.8
2012;31.05.2012;16:40:39;1025.8;5.928;44.8;18
2012;31.05.2012;17:00:39;1025.6;5.951;43.3;18.6
2012;31.05.2012;17:20:39;1025.5;6.003;43.4;18.7
2012;31.05.2012;17:40:40;1025.4;5.557;40.2;18.7
2012;31.05.2012;18:00:39;1025.3;5.736;42;18.5
2012;31.05.2012;18:20:39;1025.2;5.756;41.1;18.9
2012;31.05.2012;18:40:39;1025.1;5.684;41.1;18.7
2012;31.05.2012;19:00:39;1025.1;5.801;42.2;18.6
2012;31.05.2012;19:20:39;1025.1;5.728;43;18.1
2012;31.05.2012;19:40:39;1025.1;5.735;43.6;17.9
2012;31.05.2012;20:00:39;1025;5.611;43.2;17.7
2012;31.05.2012;20:20:39;1025.1;5.837;45.5;17.5
2012;31.05.2012;20:40:39;1025.1;6.318;48.9;17.6
2012;31.05.2012;21:00:41;1025.1;6.262;49.4;17.3
2012;31.05.2012;21:20:39;1025.1;6.157;49.2;17.1
2012;31.05.2012;21:40:39;1025.2;6.265;50.7;16.9
2012;31.05.2012;22:00:39;1025.3;6.415;52.9;16.6
2012;31.05.2012;22:20:40;1025.4;6.724;56.5;16.3
2012;31.05.2012;22:40:39;1025.5;6.501;55;16.2
2012;31.05.2012;23:00:39;1025.6;6.595;57.6;15.7
2012;31.05.2012;23:20:39;1025.7;6.955;61.5;15.5
2012;31.05.2012;23:40:40;1025.8;6.978;62.9;15.2
