2012;01.06.2012;00:00:41;1025.8;7.242;66.1;15
2012;01.06.2012;00:20:39;1025.7;7.261;66.7;14.9
2012;01.06.2012;00:40:39;1025.7;7.077;66.3;14.6
2012;01.06.2012;01:00:39;1025.8;6.83;63.6;14.7
2012;01.06.2012;01:20:39;1025.8;6.631;63.8;14.2
2012;01.06.2012;01:40:41;1025.8;6.649;64.8;14
2012;01.06.2012;02:00:39;1025.7;6.48;64;13.8
2012;01.06.2012;02:20:39;1025.7;6.325;63.3;13.6
2012;01.06.2012;02:40:39;1025.6;6.293;63.8;13.4
2012;01.06.2012;03:00:40;1025.5;6.249;64.6;13.1
2012;01.06.2012;03:20:39;1025.3;6.33;65;13.2
2012;01.06.2012;03:40:39;1025.2;6.358;65.7;13.1
2012;01.06.2012;04:00:39;1025.2;6.251;73.7;11.1
2012;01.06.2012;04:20:39;1025.1;6.308;72.9;11.4
2012;01.06.2012;04:40:40;1025;6.335;73.2;11.4
2012;01.06.2012;05:00:39;1025;6.227;73.9;11
2012;01.06.2012;05:20:39;1025;6.218;76.8;10.4
2012;01.06.2012;05:40:39;1025;6.163;78.2;10
2012;01.06.2012;06:00:39;1025.1;6.259;79.4;10
2012;01.06.2012;06:20:39;1025.1;6.283;73.1;11.3
2012;01.06.2012;06:40:39;1025.1;6.447;74;11.5
2012;01.06.2012;07:00:39;1025.1;6.74;76.3;11.7
2012;01.06.2012;07:20:41;1025.1;6.82;76.7;11.8
2012;01.06.2012;07:40:41;1025.1;6.68;72.7;12.3
2012;01.06.2012;08:00:39;1025.1;6.442;70.6;12.2
2012;01.06.2012;08:20:39;1025;6.616;70.6;12.6
2012;01.06.2012;08:40:39;1025;6.672;68.9;13.1
2012;01.06.2012;09:00:40;1025;6.359;65.7;13.1
2012;01.06.2012;09:20:40;1024.9;6.715;67.1;13.6
2012;01.06.2012;09:40:41;1024.8;6.596;65.5;13.7
2012;01.06.2012;10:00:39;1024.8;6.553;63.4;14.1
2012;01.06.2012;10:20:39;1024.7;6.39;59.1;14.8
2012;01.06.2012;10:40:40;1024.7;6.397;58.4;15
2012;01.06.2012;11:00:40;1024.6;6.608;58.4;15.5
2012;01.06.2012;11:20:39;1024.5;6.306;52.3;16.5
2012;01.06.2012;11:40:40;1024.4;6.283;48.6;17.6
2012;01.06.2012;12:00:39;1024.3;6.284;48.6;17.6
2012;01.06.2012;12:20:39;1024.2;6.32;45.9;18.6
2012;01.06.2012;12:40:39;1024.2;6.35;49.1;17.6
2012;01.06.2012;13:00:40;1024.1;6.406;46.8;18.5
2012;01.06.2012;13:20:39;1024;6.009;44.2;18.4
2012;01.06.2012;13:40:39;1023.8;5.948;42.4;18.9
2012;01.06.2012;14:00:39;1023.7;5.752;40.5;19.1
2012;01.06.2012;14:20:39;1023.5;5.57;38.5;19.4
2012;01.06.2012;14:40:39;1023.4;6.038;41.7;19.4
2012;01.06.2012;15:00:39;1023.2;5.623;37.9;19.8
2012;01.06.2012;15:20:39;1023.1;5.951;39.1;20.2
2012;01.06.2012;15:40:40;1023;5.88;40.1;19.6
2012;01.06.2012;16:00:39;1022.9;6.089;39.5;20.4
2012;01.06.2012;16:20:39;1022.8;5.727;37.4;20.3
2012;01.06.2012;16:40:39;1022.7;5.611;37.8;19.8
2012;01.06.2012;17:00:39;1022.6;5.852;37.5;20.6
2012;01.06.2012;17:20:41;1022.5;5.693;37.4;20.2
2012;01.06.2012;17:40:39;1022.4;5.915;38.6;20.3
2012;01.06.2012;18:00:40;1022.3;5.692;36.7;20.5
2012;01.06.2012;18:20:39;1022.2;5.499;36.8;19.9
2012;01.06.2012;18:40:39;1022;4.882;32.3;20.1
2012;01.06.2012;19:00:39;1021.9;5.178;33.4;20.5
2012;01.06.2012;19:20:39;1021.9;5.447;36;20.1
2012;01.06.2012;19:40:39;1021.8;5.112;33.8;20.1
2012;01.06.2012;20:00:39;1021.7;5.077;34.2;19.8
2012;01.06.2012;20:20:40;1021.7;5.194;35.2;19.7
2012;01.06.2012;20:40:39;1021.7;5.288;36.5;19.4
2012;01.06.2012;21:00:40;1021.6;4.413;30.5;19.4
2012;01.06.2012;21:20:39;1021.6;5.05;36.2;18.8
2012;01.06.2012;21:40:38;1021.7;5.282;39.8;18
2012;01.06.2012;22:00:40;1021.9;5.151;38.1;18.3
2012;01.06.2012;22:20:39;1021.9;5.43;44.7;16.6
2012;01.06.2012;22:40:39;1022;5.723;46.2;16.9
2012;01.06.2012;23:00:39;1022;5.884;46.6;17.2
2012;01.06.2012;23:20:40;1022;5.91;47.1;17.1
2012;02.06.2012;00:00:39;1021.9;6.245;52;16.4
2012;02.06.2012;00:20:40;1021.8;6.324;54.7;15.8
2012;02.06.2012;00:40:39;1021.8;6.33;56.9;15.2
2012;02.06.2012;01:00:41;1021.7;6.394;61.7;14.1
2012;02.06.2012;01:20:39;1021.7;6.415;62.7;13.9
2012;02.06.2012;01:40:39;1021.7;6.384;61.6;14.1
2012;02.06.2012;02:00:40;1021.7;6.28;62.2;13.7
2012;02.06.2012;02:20:40;1021.6;6.27;62.1;13.7
2012;02.06.2012;02:40:40;1021.6;6.226;63.7;13.2
2012;02.06.2012;03:00:39;1021.5;6.195;63.8;13.1
2012;02.06.2012;03:20:39;1021.4;6.223;64.5;13
2012;02.06.2012;03:40:39;1021.4;6.184;65.8;12.6
2012;02.06.2012;04:00:39;1021.3;6.238;66.8;12.5
2012;02.06.2012;04:20:39;1021.2;6.167;68.7;11.9
2012;02.06.2012;04:40:39;1021;6.193;69.9;11.7
2012;02.06.2012;05:00:40;1021;6.169;71.5;11.3
2012;02.06.2012;05:20:39;1021.1;6.123;70.5;11.4
2012;02.06.2012;05:40:39;1021.1;6.152;69.9;11.6
2012;02.06.2012;06:00:39;1021.2;6.035;70.9;11.1
2012;02.06.2012;06:20:39;1021.4;6.199;73.8;10.9
2012;02.06.2012;06:40:39;1021.5;6.201;71.9;11.3
2012;02.06.2012;07:00:40;1021.6;6.225;71.7;11.4
2012;02.06.2012;07:20:40;1021.7;6.439;70.8;12.1
2012;02.06.2012;07:40:40;1021.8;6.792;72.7;12.5
2012;02.06.2012;08:00:39;1021.8;6.796;71.8;12.7
2012;02.06.2012;08:20:39;1021.8;6.848;71.4;12.9
2012;02.06.2012;08:40:39;1021.8;6.938;70;13.4
2012;02.06.2012;09:00:39;1021.7;6.793;68.1;13.5
2012;02.06.2012;09:20:39;1021.5;6.851;66.9;13.9
2012;02.06.2012;09:40:39;1021.4;6.744;64.6;14.2
2012;02.06.2012;10:00:39;1021.4;6.838;63.4;14.7
2012;02.06.2012;10:20:40;1021.4;7.049;64.5;14.9
2012;02.06.2012;10:40:39;1021.4;6.857;60;15.6
2012;02.06.2012;11:00:39;1021.3;6.929;61.8;15.3
2012;02.06.2012;11:20:40;1021.2;6.74;58.6;15.7
2012;02.06.2012;11:40:39;1021.1;6.93;57.6;16.4
2012;02.06.2012;12:00:39;1021;7.112;57.6;16.8
2012;02.06.2012;12:20:39;1020.9;6.702;51.3;17.7
2012;02.06.2012;12:40:40;1020.7;5.867;43.3;18.3
2012;02.06.2012;13:00:39;1020.5;6.469;44.8;19.3
2012;02.06.2012;13:20:39;1020.4;6.433;45.1;19.1
2012;02.06.2012;13:40:40;1020.3;6.245;40.9;20.2
2012;02.06.2012;14:00:40;1020.2;5.861;37.7;20.5
2012;02.06.2012;14:20:39;1020.1;5.494;34.5;20.9
2012;02.06.2012;14:40:41;1020;6.057;37.3;21.2
2012;02.06.2012;15:00:39;1019.8;5.449;34;21
2012;02.06.2012;15:20:39;1019.7;5.62;34.2;21.4
2012;02.06.2012;15:40:39;1019.5;5.422;32.8;21.5
2012;02.06.2012;15:40:39;1019.5;5.422;32.8;21.5
2012;02.06.2012;16:20:39;1019.2;6.083;35;22.3
2012;02.06.2012;16:40:39;1019.1;5.61;30.4;23.3
2012;02.06.2012;17:00:39;1019;5.667;30.7;23.3
2012;02.06.2012;17:20:39;1018.9;5.839;32.2;23
2012;02.06.2012;17:40:41;1018.8;6.004;32.7;23.2
2012;02.06.2012;18:00:41;1018.7;5.986;33.4;22.8
2012;02.06.2012;18:20:40;1018.6;6.437;36.1;22.7
2012;02.06.2012;18:40:41;1018.5;6.458;36;22.8
2012;02.06.2012;19:00:39;1018.5;6.837;39.5;22.2
2012;02.06.2012;19:20:40;1018.4;7.153;41.3;22.2
2012;02.06.2012;19:40:38;1018.3;6.356;36.3;22.4
2012;02.06.2012;20:00:40;1018.3;6.038;36;21.7
2012;02.06.2012;20:20:40;1018.2;6.237;37.4;21.6
2012;02.06.2012;20:40:39;1018.1;7.782;48;21.1
2012;02.06.2012;21:00:40;1018.1;7.686;48.3;20.8
2012;02.06.2012;21:20:39;1018.2;6.111;38.5;20.8
2012;02.06.2012;21:40:40;1018.3;6.141;39.9;20.3
2012;02.06.2012;22:00:39;1018.4;6.166;42.1;19.5
2012;02.06.2012;22:20:39;1018.4;6.003;42.3;19
2012;02.06.2012;22:40:39;1018.4;6.635;49.1;18.2
2012;02.06.2012;23:00:39;1018.4;6.48;49.5;17.7
2012;02.06.2012;23:20:38;1018.4;6.137;47.2;17.6
2012;02.06.2012;23:40:39;1018.3;6.239;46.2;18.2
2012;03.06.2012;00:00:40;1018.3;6.362;48.6;17.7
2012;03.06.2012;00:20:39;1018.2;6.534;51.5;17.2
2012;03.06.2012;00:40:39;1018.2;6.626;53.9;16.7
2012;03.06.2012;01:00:40;1018.2;6.669;56;16.2
2012;03.06.2012;01:20:40;1018.1;6.792;56.3;16.4
2012;03.06.2012;01:40:40;1018.1;6.577;53.5;16.7
2012;03.06.2012;02:00:39;1018;6.663;56.3;16.1
2012;03.06.2012;02:20:40;1017.9;6.847;58.2;16
2012;03.06.2012;02:40:39;1017.8;7.265;61.7;16
2012;03.06.2012;03:00:39;1017.7;6.861;60.2;15.5
2012;03.06.2012;03:20:40;1017.5;6.842;61.2;15.2
2012;03.06.2012;03:40:41;1017.5;6.777;62.2;14.8
2012;03.06.2012;04:00:40;1017.4;6.79;65.2;14.1
2012;03.06.2012;04:20:40;1017.3;6.741;67.3;13.5
2012;03.06.2012;04:40:39;1017.2;6.741;64.3;14.2
2012;03.06.2012;05:00:39;1017.2;6.787;63.9;14.4
2012;03.06.2012;05:20:39;1017.2;6.814;66.7;13.8
2012;03.06.2012;05:40:41;1017.2;6.765;65.8;13.9
2012;03.06.2012;06:00:38;1017.3;6.714;68.8;13.1
2012;03.06.2012;06:20:39;1017.3;6.855;67.1;13.8
2012;03.06.2012;06:40:40;1017.3;7.001;65.9;14.4
2012;03.06.2012;07:00:39;1017.4;7.226;66.7;14.7
2012;03.06.2012;07:20:39;1017.5;7.681;70.4;14.8
2012;03.06.2012;07:40:43;1017.5;8.14;73.6;15
2012;03.06.2012;08:00:39;1017.6;8.289;72.1;15.6
2012;03.06.2012;08:20:40;1017.6;8.515;73.1;15.8
2012;03.06.2012;08:40:40;1017.6;8.567;72.6;16
2012;03.06.2012;09:00:40;1017.6;8.406;70.8;16.1
2012;03.06.2012;09:20:39;1017.6;8.484;70.1;16.4
2012;03.06.2012;09:40:39;1017.6;8.542;68.8;16.8
2012;03.06.2012;10:00:40;1017.5;8.717;69.3;17
2012;03.06.2012;10:20:41;1017.5;8.861;69.1;17.3
2012;03.06.2012;10:40:39;1017.5;8.808;67.4;17.6
2012;03.06.2012;11:00:39;1017.5;8.669;64.7;18
2012;03.06.2012;11:20:40;1017.4;8.78;62.7;18.7
2012;03.06.2012;11:40:39;1017.4;8.819;58.8;19.8
2012;03.06.2012;12:00:41;1017.3;8.447;56;19.9
2012;03.06.2012;12:20:40;1017.2;8.716;53.3;21.2
2012;03.06.2012;12:40:41;1017;8.749;52.2;21.6
2012;03.06.2012;13:00:39;1016.8;9.065;52.1;22.2
2012;03.06.2012;13:20:41;1016.6;9.261;53.2;22.2
2012;03.06.2012;13:40:39;1016.4;8.571;46.1;23.3
2012;03.06.2012;14:00:39;1016.1;7.514;38.8;24
2012;03.06.2012;14:20:39;1015.8;7.626;39.6;23.9
2012;03.06.2012;14:40:40;1015.6;8.081;40.2;24.6
2012;03.06.2012;15:00:40;1015.3;8.089;41.2;24.2
2012;03.06.2012;15:20:39;1015;7.152;35.4;24.7
2012;03.06.2012;15:40:39;1014.7;8.568;41.8;24.9
2012;03.06.2012;16:00:39;1014.5;9.56;46;25.1
2012;03.06.2012;16:20:39;1014.3;7.406;34.5;25.7
2012;03.06.2012;16:40:43;1014.1;7.728;36.4;25.5
2012;03.06.2012;17:00:40;1013.9;8.027;36.9;25.9
2012;03.06.2012;17:20:39;1013.7;8.652;40.2;25.7
2012;03.06.2012;17:40:39;1013.5;8.882;41;25.8
2012;03.06.2012;18:00:39;1013.2;10.471;48.2;25.8
2012;03.06.2012;18:20:39;1012.9;10.082;46.7;25.7
2012;03.06.2012;18:40:39;1012.6;10.119;47.7;25.4
2012;03.06.2012;19:00:39;1012.5;9.507;43.8;25.8
2012;03.06.2012;19:20:39;1012.4;7.624;34.4;26.2
2012;03.06.2012;19:40:39;1012.4;8.221;37.5;26
2012;03.06.2012;20:00:39;1012.3;8.332;38;26
2012;03.06.2012;20:20:39;1012.4;8.386;38.7;25.8
2012;03.06.2012;20:40:39;1012.4;9.407;46;24.8
2012;03.06.2012;21:00:39;1012.6;8.243;39.2;25.3
2012;03.06.2012;21:20:39;1012.6;8.691;42.3;24.9
2012;03.06.2012;21:40:39;1012.7;9.252;47.2;24.1
2012;03.06.2012;22:00:39;1012.8;9.475;50.1;23.5
2012;03.06.2012;22:20:39;1013.4;8.072;45.2;22.6
2012;03.06.2012;22:40:39;1013.9;10.092;59.9;21.6
2012;03.06.2012;23:00:39;1014.4;10.696;76.4;18.6
2012;03.06.2012;23:20:39;1015.2;10.775;77.5;18.5
2012;03.06.2012;23:40:39;1016.4;10.68;77.4;18.4
2012;04.06.2012;00:00:39;1017.2;10.496;81.1;17.4
2012;04.06.2012;00:20:39;1017.7;10.296;82.7;16.8
2012;04.06.2012;00:40:39;1018;10.23;85.4;16.2
2012;04.06.2012;01:00:40;1018.2;10.077;84.7;16.1
2012;04.06.2012;01:20:39;1018.5;10.171;85.5;16.1
2012;04.06.2012;01:40:39;1018.7;9.775;81.2;16.3
2012;04.06.2012;02:00:39;1018.7;9.937;85.2;15.8
2012;04.06.2012;02:20:39;1018.6;9.72;82.3;16
2012;04.06.2012;02:40:39;1018.6;9.932;85.7;15.7
2012;04.06.2012;03:00:39;1018.4;9.828;84.8;15.7
2012;04.06.2012;03:20:39;1018.3;9.822;84.2;15.8
2012;04.06.2012;03:40:39;1018.2;9.745;80.4;16.4
2012;04.06.2012;04:00:39;1018.1;9.833;83.2;16
2012;04.06.2012;04:20:39;1018.1;9.364;76.8;16.5
2012;04.06.2012;04:40:39;1018;9.758;81;16.3
2012;04.06.2012;05:00:39;1017.8;9.924;83.4;16.1
2012;04.06.2012;05:20:39;1017.7;9.801;82.9;16
2012;04.06.2012;05:40:39;1017.5;10.088;84.2;16.2
2012;04.06.2012;06:00:39;1017.4;9.695;82;16
2012;04.06.2012;06:20:39;1017.4;9.606;82.3;15.8
2012;04.06.2012;06:40:39;1017.4;9.606;82.3;15.8
2012;04.06.2012;07:00:39;1017.4;9.323;78.4;16.1
2012;04.06.2012;07:20:39;1017.5;9.25;78.8;15.9
2012;04.06.2012;07:40:39;1017.7;9.475;82.8;15.5
2012;04.06.2012;08:00:39;1017.9;9.598;85.5;15.2
2012;04.06.2012;08:20:38;1018;9.686;87.4;15
2012;04.06.2012;08:40:39;1018.1;9.798;88.4;15
2012;04.06.2012;09:00:39;1018.1;9.766;87;15.2
2012;04.06.2012;09:20:39;1018.2;9.96;85.9;15.7
2012;04.06.2012;09:40:39;1018.4;10.135;89.1;15.4
2012;04.06.2012;10:00:39;1018.6;10.141;88.6;15.5
2012;04.06.2012;10:20:39;1018.6;10.059;87.9;15.5
2012;04.06.2012;10:40:39;1018.7;10.159;88.2;15.6
2012;04.06.2012;11:00:38;1018.8;9.965;84.9;15.9
2012;04.06.2012;11:20:39;1019;9.952;85.9;15.7
2012;04.06.2012;11:40:39;1019.1;10.069;85.8;15.9
2012;04.06.2012;12:00:39;1019.2;9.709;80.7;16.3
2012;04.06.2012;12:20:39;1019.2;9.763;78.6;16.8
2012;04.06.2012;12:40:39;1019.3;9.241;74;16.9
2012;04.06.2012;13:00:39;1019.4;9.162;72;17.2
2012;04.06.2012;13:20:39;1019.6;8.971;72.8;16.7
2012;04.06.2012;13:40:39;1019.7;9.023;73.7;16.6
2012;04.06.2012;14:00:39;1019.8;8.893;72.2;16.7
2012;04.06.2012;14:20:38;1019.8;8.837;72.2;16.6
2012;04.06.2012;14:40:39;1019.7;9.04;72.9;16.8
2012;04.06.2012;15:00:38;1019.5;8.76;67.6;17.5
2012;04.06.2012;15:20:39;1019.4;8.997;66.4;18.2
2012;04.06.2012;15:40:39;1019.3;8.765;63.9;18.4
2012;04.06.2012;16:00:39;1019.3;8.708;62.3;18.7
2012;04.06.2012;16:20:39;1019.2;8.67;60.5;19.1
2012;04.06.2012;16:40:39;1019.2;8.5;58.6;19.3
2012;04.06.2012;17:00:39;1019.3;8.35;58.3;19.1
2012;04.06.2012;17:20:39;1019.4;8.358;58;19.2
2012;04.06.2012;17:40:39;1019.4;8.354;58.7;19
2012;04.06.2012;18:00:39;1019.3;8.782;59.4;19.6
2012;04.06.2012;18:20:39;1019.3;8.391;57.5;19.4
2012;04.06.2012;18:40:39;1019.1;8.46;57.6;19.5
2012;04.06.2012;19:00:39;1019.1;7.975;54;19.6
2012;04.06.2012;19:20:39;1019.1;7.452;52.1;19.1
2012;04.06.2012;19:40:39;1019.2;7.415;52.5;18.9
2012;04.06.2012;20:00:39;1019.3;7.577;53.3;19
2012;04.06.2012;20:20:38;1019.4;7.561;54.2;18.7
2012;04.06.2012;20:40:39;1019.4;6.972;51.3;18.3
2012;04.06.2012;21:00:39;1019.5;6.409;48.1;18
2012;04.06.2012;21:20:39;1019.6;6.591;50.4;17.7
2012;04.06.2012;21:40:39;1019.7;6.437;50.5;17.3
2012;04.06.2012;22:00:39;1019.9;6.603;53.8;16.7
2012;04.06.2012;22:20:40;1020;6.64;54.8;16.5
2012;04.06.2012;22:40:38;1020.1;6.443;53.2;16.5
2012;04.06.2012;23:00:39;1020.3;6.445;53.9;16.3
2012;04.06.2012;23:20:39;1020.4;6.429;53.1;16.5
2012;04.06.2012;23:40:39;1020.6;6.435;53.5;16.4
2012;05.06.2012;00:00:39;1020.8;6.439;53.2;16.5
2012;05.06.2012;00:20:39;1021;6.506;54.8;16.2
2012;05.06.2012;00:40:39;1021.1;6.499;54.4;16.3
2012;05.06.2012;01:00:39;1021.1;6.44;54.6;16.1
2012;05.06.2012;01:20:40;1021.2;6.487;55;16.1
2012;05.06.2012;01:40:39;1021.2;6.516;55.6;16
2012;05.06.2012;02:00:39;1021.2;6.612;57.5;15.7
2012;05.06.2012;02:20:39;1021.2;6.69;57.8;15.8
2012;05.06.2012;02:40:39;1021.3;6.754;59.1;15.6
2012;05.06.2012;03:00:39;1021.3;6.676;58.8;15.5
2012;05.06.2012;03:20:39;1021.3;6.635;59.2;15.3
2012;05.06.2012;03:40:39;1021.3;6.513;58.5;15.2
2012;05.06.2012;04:00:39;1021.4;6.445;57.9;15.2
2012;05.06.2012;04:20:39;1021.5;6.388;57.4;15.2
2012;05.06.2012;04:40:39;1021.5;6.356;58.6;14.8
2012;05.06.2012;05:00:39;1021.5;6.39;59.3;14.7
2012;05.06.2012;05:20:39;1021.5;6.327;59.1;14.6
2012;05.06.2012;05:40:39;1021.5;6.349;59.3;14.6
2012;05.06.2012;06:00:39;1021.6;6.35;59.7;14.5
2012;05.06.2012;06:20:39;1021.7;6.231;58.6;14.5
2012;05.06.2012;06:40:39;1021.8;6.34;60;14.4
2012;05.06.2012;07:00:39;1021.8;6.435;60.5;14.5
2012;05.06.2012;07:20:39;1021.9;6.303;58.9;14.6
2012;05.06.2012;07:40:39;1022;6.485;60.2;14.7
2012;05.06.2012;08:00:39;1022.2;6.58;60.3;14.9
2012;05.06.2012;08:20:39;1022.4;6.676;60.4;15.1
2012;05.06.2012;08:40:39;1022.5;6.283;55.8;15.4
2012;05.06.2012;09:00:39;1022.4;6.285;55.1;15.6
2012;05.06.2012;09:20:39;1022.4;6.237;53.3;16
2012;05.06.2012;09:40:39;1022.4;6.063;51.5;16.1
2012;05.06.2012;10:00:39;1022.4;6.238;52.3;16.3
2012;05.06.2012;10:20:39;1022.4;6.274;52.6;16.3
2012;05.06.2012;10:40:39;1022.3;6.421;55.2;15.9
2012;05.06.2012;11:00:39;1022.2;6.854;60.8;15.4
2012;05.06.2012;11:20:39;1022.1;6.829;59.8;15.6
2012;05.06.2012;11:40:39;1022.1;6.845;58.8;15.9
2012;05.06.2012;12:00:39;1022.2;6.775;57.1;16.2
2012;05.06.2012;12:20:39;1022.2;6.662;55.1;16.5
2012;05.06.2012;12:40:39;1022.2;6.457;51.1;17.2
2012;05.06.2012;13:00:39;1022.1;6.389;49.3;17.6
2012;05.06.2012;13:20:39;1022;6.286;48.2;17.7
2012;05.06.2012;13:40:39;1021.7;6.346;45.4;18.8
2012;05.06.2012;14:00:39;1021.5;5.785;39.4;19.6
2012;05.06.2012;14:20:39;1021.3;5.638;37;20.2
2012;05.06.2012;14:40:39;1021.2;5.402;35.9;20
2012;05.06.2012;15:00:39;1021;5.451;34.9;20.6
2012;05.06.2012;15:20:39;1020.8;5.613;35.7;20.7
2012;05.06.2012;15:40:39;1020.7;5.104;33.3;20.3
2012;05.06.2012;16:00:39;1020.7;6.612;45.5;19.4
2012;05.06.2012;16:20:39;1020.6;6.749;48.2;18.8
2012;05.06.2012;16:40:39;1020.6;6.425;46.2;18.7
2012;05.06.2012;17:00:39;1020.6;6.454;46.4;18.7
2012;05.06.2012;17:20:39;1020.6;5.991;40.5;19.7
2012;05.06.2012;17:40:39;1020.5;6.176;42;19.6
2012;05.06.2012;18:00:39;1020.4;6.109;41.8;19.5
2012;05.06.2012;18:20:38;1020.4;6.353;44;19.3
2012;05.06.2012;18:40:39;1020.4;6.222;43.1;19.3
2012;05.06.2012;19:00:38;1020.4;6.456;44.7;19.3
2012;05.06.2012;19:20:39;1020.4;6.36;44.6;19.1
2012;05.06.2012;19:40:39;1020.5;6.384;45.9;18.7
2012;05.06.2012;20:00:39;1020.5;6.002;44;18.4
2012;05.06.2012;20:20:39;1020.5;5.994;44.5;18.2
2012;05.06.2012;20:40:39;1020.5;6.189;47.1;17.8
2012;05.06.2012;21:00:39;1020.6;6.28;48.7;17.5
2012;05.06.2012;21:20:39;1020.6;6.316;49.6;17.3
2012;05.06.2012;21:40:39;1020.7;6.368;51.3;16.9
2012;05.06.2012;22:20:39;1021;6.422;52.4;16.7
2012;05.06.2012;22:40:38;1021.2;6.392;52.5;16.6
2012;05.06.2012;23:00:39;1021.2;6.33;52;16.6
2012;05.06.2012;23:20:39;1021.2;6.192;51.2;16.5
2012;05.06.2012;23:40:39;1021.2;6.346;52.8;16.4
2012;06.06.2012;00:00:39;1021.3;6.385;53.8;16.2
2012;06.06.2012;00:20:39;1021.3;6.847;58.4;16
2012;06.06.2012;01:00:39;1021.4;7.325;68.3;14.6
2012;06.06.2012;01:20:39;1021.3;7.179;66.1;14.8
2012;06.06.2012;01:40:39;1021.4;7.227;67.4;14.6
2012;06.06.2012;02:00:39;1021.2;7.51;72.3;14.1
2012;06.06.2012;02:20:39;1021.1;7.514;72.8;14
2012;06.06.2012;02:40:39;1021.1;7.401;70.8;14.2
2012;06.06.2012;03:00:39;1021.1;7.429;70.6;14.3
2012;06.06.2012;03:20:39;1021.1;7.574;72.9;14.1
2012;06.06.2012;03:40:39;1021.1;7.655;76.1;13.6
2012;06.06.2012;04:00:39;1021;7.77;80.3;13
2012;06.06.2012;04:20:39;1021;7.937;79.9;13.4
2012;06.06.2012;04:40:39;1021;7.918;82.9;12.8
2012;06.06.2012;05:00:39;1021;7.78;82;12.7
2012;06.06.2012;05:20:39;1021;7.781;83.1;12.5
2012;06.06.2012;05:40:39;1021.1;7.668;84.1;12.1
2012;06.06.2012;06:00:39;1021.1;7.927;85.2;12.4
2012;06.06.2012;06:20:39;1021.2;7.938;87.6;12
2012;06.06.2012;06:40:39;1021.2;7.95;88.9;11.8
2012;06.06.2012;07:00:39;1021.3;8.03;89.2;11.9
2012;06.06.2012;07:20:39;1021.4;8.055;88.9;12
2012;06.06.2012;07:40:39;1021.5;8.178;87.9;12.4
2012;06.06.2012;08:00:39;1021.5;8.067;87.3;12.3
2012;06.06.2012;08:20:39;1021.6;8.014;85.6;12.5
2012;06.06.2012;08:40:39;1021.6;7.952;84.4;12.6
2012;06.06.2012;09:00:40;1021.7;8.352;86.3;13
2012;06.06.2012;09:00:40;1021.7;8.352;86.3;13
2012;06.06.2012;09:40:39;1021.9;7.978;77.8;13.9
2012;06.06.2012;10:00:39;1021.9;7.796;74.1;14.3
2012;06.06.2012;10:20:40;1022;7.416;71;14.2
2012;06.06.2012;11:00:40;1022.1;7.46;73.3;13.8
2012;06.06.2012;11:20:40;1022.2;7.787;78.5;13.4
2012;06.06.2012;11:40:39;1022.3;7.747;78.1;13.4
2012;06.06.2012;12:00:39;1022.3;7.819;77.3;13.7
2012;06.06.2012;12:20:39;1022.4;7.788;77.5;13.6
2012;06.06.2012;12:40:39;1022.3;8.273;81.2;13.8
2012;06.06.2012;13:00:40;1022.2;8.251;78.9;14.2
2012;06.06.2012;13:20:39;1022.1;7.87;72.9;14.7
2012;06.06.2012;13:40:39;1022;7.553;70;14.7
2012;06.06.2012;14:00:39;1022;7.761;71.9;14.7
2012;06.06.2012;14:20:39;1022;7.837;71.2;15
2012;06.06.2012;14:40:39;1021.9;7.541;66.8;15.4
2012;06.06.2012;15:00:40;1021.9;7.223;63.2;15.6
2012;06.06.2012;15:20:39;1021.9;7.153;63.4;15.4
2012;06.06.2012;15:40:39;1021.8;7.05;61.3;15.7
2012;06.06.2012;16:00:41;1021.7;7.143;61.7;15.8
2012;06.06.2012;16:20:40;1021.7;7.359;60;16.7
2012;06.06.2012;16:40:39;1021.6;7.341;61;16.4
2012;06.06.2012;17:00:39;1021.6;7.403;62.3;16.2
2012;06.06.2012;17:20:39;1021.6;7.511;63.6;16.1
2012;06.06.2012;17:40:39;1021.7;7.364;64.4;15.6
2012;06.06.2012;18:00:40;1021.7;7.576;68.4;15.1
2012;06.06.2012;18:20:41;1021.7;7.973;74.3;14.6
2012;06.06.2012;18:40:39;1021.8;7.874;75.8;14.1
2012;06.06.2012;19:00:39;1021.9;8.198;79.4;14
2012;06.06.2012;19:20:39;1022;8.491;86.6;13.2
2012;06.06.2012;19:40:39;1022;8.651;88.8;13.1
2012;06.06.2012;20:00:40;1022.1;8.603;88.9;13
2012;06.06.2012;20:20:39;1022.2;8.573;88.6;13
2012;06.06.2012;20:40:39;1022.3;8.621;89.1;13
2012;06.06.2012;21:00:39;1022.4;8.591;88.8;13
2012;06.06.2012;21:20:39;1022.5;8.588;88.2;13.1
2012;06.06.2012;21:40:39;1022.6;8.642;87.6;13.3
2012;06.06.2012;22:00:39;1022.8;8.705;90;13
2012;06.06.2012;22:20:40;1023;8.637;89.9;12.9
2012;06.06.2012;22:40:39;1023;8.761;90;13.1
2012;06.06.2012;23:00:39;1023.1;8.83;91.3;13
2012;06.06.2012;23:20:39;1023.1;8.898;92.6;12.9
2012;06.06.2012;23:40:39;1023.2;8.908;92.7;12.9
2012;07.06.2012;00:00:39;1023.3;8.907;91.5;13.1
2012;07.06.2012;00:20:39;1023.3;8.731;91.5;12.8
2012;07.06.2012;00:40:39;1023.4;8.76;91.8;12.8
2012;07.06.2012;01:00:39;1023.5;8.701;91.2;12.8
2012;07.06.2012;01:20:39;1023.5;8.557;90.3;12.7
2012;07.06.2012;01:40:39;1023.6;8.405;89.9;12.5
2012;07.06.2012;02:00:39;1023.6;8.377;90.8;12.3
2012;07.06.2012;02:20:41;1023.7;8.433;90.8;12.4
2012;07.06.2012;02:40:39;1023.8;8.404;90.5;12.4
2012;07.06.2012;03:00:39;1023.8;8.431;90.2;12.5
2012;07.06.2012;03:20:39;1023.9;8.364;89.5;12.5
2012;07.06.2012;03:40:39;1024;8.289;89.3;12.4
2012;07.06.2012;04:00:39;1024.1;8.304;88.3;12.6
2012;07.06.2012;04:20:39;1024.3;8.219;88;12.5
2012;07.06.2012;04:40:39;1024.4;8.057;86.3;12.5
2012;07.06.2012;05:00:39;1024.7;7.476;80.7;12.4
2012;07.06.2012;05:20:39;1024.9;7.402;79.4;12.5
2012;07.06.2012;05:40:39;1025.2;7.311;79.5;12.3
2012;07.06.2012;06:00:39;1025.4;7.02;77.4;12.1
2012;07.06.2012;06:20:39;1025.8;6.382;71.4;11.9
2012;07.06.2012;06:40:39;1026.1;6.007;67.7;11.8
2012;07.06.2012;07:00:39;1026.4;6.17;70;11.7
2012;07.06.2012;07:20:40;1026.7;5.94;68.8;11.4
2012;07.06.2012;07:40:43;1027.1;6.027;68.9;11.6
2012;07.06.2012;08:00:39;1027.4;5.924;68.2;11.5
2012;07.06.2012;08:20:39;1027.6;5.738;66.1;11.5
2012;07.06.2012;08:40:39;1027.9;5.672;64.5;11.7
2012;07.06.2012;09:00:41;1028.2;5.688;64.7;11.7
2012;07.06.2012;09:20:39;1028.4;5.559;64.1;11.5
2012;07.06.2012;09:40:39;1028.6;5.768;66.5;11.5
2012;07.06.2012;10:00:40;1028.7;5.63;64.5;11.6
2012;07.06.2012;10:20:39;1028.9;5.713;64.6;11.8
2012;07.06.2012;10:40:39;1029.1;5.912;66.4;11.9
2012;07.06.2012;11:00:39;1029.2;5.866;65.9;11.9
2012;07.06.2012;11:20:39;1029.4;6.099;68.5;11.9
2012;07.06.2012;11:40:39;1029.6;5.9;66.3;11.9
2012;07.06.2012;12:00:41;1029.8;5.785;64.6;12
2012;07.06.2012;12:20:39;1029.9;5.726;62.3;12.4
2012;07.06.2012;12:40:39;1030;5.699;60.8;12.7
2012;07.06.2012;13:00:39;1030;5.558;57.4;13.2
2012;07.06.2012;13:20:39;1030;5.814;58.1;13.7
2012;07.06.2012;13:40:40;1030.1;5.824;58.2;13.7
2012;07.06.2012;14:00:39;1030;5.523;53.8;14.1
2012;07.06.2012;14:20:39;1030;5.31;53.1;13.7
2012;07.06.2012;14:40:39;1030;5.415;53.1;14
2012;07.06.2012;15:00:40;1030;5.468;51.9;14.5
2012;07.06.2012;15:20:39;1029.9;5.511;50;15.2
2012;07.06.2012;15:40:41;1030;5.285;51.5;14.1
2012;07.06.2012;16:00:39;1030;5.172;48.8;14.6
2012;07.06.2012;16:20:40;1030.2;5.28;50.8;14.3
2012;07.06.2012;16:40:40;1030.3;4.651;44.8;14.3
2012;07.06.2012;17:00:39;1030.5;4.681;44.8;14.4
2012;07.06.2012;17:20:40;1030.6;4.859;47.1;14.2
2012;07.06.2012;17:40:39;1030.7;4.693;46.1;14
2012;07.06.2012;18:00:39;1030.9;4.319;43.3;13.7
2012;07.06.2012;18:20:40;1031.1;4.619;46.9;13.5
2012;07.06.2012;18:40:38;1031.3;4.559;46.3;13.5
2012;07.06.2012;19:00:39;1031.5;4.488;46.2;13.3
2012;07.06.2012;19:20:39;1031.7;4.552;48.1;12.9
2012;07.06.2012;19:40:39;1031.9;4.635;49.3;12.8
2012;07.06.2012;20:00:40;1032.1;4.357;47.3;12.5
2012;07.06.2012;20:20:39;1032.3;4.107;44.9;12.4
2012;07.06.2012;20:40:40;1032.6;3.798;42.1;12.2
2012;07.06.2012;21:00:46;1032.8;3.799;42.4;12.1
2012;07.06.2012;21:20:39;1033;3.782;42.5;12
2012;07.06.2012;21:40:41;1033.3;3.88;43.9;11.9
2012;07.06.2012;22:00:39;1033.6;4.135;47.4;11.7
2012;07.06.2012;22:20:39;1033.8;4.305;50;11.5
2012;07.06.2012;22:40:39;1034;4.29;50.5;11.3
2012;07.06.2012;23:00:40;1034.2;4.393;52.4;11.1
2012;07.06.2012;23:20:41;1034.3;4.539;54.5;11
2012;07.06.2012;23:40:39;1034.5;4.469;54.4;10.8
2012;08.06.2012;00:00:40;1034.6;4.352;53.7;10.6
2012;08.06.2012;00:20:40;1034.7;4.387;55.6;10.2
2012;08.06.2012;00:40:41;1034.7;4.413;56.3;10.1
2012;08.06.2012;01:00:40;1034.6;4.595;60.6;9.6
2012;08.06.2012;01:20:41;1034.5;4.493;63.4;8.6
2012;08.06.2012;01:40:40;1034.4;4.41;63.5;8.3
2012;08.06.2012;02:20:39;1034.2;4.301;61.1;8.5
2012;08.06.2012;02:40:39;1034;4.25;61.2;8.3
2012;08.06.2012;03:00:39;1033.9;4.302;63.2;8
2012;08.06.2012;03:20:39;1033.8;4.312;65.1;7.6
2012;08.06.2012;03:40:40;1033.7;4.386;66.2;7.6
2012;08.06.2012;04:00:39;1033.7;4.285;68.8;6.7
2012;08.06.2012;04:20:39;1033.6;4.395;69.1;7
2012;08.06.2012;04:40:39;1033.5;4.29;74.3;5.6
2012;08.06.2012;05:00:40;1033.4;4.326;78.1;5
2012;08.06.2012;05:20:40;1033.4;4.456;73;6.4
2012;08.06.2012;05:40:39;1033.3;4.316;71.7;6.2
2012;08.06.2012;06:20:39;1033.5;4.682;77.2;6.3
2012;08.06.2012;06:40:41;1033.5;4.813;78.8;6.4
2012;08.06.2012;07:00:39;1033.6;4.922;76.8;7.1
2012;08.06.2012;07:20:39;1033.7;4.913;71.6;8.1
2012;08.06.2012;07:40:39;1033.8;5.028;71.8;8.4
2012;09.06.2012;19:40:39;1026.8;4.148;37.6;15.2
2012;09.06.2012;20:00:41;1026.7;4.608;41.2;15.4
2012;09.06.2012;20:20:38;1026.7;4.622;42.4;15
2012;09.06.2012;20:40:39;1026.6;4.474;42.4;14.5
2012;09.06.2012;21:00:39;1026.6;4.667;44.5;14.4
2012;09.06.2012;21:20:38;1026.6;4.814;47.4;13.9
2012;09.06.2012;21:40:39;1026.7;4.843;48;13.8
2012;09.06.2012;22:00:39;1026.7;4.769;48.2;13.5
2012;09.06.2012;22:20:40;1026.7;4.558;47;13.2
2012;09.06.2012;22:40:39;1026.6;4.676;48.2;13.2
2012;09.06.2012;23:00:39;1026.5;4.69;49.3;12.9
2012;09.06.2012;23:20:39;1026.5;4.833;51.8;12.6
2012;09.06.2012;23:40:39;1026.4;5.064;54.6;12.5
2012;10.06.2012;00:00:39;1026.3;4.829;54.9;11.7
2012;10.06.2012;00:20:39;1026.1;4.203;49.1;11.3
2012;10.06.2012;00:40:39;1025.9;4.474;51.9;11.4
2012;10.06.2012;01:00:39;1025.7;4.829;57.1;11.1
2012;10.06.2012;01:20:39;1025.5;5.034;58.7;11.3
2012;10.06.2012;01:40:39;1025.3;5.044;63.7;10.1
2012;10.06.2012;02:00:39;1025.1;4.852;65.1;9.2
2012;10.06.2012;02:20:39;1024.8;4.912;63.7;9.7
2012;10.06.2012;02:40:39;1024.7;4.779;66.3;8.7
2012;10.06.2012;03:00:39;1024.5;4.757;66;8.7
2012;10.06.2012;03:20:39;1024.5;4.846;68.6;8.4
2012;10.06.2012;03:40:38;1024.4;4.906;68.5;8.6
2012;10.06.2012;04:00:39;1024.3;4.974;68.5;8.8
2012;10.06.2012;04:20:39;1024.1;4.946;71.9;8
2012;10.06.2012;04:40:39;1024;4.952;71.5;8.1
2012;10.06.2012;05:00:39;1023.9;4.954;73;7.8
2012;10.06.2012;05:20:39;1023.9;4.873;74.3;7.3
2012;10.06.2012;05:40:39;1023.8;5.072;74.2;7.9
2012;10.06.2012;06:00:39;1023.8;5.093;74;8
2012;10.06.2012;06:20:41;1023.7;5.35;75.1;8.5
2012;10.06.2012;06:40:39;1023.7;5.401;72.8;9.1
2012;10.06.2012;07:00:41;1023.8;5.543;73.2;9.4
2012;10.06.2012;07:20:40;1023.9;5.611;73.6;9.5
2012;10.06.2012;07:40:39;1024;5.519;72.9;9.4
2012;10.06.2012;08:00:39;1024;5.418;71.1;9.5
2012;10.06.2012;08:20:39;1024;5.393;70.3;9.6
2012;10.06.2012;08:40:39;1023.9;5.371;66.8;10.3
2012;10.06.2012;09:00:40;1023.8;5.526;66.9;10.7
2012;10.06.2012;09:20:40;1023.7;5.588;66.3;11
2012;10.06.2012;09:40:40;1023.6;5.446;64.2;11.1
2012;10.06.2012;10:00:39;1023.5;5.496;63.5;11.4
2012;10.06.2012;10:20:40;1023.5;5.287;59.5;11.8
2012;10.06.2012;10:40:39;1023.3;5.101;55.2;12.4
2012;10.06.2012;11:00:40;1023.3;5.046;54.6;12.4
2012;10.06.2012;11:20:39;1023.2;5.256;54.3;13.1
2012;10.06.2012;11:40:39;1023.1;5.402;53.3;13.8
2012;10.06.2012;12:00:39;1023;5.065;44.8;15.5
2012;10.06.2012;12:20:42;1022.9;5.111;43.5;16.1
2012;10.06.2012;12:40:39;1022.7;5.293;45.9;15.8
2012;10.06.2012;13:00:39;1022.6;5.283;46.4;15.6
2012;10.06.2012;13:20:40;1022.5;5.146;43.5;16.2
2012;10.06.2012;13:40:39;1022.3;5.088;44.4;15.7
2012;10.06.2012;14:00:40;1022.2;4.695;39.2;16.4
2012;10.06.2012;14:20:39;1022;4.399;34.7;17.3
2012;10.06.2012;14:40:39;1021.7;4.042;32.3;17.1
2012;10.06.2012;15:00:39;1021.5;3.902;30.4;17.5
2012;10.06.2012;15:20:39;1021.3;3.901;30.2;17.6
2012;10.06.2012;15:40:40;1021.2;4.121;30.9;18.1
2012;11.06.2012;14:00:38;1014.1;5.066;35.6;19
2012;11.06.2012;14:20:39;1013.9;5.432;37.9;19.1
2012;11.06.2012;14:40:39;1013.6;5.54;38.4;19.2
2012;11.06.2012;15:00:39;1013.4;5.803;39.7;19.4
2012;11.06.2012;15:20:38;1013.2;5.879;38.5;20.1
2012;11.06.2012;15:40:39;1013.1;6.34;42;19.9
2012;11.06.2012;16:00:39;1013;6.375;41.7;20.1
2012;11.06.2012;16:20:39;1012.8;6.174;40.9;19.9
2012;11.06.2012;16:40:39;1012.7;6.137;39.9;20.2
2012;11.06.2012;17:00:39;1012.6;6.122;39.8;20.2
2012;11.06.2012;17:20:39;1012.5;5.832;38.4;20
2012;11.06.2012;17:40:39;1012.4;6.351;42.3;19.8
2012;11.06.2012;18:00:39;1012.2;6.071;40.2;19.9
2012;11.06.2012;18:20:39;1012.1;6.177;41.4;19.7
2012;11.06.2012;18:40:39;1012;6.186;41.2;19.8
2012;11.06.2012;19:00:40;1011.9;5.96;40.2;19.6
2012;11.06.2012;19:20:39;1011.8;6.47;43.6;19.6
2012;11.06.2012;19:40:39;1011.7;7.012;48.4;19.2
2012;11.06.2012;20:00:39;1011.7;6.617;45.7;19.2
2012;11.06.2012;20:20:39;1011.6;6.321;44.5;18.9
2012;11.06.2012;20:40:39;1011.6;6.564;45.9;19
2012;11.06.2012;21:00:39;1011.6;7.49;52.3;19
2012;11.06.2012;21:20:39;1011.6;6.567;46.5;18.8
2012;11.06.2012;21:40:38;1011.7;6.256;43.5;19.1
2012;11.06.2012;22:00:38;1011.8;7.854;61;17.3
2012;11.06.2012;22:20:39;1012;7.869;63.9;16.6
2012;11.06.2012;22:40:39;1012.2;8.028;67.3;16.1
2012;11.06.2012;23:00:39;1012.5;7.832;67.4;15.7
2012;11.06.2012;23:20:39;1012.8;7.595;67.1;15.3
2012;11.06.2012;23:40:39;1013;7.368;66.4;15
2012;12.06.2012;00:00:39;1013.1;7.302;67.1;14.7
2012;12.06.2012;00:20:39;1013.2;7.358;68.5;14.5
2012;12.06.2012;00:40:38;1013.2;7.348;69.3;14.3
2012;12.06.2012;01:00:39;1013.3;7.331;69.6;14.2
2012;12.06.2012;01:20:39;1013.4;7.393;71.1;14
2012;12.06.2012;01:40:38;1013.4;7.386;71.5;13.9
2012;12.06.2012;02:00:39;1013.4;7.269;71.3;13.7
2012;12.06.2012;02:20:38;1013.4;7.276;72.3;13.5
2012;12.06.2012;02:40:38;1013.4;7.177;71.8;13.4
2012;12.06.2012;03:00:39;1013.4;7;70.5;13.3
2012;12.06.2012;03:20:39;1013.3;6.633;66.4;13.4
2012;12.06.2012;03:40:39;1013.2;6.72;67.7;13.3
2012;12.06.2012;04:00:39;1013;6.887;69.8;13.2
2012;12.06.2012;04:20:39;1012.8;6.965;71.5;13
2012;12.06.2012;04:40:39;1012.7;6.979;72.1;12.9
2012;12.06.2012;05:00:39;1012.5;7.109;73.9;12.8
2012;12.06.2012;05:20:39;1012.4;7.197;74.8;12.8
2012;12.06.2012;05:40:39;1012.3;7.246;75.3;12.8
2012;12.06.2012;06:00:39;1012.2;7.209;75.4;12.7
2012;12.06.2012;06:20:39;1012.2;7.228;75.6;12.7
2012;12.06.2012;06:40:39;1012.2;7.277;76.1;12.7
2012;12.06.2012;07:00:38;1012.2;7.364;76.5;12.8
2012;12.06.2012;07:20:39;1012.2;7.277;76.1;12.7
2012;12.06.2012;07:40:38;1012.1;7.239;76.2;12.6
2012;12.06.2012;08:00:39;1012.1;7.372;78.1;12.5
2012;12.06.2012;08:20:38;1012.2;7.314;77.5;12.5
2012;12.06.2012;08:40:39;1012.2;7.285;77.2;12.5
2012;12.06.2012;09:00:39;1012.3;7.438;78.8;12.5
2012;12.06.2012;09:20:39;1012.3;7.419;78.6;12.5
2012;12.06.2012;09:40:39;1012.4;7.711;80.6;12.7
2012;12.06.2012;10:20:39;1012.4;7.664;79.6;12.8
2012;12.06.2012;10:40:39;1012.4;7.767;79.6;13
2012;12.06.2012;11:00:39;1012.5;7.9;79.9;13.2
2012;12.06.2012;11:20:39;1012.6;8.022;80.6;13.3
2012;12.06.2012;11:40:39;1012.6;8.172;80.5;13.6
2012;12.06.2012;12:00:39;1012.7;8.282;80;13.9
2012;12.06.2012;12:20:39;1012.7;8.395;76;14.9
2012;12.06.2012;12:40:39;1012.7;8.361;73.3;15.4
2012;12.06.2012;13:00:39;1012.6;8.325;74.4;15.1
2012;12.06.2012;13:20:39;1012.5;8.535;72.9;15.8
2012;12.06.2012;13:40:39;1012.4;8.652;71.1;16.4
2012;12.06.2012;14:00:38;1012.2;8.861;71.4;16.7
2012;12.06.2012;14:20:39;1012;9.015;69.9;17.3
2012;12.06.2012;14:40:39;1011.9;8.982;67.9;17.7
2012;12.06.2012;15:00:39;1011.7;8.845;64.8;18.2
2012;12.06.2012;15:20:39;1011.6;9.334;65.8;18.8
2012;12.06.2012;15:40:38;1011.4;9.221;65;18.8
2012;12.06.2012;16:00:39;1011.2;9.296;64.7;19
2012;12.06.2012;16:20:39;1011.1;9.655;65.5;19.4
2012;12.06.2012;16:40:38;1011;9.612;64.4;19.6
2012;12.06.2012;17:00:39;1010.8;10.087;67.1;19.7
2012;12.06.2012;17:20:39;1010.7;9.783;65.1;19.7
2012;12.06.2012;17:40:39;1010.5;9.263;61.3;19.8
2012;12.06.2012;18:00:39;1010.3;9.465;60.7;20.3
2012;12.06.2012;18:20:39;1010.1;9.377;60.5;20.2
2012;12.06.2012;18:40:39;1010;9.543;62.7;19.9
2012;12.06.2012;19:00:39;1009.9;9.879;66.5;19.5
2012;12.06.2012;19:20:38;1009.8;9.428;63.5;19.5
2012;12.06.2012;19:40:38;1009.7;9.228;59.9;20.1
2012;12.06.2012;20:00:39;1009.6;9.877;67.3;19.3
2012;12.06.2012;20:20:40;1009.7;9.817;66.9;19.3
2012;12.06.2012;20:40:38;1009.7;10.4;71.7;19.1
2012;12.06.2012;21:00:39;1009.7;9.547;63.1;19.8
2012;12.06.2012;21:20:39;1009.8;9.111;61.4;19.5
2012;12.06.2012;21:40:39;1009.8;8.851;60.8;19.2
2012;12.06.2012;22:00:38;1009.9;8.745;61.6;18.8
2012;12.06.2012;22:20:40;1009.9;8.334;61;18.2
2012;12.06.2012;22:40:39;1009.9;8.273;62.1;17.8
2012;12.06.2012;23:00:39;1009.9;8.165;61.3;17.8
2012;12.06.2012;23:20:39;1009.8;8.289;63.4;17.5
2012;12.06.2012;23:40:39;1009.8;8.396;63.4;17.7
2012;13.06.2012;00:00:39;1009.7;8.54;65.7;17.4
2012;13.06.2012;00:20:39;1009.6;8.391;65.8;17.1
2012;13.06.2012;00:40:39;1009.6;8.299;65.5;17
2012;13.06.2012;01:00:39;1009.6;8.805;72.6;16.3
2012;13.06.2012;01:20:39;1009.4;8.311;67.7;16.5
2012;13.06.2012;01:40:39;1009.3;8.908;75.8;15.8
2012;13.06.2012;02:00:39;1009.1;8.781;75.2;15.7
2012;13.06.2012;02:20:39;1009;8.421;74.5;15.2
2012;13.06.2012;02:40:38;1008.9;8.38;75.1;15
2012;13.06.2012;03:00:39;1008.8;8.284;75.2;14.8
2012;13.06.2012;03:20:39;1009;8.492;79.1;14.4
2012;13.06.2012;03:40:38;1009.6;9.007;82.8;14.6
2012;13.06.2012;04:00:39;1009.5;9.337;86.9;14.4
2012;13.06.2012;04:20:38;1009.4;9.327;86.8;14.4
2012;13.06.2012;04:40:39;1009.2;9.073;83.9;14.5
2012;13.06.2012;05:00:39;1009.1;8.73;77.2;15.2
2012;13.06.2012;05:20:39;1009;8.775;78.6;15
2012;13.06.2012;05:40:39;1009;9;81.1;14.9
2012;13.06.2012;06:00:38;1009;8.64;77.4;15
2012;13.06.2012;06:20:39;1008.9;8.732;78.2;15
2012;13.06.2012;06:40:39;1008.8;8.868;79.4;15
2012;13.06.2012;07:00:39;1008.8;9.009;77.6;15.6
2012;13.06.2012;07:20:39;1008.9;9.362;80.6;15.6
2012;13.06.2012;07:40:39;1008.9;9.606;83.2;15.5
2012;13.06.2012;08:00:39;1008.9;9.82;81.3;16.2
2012;13.06.2012;08:20:41;1009.2;9.948;84.5;15.8
2012;13.06.2012;08:40:39;1009.3;10.108;85.3;15.9
2012;13.06.2012;09:00:40;1009.5;10.543;84.5;16.7
2012;13.06.2012;09:20:39;1009.7;9.579;77.4;16.6
2012;13.06.2012;09:40:39;1009.5;9.693;79.3;16.4
2012;13.06.2012;10:00:39;1009.8;9.867;77.7;17
2012;13.06.2012;10:20:39;1009.8;10.145;76.4;17.7
2012;13.06.2012;10:40:39;1009.9;10.401;75.4;18.3
2012;13.06.2012;11:00:39;1010;10.273;71.3;19
2012;13.06.2012;11:20:39;1010.1;9.303;53.1;22.2
2012;13.06.2012;11:40:41;1010.3;8.906;51.5;22
2012;13.06.2012;12:00:39;1010.7;9.01;55.4;21
2012;13.06.2012;12:20:39;1011.3;9.93;70.8;18.6
2012;13.06.2012;12:40:39;1011.9;9.599;75.3;17.1
2012;13.06.2012;13:00:39;1012.2;9.226;72.9;17
2012;13.06.2012;13:20:39;1012.2;9.501;76;16.8
2012;13.06.2012;13:40:40;1012;9.728;74.4;17.5
2012;13.06.2012;14:00:39;1011.9;9.961;72.4;18.3
2012;13.06.2012;14:20:39;1011.8;9.972;66;19.8
2012;13.06.2012;14:40:40;1011.8;9.479;71.6;17.7
2012;13.06.2012;15:00:39;1011.7;9.545;73;17.5
2012;13.06.2012;15:20:39;1011.7;10.33;78.9;17.5
2012;13.06.2012;15:40:40;1011.6;10.517;78.3;17.9
2012;13.06.2012;16:00:40;1011.5;9.828;70.1;18.6
2012;13.06.2012;16:20:39;1011.4;9.869;69.5;18.8
2012;13.06.2012;16:40:39;1011.2;9.444;64.9;19.2
2012;13.06.2012;17:00:39;1010.9;9.155;61;19.7
2012;13.06.2012;17:20:39;1010.8;9.997;66.1;19.8
2012;13.06.2012;17:40:39;1010.6;9.539;63.5;19.7
2012;13.06.2012;18:00:39;1010.6;9.277;61.4;19.8
2012;13.06.2012;18:20:40;1010.6;9.309;60.1;20.2
2012;13.06.2012;18:40:39;1010.6;9.892;63.8;20.2
2012;13.06.2012;19:00:40;1010.6;9.406;59.6;20.5
2012;13.06.2012;19:20:39;1010.6;9.124;58.2;20.4
2012;13.06.2012;19:40:38;1010.6;8.901;57.5;20.2
2012;13.06.2012;20:00:39;1010.6;8.99;57;20.5
2012;13.06.2012;20:20:38;1010.8;9.795;63.2;20.2
2012;13.06.2012;20:40:40;1010.8;9.998;65.7;19.9
2012;13.06.2012;21:00:41;1010.9;10.63;77.6;18.2
2012;13.06.2012;21:20:39;1011.1;10.652;76.8;18.4
2012;13.06.2012;21:40:39;1011.6;10.701;76.7;18.5
2012;13.06.2012;22:00:39;1011.9;9.025;62.1;19.2
2012;13.06.2012;22:20:42;1012.4;10.162;77.7;17.5
2012;13.06.2012;22:40:40;1012.8;9.861;80.4;16.5
2012;13.06.2012;23:00:39;1013.3;9.977;84;16
2012;13.06.2012;23:20:39;1013.5;9.906;82.9;16.1
2012;13.06.2012;23:40:39;1013.7;10.005;83.2;16.2
2012;14.06.2012;00:00:42;1013.6;9.804;79.5;16.6
2012;14.06.2012;00:20:39;1013.4;10.008;83.2;16.2
2012;14.06.2012;00:40:40;1013.2;9.559;78.5;16.4
2012;14.06.2012;01:00:39;1012.9;9.837;78.7;16.8
2012;14.06.2012;01:20:41;1012.8;10.205;85.3;16.1
2012;14.06.2012;01:40:41;1012.6;10.228;82.8;16.6
2012;14.06.2012;02:00:42;1012.5;10.213;84.8;16.2
2012;15.06.2012;19:20:39;1021.2;10.559;67.9;20.4
2012;15.06.2012;19:40:39;1021.4;10.511;69.3;20
2012;15.06.2012;20:00:40;1021.5;10.789;72.9;19.6
2012;15.06.2012;20:20:39;1021.6;9.844;65.8;19.8
2012;15.06.2012;20:40:39;1021.8;10.347;71.3;19.3
2012;15.06.2012;21:00:39;1021.9;10.2;71.2;19.1
2012;15.06.2012;21:20:39;1022;10.025;70;19.1
2012;15.06.2012;21:40:39;1022.2;10.162;73.2;18.6
2012;15.06.2012;22:00:39;1022.3;9.891;73.1;18.2
2012;15.06.2012;22:20:40;1022.5;9.807;71.6;18.4
2012;15.06.2012;22:40:40;1022.6;9.484;70.6;18.1
2012;15.06.2012;23:00:39;1022.6;9.457;70.4;18.1
2012;15.06.2012;23:20:38;1022.7;9.406;69.6;18.2
2012;15.06.2012;23:40:39;1022.8;9.288;70.5;17.8
2012;16.06.2012;00:00:40;1023;9.427;71.1;17.9
2012;16.06.2012;00:20:43;1023.1;9.293;71;17.7
2012;16.06.2012;00:40:41;1023.1;9.122;71.5;17.3
2012;16.06.2012;01:00:40;1023.2;8.993;70.5;17.3
2012;16.06.2012;01:20:40;1023.3;9.05;71.4;17.2
2012;16.06.2012;01:40:39;1023.3;9.03;71.7;17.1
2012;16.06.2012;02:00:39;1023.4;9.493;75.8;17
2012;16.06.2012;02:20:39;1023.4;9.142;75.4;16.5
2012;16.06.2012;02:40:40;1023.4;8.654;69.2;17
2012;16.06.2012;03:00:39;1023.5;8.557;70.2;16.6
2012;16.06.2012;03:20:41;1023.6;8.354;69;16.5
2012;16.06.2012;03:40:41;1023.7;8.421;70;16.4
2012;16.06.2012;04:00:43;1023.8;8.486;71.9;16.1
2012;16.06.2012;04:20:39;1023.9;8.48;71.4;16.2
2012;16.06.2012;04:40:39;1023.9;8.282;70.2;16.1
2012;16.06.2012;05:00:40;1024;8.746;76;15.7
2012;16.06.2012;05:20:40;1024;8.838;76.8;15.7
2012;16.06.2012;05:40:39;1024.2;9.221;80.6;15.6
2012;16.06.2012;06:00:39;1024.4;8.639;75.6;15.6
2012;16.06.2012;06:20:39;1024.6;8.629;76.5;15.4
2012;16.06.2012;06:40:40;1024.8;8.763;79.2;15.1
2012;16.06.2012;07:00:39;1025;8.683;77;15.4
2012;16.06.2012;07:20:40;1025.1;8.91;77;15.8
2012;16.06.2012;07:40:40;1025.3;8.966;77;15.9
2012;16.06.2012;08:00:40;1025.4;9.107;78.2;15.9
2012;16.06.2012;08:20:39;1025.6;8.868;73.8;16.4
2012;16.06.2012;08:40:39;1025.7;8.579;67.9;17.2
2012;16.06.2012;09:00:40;1025.9;9.464;73.4;17.5
2012;16.06.2012;09:20:39;1026;9.413;71.2;17.9
2012;16.06.2012;09:40:39;1026.1;9.751;72.8;18.1
2012;16.06.2012;10:00:39;1026.2;9.875;71.9;18.5
2012;16.06.2012;10:20:39;1026.4;10.294;72.6;19
2012;16.06.2012;10:40:39;1026.3;10.474;70.7;19.7
2012;16.06.2012;11:00:39;1026.4;10;68.4;19.5
2012;16.06.2012;11:20:39;1026.4;9.861;65.4;20
2012;16.06.2012;11:40:39;1026.3;9.752;63.5;20.3
2012;16.06.2012;12:00:43;1026.3;9.97;64.5;20.4
2012;16.06.2012;12:20:40;1026.3;10.042;62.6;21
2012;16.06.2012;12:40:39;1026.3;9.94;64.7;20.3
2012;16.06.2012;13:00:39;1026.2;10.46;62.8;21.6
2012;16.06.2012;13:20:40;1026.1;10.08;61.3;21.4
2012;16.06.2012;13:40:40;1026.1;10.329;62.4;21.5
2012;16.06.2012;14:00:39;1026;9.973;61.4;21.2
2012;16.06.2012;14:20:39;1026;9.948;59.4;21.7
2012;16.06.2012;15:00:39;1025.9;9.891;54.9;22.9
2012;16.06.2012;15:20:39;1025.8;9.862;55.4;22.7
2012;16.06.2012;15:40:41;1025.7;9.681;50.9;23.8
2012;16.06.2012;16:00:39;1025.7;9.805;52.8;23.4
2012;16.06.2012;16:20:41;1025.7;9.683;50;24.1
2012;16.06.2012;16:40:41;1025.7;7.762;40.2;24.1
2012;16.06.2012;17:00:39;1025.6;7.357;35.7;25.2
2012;16.06.2012;17:20:39;1025.6;7.002;34.2;25.1
2012;16.06.2012;17:40:42;1025.6;8.025;39.6;24.9
2012;16.06.2012;18:00:39;1025.6;7.343;37.6;24.3
2012;16.06.2012;18:20:40;1025.7;7.487;37.2;24.8
2012;16.06.2012;18:40:40;1025.8;7.201;35.8;24.8
2012;16.06.2012;19:00:40;1025.9;7.771;39.3;24.5
2012;16.06.2012;19:20:39;1026;8.442;42.4;24.6
2012;16.06.2012;19:40:41;1026.2;9.266;47.9;24.1
2012;16.06.2012;20:00:39;1026.4;10.523;56.3;23.5
2012;16.06.2012;20:20:39;1026.6;10.369;57.2;23
2012;16.06.2012;20:40:39;1026.8;9.608;51.5;23.5
2012;16.06.2012;21:00:42;1027;9.397;50.7;23.4
2012;16.06.2012;21:20:40;1027.3;10.511;62.4;21.8
2012;16.06.2012;21:40:38;1027.5;10.218;60.7;21.8
2012;16.06.2012;22:00:38;1027.7;10.021;59.2;21.9
2012;16.06.2012;22:20:39;1027.9;10.009;60.6;21.5
2012;16.06.2012;22:40:40;1028;9.951;63.3;20.7
2012;16.06.2012;23:00:41;1028.1;9.493;59.7;20.9
2012;16.06.2012;23:20:40;1028.2;9.391;59.8;20.7
2012;16.06.2012;23:40:39;1028.4;9.442;62.4;20.1
2012;17.06.2012;00:00:39;1028.5;9.686;63.6;20.2
2012;17.06.2012;00:20:39;1028.6;10.133;66.5;20.2
2012;17.06.2012;00:40:39;1028.7;9.709;68.7;19
2012;17.06.2012;01:00:39;1028.8;9.638;69.5;18.7
2012;17.06.2012;01:20:40;1028.9;9.567;69;18.7
2012;17.06.2012;01:40:41;1029;9.627;69;18.8
2012;17.06.2012;02:00:40;1029;9.614;72;18.1
2012;17.06.2012;02:20:39;1029.1;9.665;73.3;17.9
2012;17.06.2012;02:40:39;1029.1;9.617;73.4;17.8
2012;17.06.2012;03:00:40;1029.1;9.431;76.7;16.8
2012;17.06.2012;03:20:40;1029;9.408;73.2;17.5
2012;17.06.2012;03:40:39;1028.9;9.358;74.2;17.2
2012;17.06.2012;04:00:39;1029;9.238;74.2;17
2012;17.06.2012;04:20:39;1029;9.172;75.1;16.7
2012;17.06.2012;04:40:39;1029.1;8.979;76.9;16
2012;17.06.2012;05:00:39;1029.1;9.026;77.8;15.9
2012;17.06.2012;05:20:39;1029.2;8.989;79.5;15.5
2012;17.06.2012;05:40:39;1029.4;8.954;77.7;15.8
2012;17.06.2012;06:00:40;1029.4;9.07;79.2;15.7
2012;17.06.2012;06:20:39;1029.5;9.094;78.9;15.8
2012;17.06.2012;06:40:39;1029.6;9.09;76.4;16.3
2012;17.06.2012;07:00:38;1029.7;9.162;77.5;16.2
2012;17.06.2012;07:20:39;1029.8;9.359;75.7;16.9
2012;17.06.2012;07:40:39;1030.1;9.386;73.1;17.5
2012;17.06.2012;08:00:39;1030.2;9.804;76.8;17.4
2012;17.06.2012;08:20:39;1030.3;9.997;78.8;17.3
2012;17.06.2012;08:20:39;1030.3;9.997;78.8;17.3
2012;17.06.2012;09:01:07;1030.6;9.845;75.7;17.7
2012;17.06.2012;09:20:39;1030.7;10.082;75.1;18.2
2012;17.06.2012;09:40:39;1030.7;10.109;73.9;18.5
2012;17.06.2012;10:00:40;1030.8;10.36;74.3;18.8
2012;17.06.2012;10:20:41;1030.8;10.545;74.2;19.1
2012;17.06.2012;10:40:39;1030.8;10.475;72.8;19.3
2012;17.06.2012;11:00:40;1030.8;10.608;72.8;19.5
2012;17.06.2012;11:20:39;1030.8;10.833;71.6;20.1
2012;17.06.2012;11:40:39;1030.7;10.85;69.1;20.7
2012;17.06.2012;12:00:39;1030.7;10.861;70.9;20.3
2012;17.06.2012;12:20:39;1030.7;10.554;68.5;20.4
2012;17.06.2012;12:40:39;1030.6;10.309;64.5;21
2012;17.06.2012;13:00:40;1030.5;10.196;63.8;21
2012;17.06.2012;13:20:39;1030.3;9.423;56.2;21.8
2012;17.06.2012;13:40:39;1030.2;9.298;52.5;22.7
2012;17.06.2012;14:00:41;1030.1;9.032;49.5;23.2
2012;17.06.2012;14:20:40;1030;8.845;47.9;23.4
2012;17.06.2012;14:40:39;1030;8.442;45.2;23.6
2012;17.06.2012;15:00:39;1029.9;9.04;47.2;24
2012;17.06.2012;15:20:39;1029.9;9.345;47.9;24.3
2012;17.06.2012;15:40:39;1029.8;9.079;47.4;24
2012;17.06.2012;16:00:39;1029.8;9.672;47.8;24.9
2012;17.06.2012;16:20:39;1029.8;9.859;49;24.8
2012;17.06.2012;16:40:39;1029.7;9.743;49.6;24.4
2012;17.06.2012;17:00:39;1029.5;9.434;45.8;25.2
2012;17.06.2012;17:20:40;1029.4;9.445;46.4;25
2012;17.06.2012;17:40:39;1029.2;9.639;45.4;25.7
2012;17.06.2012;18:00:39;1029.1;9.546;45.5;25.5
2012;17.06.2012;18:20:39;1029;8.916;43.3;25.2
2012;17.06.2012;18:40:39;1028.9;9.16;44.2;25.3
2012;17.06.2012;19:00:39;1028.8;9.244;45.4;25
2012;17.06.2012;19:20:40;1028.7;9.169;44.5;25.2
2012;17.06.2012;19:40:39;1028.6;9.953;50;24.6
2012;17.06.2012;20:00:40;1028.6;9.452;47.8;24.5
2012;17.06.2012;20:20:39;1028.5;9.258;46;24.8
2012;17.06.2012;20:40:38;1028.5;9.44;48.9;24.1
2012;17.06.2012;21:00:39;1028.6;9.301;47.9;24.2
2012;17.06.2012;21:20:39;1028.6;9.303;48.2;24.1
2012;17.06.2012;21:40:39;1028.6;9.538;50;23.9
2012;17.06.2012;22:00:39;1028.7;10.079;55.4;23.1
2012;17.06.2012;22:20:40;1028.7;10.345;60.4;22.1
2012;17.06.2012;22:40:39;1028.8;10.622;65.1;21.3
2012;17.06.2012;23:00:39;1028.8;10.247;64.8;20.8
2012;17.06.2012;23:20:39;1028.9;10.023;63.8;20.7
2012;17.06.2012;23:40:39;1029;9.975;63.9;20.6
2012;18.06.2012;00:00:40;1029;9.757;63.3;20.4
2012;18.06.2012;00:20:39;1028.9;9.883;65.3;20.1
2012;18.06.2012;00:40:40;1028.8;9.592;63.8;20
2012;18.06.2012;01:00:39;1028.7;9.807;64;20.3
2012;18.06.2012;01:20:39;1028.7;10.002;67.3;19.8
2012;18.06.2012;01:40:39;1028.6;9.87;65.6;20
2012;18.06.2012;02:00:41;1028.4;10.016;67.8;19.7
2012;18.06.2012;02:20:40;1028.4;9.965;68.3;19.5
2012;18.06.2012;02:40:41;1028.3;9.999;68.1;19.6
2012;18.06.2012;03:00:39;1028.3;9.948;68.6;19.4
2012;18.06.2012;03:20:39;1028.3;9.91;69.2;19.2
2012;18.06.2012;03:40:39;1028.2;10.045;71;19
2012;18.06.2012;04:00:39;1028.1;9.917;70.1;19
2012;18.06.2012;04:20:40;1027.9;9.947;70.3;19
2012;18.06.2012;04:40:39;1027.9;10.17;71.4;19.1
2012;18.06.2012;05:00:40;1027.8;10.171;71.4;19.1
2012;18.06.2012;05:20:40;1027.7;10.236;72.3;19
2012;18.06.2012;05:40:38;1027.7;10.255;73.8;18.7
2012;18.06.2012;06:00:40;1027.8;10.111;75.1;18.2
2012;18.06.2012;06:20:39;1027.8;10.141;73;18.7
2012;18.06.2012;06:40:39;1027.9;10.329;74.8;18.6
2012;18.06.2012;07:00:39;1027.9;10.333;75.3;18.5
2012;18.06.2012;07:20:40;1027.9;10.37;73.7;18.9
2012;18.06.2012;07:40:39;1028;10.349;71.3;19.4
2012;18.06.2012;08:00:40;1028.1;10.517;72;19.5
2012;18.06.2012;08:20:38;1028.1;10.938;73;19.9
2012;18.06.2012;08:40:39;1028.1;11.366;75.8;19.9
2012;18.06.2012;09:00:39;1028.1;11.591;76.8;20
2012;18.06.2012;09:20:40;1028.1;11.581;74.4;20.5
2012;18.06.2012;09:40:40;1028.1;11.597;74.5;20.5
2012;18.06.2012;10:00:39;1028.1;11.455;70.5;21.2
2012;18.06.2012;10:20:39;1028;11.251;68;21.5
2012;18.06.2012;10:40:39;1028;11.347;66.1;22.1
2012;18.06.2012;11:00:39;1027.9;11.116;63.6;22.4
2012;18.06.2012;11:20:39;1027.8;11.256;63.6;22.6
2012;18.06.2012;11:40:39;1027.6;10.693;60.1;22.7
2012;18.06.2012;12:00:39;1027.5;10.498;58.3;22.9
2012;18.06.2012;12:20:39;1027.3;10.453;57;23.2
2012;18.06.2012;12:40:40;1027.1;10.402;55.7;23.5
2012;18.06.2012;13:00:39;1026.9;10.407;53.1;24.3
2012;18.06.2012;13:20:39;1026.7;10.66;50.6;25.5
2012;18.06.2012;14:00:39;1026.2;10.073;48.7;25.2
2012;18.06.2012;14:20:39;1026;10.427;48.9;25.7
2012;18.06.2012;14:40:39;1025.9;10.82;50.4;25.8
2012;18.06.2012;15:00:39;1025.7;11.136;53.4;25.3
2012;18.06.2012;15:20:39;1025.5;10.867;50.3;25.9
2012;18.06.2012;15:40:39;1025.3;11.604;52.7;26.2
2012;18.06.2012;16:00:39;1025.2;11.608;56.6;25
2012;18.06.2012;16:20:39;1025.2;11.75;56.6;25.2
2012;18.06.2012;16:40:39;1025.1;11.644;55.1;25.5
2012;18.06.2012;17:20:38;1024.9;11.57;55.4;25.3
2012;18.06.2012;17:40:39;1024.8;11.064;52.7;25.4
2012;18.06.2012;18:00:38;1024.6;10.532;50.2;25.4
2012;18.06.2012;18:20:39;1024.5;9.733;47;25.2
2012;18.06.2012;18:40:39;1024.3;9.469;44.4;25.7
2012;18.06.2012;19:00:38;1024.2;11.417;55.3;25.1
2012;18.06.2012;19:20:39;1024.2;10.75;51.2;25.4
2012;18.06.2012;19:40:39;1024.1;10.537;51.1;25.1
2012;18.06.2012;20:00:39;1024;10.874;54.3;24.6
2012;18.06.2012;20:20:39;1024;11.815;60.7;24.1
2012;18.06.2012;20:40:39;1023.9;11.863;62.8;23.6
2012;18.06.2012;21:00:39;1024;11.627;62.7;23.3
2012;18.06.2012;21:20:39;1024;11.521;62.9;23.1
2012;18.06.2012;21:40:38;1024.1;11.435;63.2;22.9
2012;18.06.2012;22:00:39;1024.1;11.44;64;22.7
2012;18.06.2012;22:20:39;1024.1;11.533;65.7;22.4
2012;18.06.2012;22:40:38;1024.2;11.442;66.8;22
2012;18.06.2012;23:00:39;1024.1;11.215;66.3;21.8
2012;18.06.2012;23:20:39;1024;11.347;68.3;21.5
2012;18.06.2012;23:40:39;1023.9;11.117;68.6;21.1
2012;19.06.2012;00:00:39;1023.9;10.976;69;20.8
2012;19.06.2012;00:20:39;1023.8;10.844;68.6;20.7
2012;19.06.2012;00:40:39;1023.7;10.694;68.5;20.5
2012;19.06.2012;01:00:39;1023.5;10.714;69.9;20.2
2012;19.06.2012;01:20:39;1023.5;10.652;70.8;19.9
2012;19.06.2012;01:40:39;1023.4;10.76;73.3;19.5
2012;19.06.2012;02:00:38;1023.3;10.632;73.8;19.2
2012;19.06.2012;02:20:39;1023.2;10.624;75.6;18.8
2012;19.06.2012;02:40:39;1023.1;10.842;77.6;18.7
2012;19.06.2012;03:00:39;1023;10.762;78;18.5
2012;19.06.2012;03:20:39;1022.9;10.515;77.2;18.3
2012;19.06.2012;03:40:39;1022.8;10.398;77.8;18
2012;19.06.2012;04:00:38;1022.8;10.295;79;17.6
2012;19.06.2012;04:20:38;1022.7;10.308;78.6;17.7
2012;19.06.2012;04:40:39;1022.6;9.816;74.9;17.7
2012;19.06.2012;05:00:39;1022.7;9.407;73.2;17.4
2012;19.06.2012;05:20:39;1022.7;9.243;72.4;17.3
2012;19.06.2012;05:40:39;1022.7;9.161;75.5;16.5
2012;19.06.2012;06:00:39;1022.7;9.024;76.8;16
2012;19.06.2012;06:20:39;1022.6;8.837;73.8;16.3
2012;19.06.2012;06:40:38;1022.5;9.03;74.9;16.4
2012;19.06.2012;07:00:39;1022.5;9.043;72.2;17
2012;19.06.2012;07:20:38;1022.5;8.739;70.7;16.8
2012;19.06.2012;07:40:39;1022.4;8.582;69;16.9
2012;19.06.2012;08:00:39;1022.5;8.552;67.9;17.1
2012;19.06.2012;08:20:39;1022.5;8.62;68;17.2
2012;19.06.2012;08:40:39;1022.5;8.633;66.4;17.6
2012;19.06.2012;09:00:39;1022.5;8.833;65.4;18.2
2012;19.06.2012;09:20:39;1022.4;8.682;63.1;18.5
2012;19.06.2012;09:40:39;1022.4;8.877;62.9;18.9
2012;19.06.2012;10:00:39;1022.3;8.812;60.9;19.3
2012;19.06.2012;10:20:39;1022.2;8.842;59.6;19.7
2012;19.06.2012;10:40:39;1022.1;8.711;55.2;20.7
2012;19.06.2012;11:00:38;1021.9;8.812;54.8;21
2012;19.06.2012;11:20:38;1021.8;9.027;51.2;22.5
2012;19.06.2012;11:40:38;1021.6;9.127;49.3;23.3
2012;19.06.2012;12:00:39;1021.5;9.541;48.2;24.4
2012;19.06.2012;12:20:39;1021.3;9.274;48;24
2012;19.06.2012;12:40:39;1021.2;9.175;45;24.9
2012;19.06.2012;13:00:39;1021.1;9.492;45.7;25.2
2012;19.06.2012;13:20:39;1021;8.893;42.6;25.3
2012;19.06.2012;13:40:39;1020.9;8.724;40.1;26
2012;19.06.2012;14:00:39;1020.7;8.82;41.5;25.6
2012;19.06.2012;14:20:38;1020.6;9.88;46.4;25.6
2012;19.06.2012;14:40:39;1020.5;9.594;43.5;26.2
2012;19.06.2012;15:00:39;1020.3;9.916;45.2;26.1
2012;19.06.2012;15:20:38;1020.2;10.007;45.6;26.1
2012;19.06.2012;15:40:39;1020.1;10.724;49.1;26
2012;19.06.2012;16:00:38;1020;9.476;42.7;26.3
2012;19.06.2012;16:20:39;1019.9;9.854;44.9;26.1
2012;19.06.2012;16:40:39;1019.8;10.376;47.8;25.9
2012;19.06.2012;17:00:39;1019.7;9.43;43.5;25.9
2012;19.06.2012;17:20:39;1019.6;9.9;45.9;25.8
2012;19.06.2012;17:40:39;1019.5;9.233;42.6;25.9
2012;19.06.2012;18:00:39;1019.4;9.832;46.4;25.5
2012;19.06.2012;18:20:39;1019.3;9.386;43.8;25.7
2012;19.06.2012;18:40:39;1019.3;8.727;41.5;25.4
2012;19.06.2012;19:00:39;1019.2;9.599;46.4;25.1
2012;19.06.2012;19:20:38;1019.2;9.152;44.8;24.9
2012;19.06.2012;19:40:39;1019.2;8.903;43.6;24.9
2012;19.06.2012;20:00:38;1019.3;8.763;43.7;24.6
2012;19.06.2012;20:20:41;1019.3;9.267;47.3;24.2
2012;19.06.2012;20:40:39;1019.3;9.121;47.7;23.8
2012;19.06.2012;21:00:39;1019.3;8.666;45.9;23.6
2012;19.06.2012;21:20:39;1019.4;8.427;45.2;23.4
2012;19.06.2012;21:40:39;1019.5;8.044;44.5;22.9
2012;19.06.2012;22:00:39;1019.7;8.04;45.3;22.6
2012;19.06.2012;22:20:39;1019.8;8.422;48.6;22.2
2012;19.06.2012;22:40:39;1019.9;8.129;47.8;21.9
2012;19.06.2012;23:00:39;1019.9;8.215;49.8;21.4
2012;19.06.2012;23:20:39;1019.9;7.586;46.6;21.2
2012;19.06.2012;23:40:39;1019.9;7.457;46.1;21.1
2012;20.06.2012;00:00:39;1019.9;7.705;48.5;20.8
2012;20.06.2012;00:20:39;1019.9;7.553;53.5;18.9
2012;20.06.2012;00:40:38;1019.9;7.225;51.2;18.9
2012;20.06.2012;01:00:39;1019.8;7.23;52.2;18.6
2012;20.06.2012;01:20:39;1019.8;7.297;54.7;18
2012;20.06.2012;01:40:40;1019.7;7.378;55.3;18
2012;20.06.2012;02:00:39;1019.6;7.451;59.1;17.1
2012;20.06.2012;02:20:39;1019.6;7.426;58.9;17.1
2012;20.06.2012;02:40:39;1019.5;7.41;58.4;17.2
2012;20.06.2012;03:00:39;1019.6;7.426;58.9;17.1
2012;20.06.2012;03:20:42;1019.6;7.466;61.9;16.4
2012;20.06.2012;03:40:39;1019.5;7.405;61.4;16.4
2012;20.06.2012;04:00:39;1019.5;7.381;61.2;16.4
2012;20.06.2012;04:20:39;1019.4;7.321;64.3;15.5
2012;20.06.2012;04:40:39;1019.4;7.457;65.9;15.4
2012;20.06.2012;05:00:39;1019.4;7.352;65.4;15.3
2012;20.06.2012;05:20:39;1019.4;7.459;65.5;15.5
2012;20.06.2012;05:40:39;1019.4;7.398;68.4;14.7
2012;20.06.2012;06:00:39;1019.4;7.326;65.6;15.2
2012;20.06.2012;06:20:39;1019.6;7.345;66.2;15.1
2012;20.06.2012;07:00:39;1019.7;7.508;65.1;15.7
2012;20.06.2012;07:20:39;1019.7;7.586;63.3;16.3
2012;20.06.2012;07:40:39;1019.7;8.164;67.2;16.5
2012;20.06.2012;08:00:39;1019.8;8.326;66.8;16.9
2012;20.06.2012;08:20:39;1019.9;8.361;65.4;17.3
2012;20.06.2012;08:40:39;1019.9;8.378;63.1;17.9
2012;20.06.2012;09:00:40;1019.8;8.245;62.5;17.8
2012;20.06.2012;09:20:39;1019.8;8.233;60.1;18.4
2012;20.06.2012;09:40:39;1019.8;7.714;56;18.5
2012;20.06.2012;10:00:39;1019.6;8.078;56.1;19.2
2012;20.06.2012;10:20:39;1019.6;8.409;58;19.3
2012;20.06.2012;10:40:41;1019.5;8.458;55.5;20.1
2012;20.06.2012;11:00:40;1019.4;8.453;56.5;19.8
2012;20.06.2012;11:20:39;1019.3;7.614;48.8;20.5
2012;20.06.2012;11:40:39;1019.2;8.103;49.7;21.2
2012;20.06.2012;12:00:39;1019.2;8.498;49.6;22
2012;20.06.2012;12:20:39;1019.1;8.501;45.3;23.5
2012;20.06.2012;12:40:39;1018.9;8.347;39.7;25.4
2012;20.06.2012;13:00:39;1018.8;8.039;37.8;25.6
2012;20.06.2012;13:20:42;1018.7;8.051;36.1;26.4
2012;20.06.2012;13:40:39;1018.6;7.685;32.7;27.3
2012;20.06.2012;14:00:39;1018.6;7.946;33.8;27.3
2012;20.06.2012;14:20:39;1018.6;7.774;32.5;27.6
2012;20.06.2012;14:40:40;1018.5;7.946;33.4;27.5
2012;20.06.2012;15:00:39;1018.4;8.205;32.9;28.3
2012;20.06.2012;15:20:39;1018.3;9.109;36.9;28.1
2012;20.06.2012;15:40:39;1018.2;8.687;34.2;28.6
2012;20.06.2012;16:00:39;1018.2;8.324;32.6;28.7
2012;20.06.2012;16:40:39;1018;8.216;30.9;29.4
2012;20.06.2012;17:00:40;1018;7.535;29.2;28.9
2012;20.06.2012;17:20:40;1017.9;7.588;28.4;29.5
2012;20.06.2012;17:40:42;1017.8;7.606;28.3;29.6
2012;20.06.2012;18:00:39;1017.7;7.569;28;29.7
2012;20.06.2012;18:20:39;1017.7;7.374;27.6;29.5
2012;20.06.2012;18:40:39;1017.6;8.084;30.4;29.4
2012;20.06.2012;19:00:39;1017.6;8.661;33.3;29
2012;20.06.2012;19:20:39;1017.6;8.818;33.7;29.1
2012;20.06.2012;19:40:39;1017.7;9.106;35.6;28.7
2012;20.06.2012;20:00:39;1017.8;9.14;37;28.1
2012;20.06.2012;20:20:39;1017.8;9.852;41.5;27.4
2012;20.06.2012;20:40:39;1017.9;10.939;48.5;26.5
2012;20.06.2012;21:00:39;1018;9.975;44.3;26.5
2012;20.06.2012;21:20:39;1018.1;8.992;40;26.5
2012;20.06.2012;21:40:39;1018.2;8.644;39.4;26.1
2012;20.06.2012;22:00:39;1018.4;9.306;44.7;25.2
2012;20.06.2012;22:20:39;1018.5;8.903;42.8;25.2
2012;20.06.2012;22:40:39;1018.6;8.825;43.2;24.9
2012;20.06.2012;23:00:39;1018.7;8.795;44.1;24.5
2012;20.06.2012;23:20:41;1018.8;9.409;51.9;22.9
2012;20.06.2012;23:40:39;1018.8;9.282;50.9;23
2012;21.06.2012;00:00:41;1018.9;8.852;52.9;21.6
2012;21.06.2012;00:20:39;1019;8.742;52.9;21.4
2012;21.06.2012;00:40:39;1019;8.798;54.9;20.9
2012;21.06.2012;01:00:39;1019.1;8.768;58.2;19.9
2012;21.06.2012;01:20:39;1019.1;8.778;60.1;19.4
2012;21.06.2012;01:40:42;1019;8.515;55.5;20.2
2012;21.06.2012;02:00:39;1019;8.455;57.2;19.6
2012;21.06.2012;02:20:40;1019;8.501;59.7;19
2012;21.06.2012;02:40:39;1019;8.46;61.3;18.5
2012;21.06.2012;03:00:39;1019.1;8.305;60.2;18.5
2012;21.06.2012;03:20:39;1019.2;8.273;59.6;18.6
2012;21.06.2012;03:40:39;1019.2;8.158;59.9;18.3
2012;21.06.2012;04:00:39;1019.2;8.205;61;18.1
2012;21.06.2012;04:20:39;1019.3;8.22;61.5;18
2012;21.06.2012;04:40:39;1019.3;8.106;62.6;17.5
2012;21.06.2012;05:00:40;1019.4;8.04;62.1;17.5
2012;21.06.2012;05:20:38;1019.4;7.912;62.3;17.2
2012;21.06.2012;05:40:38;1019.5;7.906;60.7;17.6
2012;21.06.2012;06:00:39;1019.6;8.077;64.4;17
2012;21.06.2012;06:20:38;1019.7;7.987;63.3;17.1
2012;21.06.2012;06:40:40;1019.8;7.998;62.6;17.3
2012;21.06.2012;07:00:40;1020;8.058;61.5;17.7
2012;21.06.2012;07:20:39;1020.1;8.511;64.1;17.9
2012;21.06.2012;07:40:40;1020.2;8.809;65.9;18
2012;21.06.2012;08:00:39;1020.2;8.744;63.4;18.5
2012;21.06.2012;08:20:39;1020.2;9.531;66.9;19
2012;21.06.2012;08:40:40;1020.3;9.858;69.6;18.9
2012;21.06.2012;09:00:39;1020.3;9.853;66.6;19.6
2012;21.06.2012;09:20:40;1020.3;10.14;64;20.7
2012;21.06.2012;09:40:39;1020.4;10.199;66.8;20.1
2012;21.06.2012;10:00:39;1020.5;9.908;61.8;20.9
2012;21.06.2012;10:20:39;1020.5;9.887;61.3;21
2012;21.06.2012;10:40:39;1020.5;10.167;61.1;21.5
2012;21.06.2012;11:00:39;1020.5;9.935;59;21.7
2012;21.06.2012;11:20:39;1020.5;10.013;59.1;21.8
2012;21.06.2012;11:40:40;1020.6;10.065;55.9;22.8
2012;21.06.2012;12:00:39;1020.6;10.684;60;22.6
2012;21.06.2012;12:20:39;1020.6;10.026;53.7;23.4
2012;21.06.2012;12:40:39;1020.5;9.9;52.4;23.6
2012;21.06.2012;13:00:39;1020.5;9.587;46.4;25.1
2012;21.06.2012;13:20:40;1020.4;10.364;49.8;25.2
2012;21.06.2012;13:40:39;1020.4;10.404;51.5;24.7
2012;21.06.2012;14:00:40;1020.3;9.828;46.7;25.4
2012;21.06.2012;14:20:39;1020.3;10.682;49.5;25.8
2012;21.06.2012;14:40:39;1020.2;10.404;47.1;26.2
2012;21.06.2012;15:00:39;1020.1;9.404;41.4;26.7
2012;21.06.2012;15:20:40;1020;8.897;37.4;27.5
2012;21.06.2012;15:40:39;1020;9.526;38.4;28.2
2012;21.06.2012;16:00:39;1019.9;9.949;37.6;29.3
2012;21.06.2012;16:20:39;1019.8;11.195;45;28.2
2012;21.06.2012;16:40:39;1019.7;9.821;39.1;28.4
2012;21.06.2012;17:00:39;1019.5;9.034;35.8;28.5
2012;21.06.2012;17:20:39;1019.5;9.381;36.3;28.9
2012;21.06.2012;17:40:39;1019.4;7.312;27.9;29.2
2012;21.06.2012;18:00:39;1019.3;6.726;25.1;29.6
2012;21.06.2012;18:20:42;1019.3;7.024;26.5;29.4
2012;21.06.2012;18:40:39;1019.3;7.015;27.4;28.8
2012;21.06.2012;19:00:39;1019.3;7.452;29.6;28.5
2012;21.06.2012;19:20:39;1019.4;7.788;31.1;28.4
2012;21.06.2012;19:40:39;1019.4;8.677;34.4;28.5
2012;21.06.2012;20:00:39;1019.4;7.662;29.9;28.8
2012;21.06.2012;20:20:39;1019.4;8.214;32.4;28.6
2012;21.06.2012;20:40:39;1019.4;8.179;33.8;27.8
2012;21.06.2012;21:00:39;1019.5;8.178;34.8;27.3
2012;21.06.2012;21:20:39;1019.6;8.528;37.8;26.6
2012;21.06.2012;21:40:39;1019.9;9.943;45.3;26.1
2012;21.06.2012;22:00:39;1020.1;10.473;50.9;25
2012;21.06.2012;22:20:39;1020.3;9.894;50.5;24.2
2012;21.06.2012;22:40:39;1020.5;9.671;51.2;23.6
2012;21.06.2012;23:00:39;1020.6;9.543;52.4;23
2012;22.06.2012;13:40:39;1022.7;11.876;51.9;26.8
2012;23.06.2012;09:00:39;1023.8;10.263;70;19.5
2012;23.06.2012;09:20:41;1023.8;10.763;68.1;20.7
2012;23.06.2012;09:40:41;1023.8;10.848;68.2;20.8
2012;23.06.2012;10:00:40;1023.7;11.054;69.9;20.7
2012;23.06.2012;10:20:40;1023.6;11.141;70;20.8
2012;23.06.2012;10:40:39;1023.5;11.501;69.6;21.4
2012;23.06.2012;11:00:39;1023.4;11.861;70;21.8
2012;23.06.2012;11:20:40;1023.4;11.667;66.4;22.4
2012;23.06.2012;11:40:39;1023.3;11.194;62.6;22.7
2012;23.06.2012;12:20:39;1023;10.793;54.5;24.4
2012;23.06.2012;12:40:39;1022.8;11.103;56.7;24.2
2012;23.06.2012;13:00:41;1022.6;10.986;53.8;24.9
2012;23.06.2012;13:20:39;1022.4;11.37;50.6;26.5
2012;23.06.2012;13:40:39;1022.2;11.502;52.7;26
2012;23.06.2012;14:00:39;1022;11.111;48.3;26.9
2012;24.06.2012;22:00:39;1016.2;12.18;49;28.1
2012;24.06.2012;22:20:39;1016.3;11.616;47.6;27.8
2012;24.06.2012;22:40:39;1016.4;11.183;46.4;27.6
2012;24.06.2012;23:00:38;1016.6;11.195;48.4;26.9
2012;24.06.2012;23:20:38;1017.2;10.782;46.4;27
2012;24.06.2012;23:40:40;1018.1;10.054;42.6;27.3
2012;25.06.2012;00:20:39;1020.2;11.791;75.6;20.4
2012;25.06.2012;00:40:39;1020.6;11.493;77.5;19.6
2012;25.06.2012;01:00:39;1020.8;11.943;81;19.5
2012;25.06.2012;01:20:39;1020.9;12.175;85.7;18.9
2012;25.06.2012;01:40:39;1020.9;12.288;83.3;19.5
2012;25.06.2012;02:00:39;1020.3;12.889;85.1;19.9
2012;25.06.2012;02:20:39;1020.1;12.79;83.4;20.1
2012;25.06.2012;02:40:40;1019.8;12.588;85.2;19.5
2012;25.06.2012;03:00:39;1019.7;12.277;84.7;19.2
2012;25.06.2012;03:20:39;1019.7;12.225;85.4;19
2012;25.06.2012;03:40:39;1019.7;12.28;87.4;18.7
2012;25.06.2012;04:00:39;1019.7;12.103;87.8;18.4
2012;25.06.2012;04:20:38;1019.7;12.176;90;18.1
2012;25.06.2012;04:40:39;1019.6;12.208;89.1;18.3
2012;25.06.2012;05:00:39;1019.6;12.222;89.2;18.3
2012;25.06.2012;05:20:39;1019.6;12.069;88.1;18.3
2012;25.06.2012;05:40:39;1019.5;11.901;89.1;17.9
2012;25.06.2012;06:00:39;1019.5;11.951;90.6;17.7
2012;25.06.2012;06:20:39;1019.5;12.051;90.2;17.9
2012;25.06.2012;06:40:39;1019.5;11.991;89.2;18
2012;25.06.2012;07:00:39;1019.6;11.815;85.2;18.5
2012;25.06.2012;07:20:39;1019.5;11.92;85.4;18.6
2012;25.06.2012;07:40:39;1019.5;12.203;84.7;19.1
2012;25.06.2012;08:00:38;1019.4;12.261;83;19.5
2012;25.06.2012;08:20:39;1019.5;12.575;83;19.9
2012;25.06.2012;08:40:38;1019.6;12.498;82;20
2012;25.06.2012;09:00:38;1019.7;12.962;80.9;20.8
2012;25.06.2012;09:40:39;1019.8;12.778;76.9;21.4
2012;25.06.2012;10:00:39;1019.9;12.954;78.9;21.2
2012;25.06.2012;10:20:38;1019.9;13.335;77.3;22
2012;25.06.2012;10:40:39;1020.1;13.076;76.3;21.9
2012;25.06.2012;11:00:39;1020.2;13.736;74;23.2
2012;25.06.2012;11:20:39;1020.3;13.183;69.4;23.6
2012;25.06.2012;11:40:38;1020.4;13.596;71.1;23.7
2012;25.06.2012;12:00:39;1020.5;13.676;69.4;24.2
2012;25.06.2012;12:20:39;1020.3;11.507;51.4;26.4
2012;25.06.2012;12:40:38;1020.2;12.211;52.9;26.9
2012;25.06.2012;13:00:39;1020.2;13.059;57.5;26.6
2012;25.06.2012;13:20:39;1020.2;13.091;64.9;24.6
2012;25.06.2012;13:40:38;1020.2;13.971;70;24.4
2012;25.06.2012;14:00:39;1020.1;14.172;71.4;24.3
2012;25.06.2012;14:20:39;1020;14.464;72.4;24.4
2012;25.06.2012;14:40:39;1019.9;14.161;72.2;24.1
2012;25.06.2012;15:00:39;1019.9;13.241;63.3;25.2
2012;25.06.2012;15:20:39;1019.8;12.327;60.8;24.7
2012;25.06.2012;15:40:39;1019.8;13.303;67.1;24.3
2012;25.06.2012;16:00:39;1019.7;11.843;58.1;24.8
2012;25.06.2012;16:20:39;1019.6;12.294;59.2;25.1
2012;25.06.2012;16:40:39;1019.6;12.192;53.1;26.8
2012;25.06.2012;17:00:39;1019.6;12.297;52;27.3
2012;25.06.2012;17:20:39;1019.6;12.269;52.8;27
2012;25.06.2012;17:40:39;1019.5;12.127;50.1;27.7
2012;25.06.2012;18:00:38;1019.5;10.91;46.5;27.2
2012;25.06.2012;18:40:38;1019.7;10.226;43.9;27.1
2012;25.06.2012;20:00:39;1020.1;10.305;45.3;26.7
2012;25.06.2012;20:20:39;1020.2;10.185;46.4;26.1
2012;25.06.2012;20:40:39;1020.3;10.129;46.7;25.9
2012;25.06.2012;21:00:39;1020.4;10.101;47.7;25.5
2012;25.06.2012;21:20:39;1020.6;10.255;49;25.3
2012;25.06.2012;21:40:39;1020.8;10.277;50.9;24.7
2012;25.06.2012;22:00:39;1020.9;10.392;52.4;24.4
2012;25.06.2012;22:20:39;1021.1;11.028;57.6;23.8
2012;25.06.2012;22:40:39;1021.5;12.223;67.3;22.9
2012;25.06.2012;23:00:38;1021.8;12.85;77;21.5
2012;25.06.2012;23:20:39;1022;12.753;79.8;20.8
2012;25.06.2012;23:40:39;1022.3;12.746;78.8;21
2012;26.06.2012;00:00:39;1022.4;11.786;72.1;21.2
2012;26.06.2012;00:20:40;1022.4;11.87;73.5;21
2012;26.06.2012;00:40:39;1022.4;12.107;75.4;20.9
2012;26.06.2012;01:20:39;1022.9;12.536;82;20.1
2012;26.06.2012;01:40:39;1023.1;12.645;84.8;19.7
2012;26.06.2012;02:00:39;1023.1;12.814;90.3;18.9
2012;26.06.2012;02:20:39;1023.2;13.031;90.1;19.2
2012;26.06.2012;02:40:39;1023.2;13.252;89.9;19.5
2012;26.06.2012;03:00:39;1023.2;13.149;90.9;19.2
2012;26.06.2012;03:40:39;1023.1;12.737;88.1;19.2
2012;26.06.2012;04:00:38;1023.2;12.198;83.4;19.4
2012;26.06.2012;04:20:39;1023.2;12.022;84.3;19
2012;26.06.2012;04:40:39;1023.2;12.001;82.6;19.3
2012;26.06.2012;05:00:39;1023.3;12.01;83.7;19.1
2012;26.06.2012;05:20:39;1023.3;11.915;84.1;18.9
2012;26.06.2012;05:40:39;1023.4;11.871;83.8;18.9
2012;26.06.2012;06:00:39;1023.4;11.876;82.8;19.1
2012;26.06.2012;06:20:39;1023.4;11.944;85.9;18.6
2012;26.06.2012;06:40:39;1023.4;12.223;85.7;19
2012;26.06.2012;07:00:39;1023.5;12.3;85.7;19.1
2012;26.06.2012;07:20:39;1023.6;12.503;83.9;19.7
2012;26.06.2012;07:40:38;1023.6;12.37;81;20.1
2012;26.06.2012;08:00:38;1023.7;12.384;80.1;20.3
2012;26.06.2012;08:20:38;1023.8;12.493;80.3;20.4
2012;26.06.2012;08:40:38;1024;12.6;79.5;20.7
2012;26.06.2012;09:00:39;1024.1;12.953;80.2;21
2012;26.06.2012;09:20:40;1024.3;13.012;79.1;21.3
2012;26.06.2012;09:40:39;1024.4;12.248;73.2;21.6
2012;26.06.2012;10:00:39;1024.5;12.67;73.4;22.1
2012;26.06.2012;10:20:39;1024.6;12.738;72.9;22.3
2012;26.06.2012;10:40:38;1024.8;12.593;72.1;22.3
2012;26.06.2012;11:20:39;1024.9;12.326;68.5;22.8
2012;26.06.2012;11:40:38;1024.9;12.108;66.1;23.1
2012;26.06.2012;12:00:39;1025;12.524;66.3;23.6
2012;26.06.2012;12:20:39;1025;12.795;67.3;23.7
2012;26.06.2012;12:40:39;1025;12.934;66.4;24.1
2012;26.06.2012;13:00:39;1024.9;13.031;65.3;24.5
2012;26.06.2012;13:20:39;1024.8;12.821;62;25.1
2012;26.06.2012;13:40:39;1024.7;11.811;57.2;25.1
2012;26.06.2012;14:00:39;1024.5;11.097;51.3;25.9
2012;26.06.2012;14:20:39;1024.4;12.251;55.2;26.3
2012;26.06.2012;14:40:39;1024.3;13.004;55.5;27.2
2012;26.06.2012;15:00:39;1024.2;12.022;52.3;26.9
2012;26.06.2012;15:20:39;1024;11.221;48.3;27.1
2012;26.06.2012;15:40:39;1023.9;11.25;46.2;27.9
2012;26.06.2012;16:00:39;1023.8;11.838;46.9;28.5
2012;26.06.2012;16:20:39;1023.8;11.495;45.3;28.6
2012;26.06.2012;16:40:39;1023.6;11.966;46.3;28.9
2012;26.06.2012;17:00:39;1023.5;11.626;46.6;28.3
2012;26.06.2012;17:20:39;1023.3;11.603;46.5;28.3
2012;26.06.2012;17:40:39;1023.3;11.402;44.4;28.8
2012;26.06.2012;18:00:38;1023.2;11.822;50.5;27.2
2012;26.06.2012;18:20:38;1023.1;11.805;48.4;27.9
2012;26.06.2012;18:40:39;1023;11.396;47.3;27.7
2012;26.06.2012;19:00:39;1022.9;10.804;44.1;28
2012;26.06.2012;19:20:39;1022.8;9.859;40.3;28
2012;26.06.2012;19:40:39;1022.9;9.211;36.4;28.6
2012;26.06.2012;20:00:38;1023;9.74;37.8;28.9
2012;26.06.2012;20:20:39;1023;10.957;44.2;28.2
2012;26.06.2012;20:40:39;1023;10.417;43.3;27.7
2012;26.06.2012;21:00:39;1023;11.456;48.1;27.5
2012;26.06.2012;21:20:39;1023.1;12.078;53.1;26.7
2012;26.06.2012;22:00:39;1023.3;13.33;62.8;25.5
2012;26.06.2012;22:20:39;1023.2;12.79;62.5;24.9
2012;26.06.2012;22:40:39;1023.3;12.333;59.6;25.1
2012;26.06.2012;23:00:39;1023.4;12.643;61.8;24.9
2012;26.06.2012;23:20:38;1023.4;13.296;66.5;24.5
2012;26.06.2012;23:40:40;1023.4;14.045;72.3;24
2012;27.06.2012;00:00:39;1023.5;14.167;73.8;23.8
2012;27.06.2012;00:20:38;1023.5;13.383;73.7;22.9
2012;27.06.2012;00:40:38;1023.5;13.024;72.2;22.8
2012;27.06.2012;01:00:38;1023.5;13.709;75;23
2012;27.06.2012;01:20:39;1023.5;13.669;75.7;22.8
2012;27.06.2012;02:00:39;1023.5;12.09;74;21.2
2012;27.06.2012;02:20:39;1023.5;12.016;73.1;21.3
2012;27.06.2012;02:40:38;1023.3;12.024;74.5;21
2012;27.06.2012;03:00:39;1023.3;11.918;73.4;21.1
2012;27.06.2012;03:20:41;1023.2;11.828;73.3;21
2012;27.06.2012;03:40:39;1023.2;12.267;75.5;21.1
2012;27.06.2012;04:00:39;1023.1;11.893;74.6;20.8
2012;27.06.2012;04:20:39;1023.1;11.788;75.8;20.4
2012;27.06.2012;04:40:39;1023.2;11.561;75.3;20.2
2012;27.06.2012;05:00:39;1023.3;11.771;77.6;20
2012;27.06.2012;05:40:38;1023.4;11.999;78.6;20.1
2012;27.06.2012;06:00:38;1023.5;11.834;79;19.8
2012;27.06.2012;06:20:39;1023.7;11.759;79.5;19.6
2012;27.06.2012;06:40:39;1023.7;12.291;80;20.2
2012;27.06.2012;07:00:39;1023.7;12.431;79.9;20.4
2012;27.06.2012;07:20:41;1023.7;12.894;82.3;20.5
2012;27.06.2012;07:40:39;1023.7;13.122;82.2;20.8
2012;27.06.2012;08:00:39;1023.7;12.959;81.7;20.7
2012;27.06.2012;08:20:40;1023.7;12.94;79.6;21.1
2012;27.06.2012;08:40:40;1023.7;13.238;80.4;21.3
2012;27.06.2012;09:00:39;1023.6;12.988;77;21.7
2012;27.06.2012;09:20:40;1023.6;13.226;77.9;21.8
2012;27.06.2012;09:40:39;1023.6;13.133;75.5;22.2
2012;27.06.2012;10:00:46;1023.5;13.413;76.6;22.3
2012;27.06.2012;10:20:40;1023.4;13.63;76.4;22.6
2012;27.06.2012;10:40:39;1023.4;13.582;76.6;22.5
2012;27.06.2012;11:20:40;1023.3;13.813;70.7;24.1
2012;27.06.2012;11:40:39;1023.3;13.961;72.3;23.9
2012;27.06.2012;12:00:39;1023.2;13.667;68.3;24.5
2012;27.06.2012;12:20:39;1023.1;14.016;70;24.5
2012;27.06.2012;12:40:39;1023;14.007;68.3;24.9
2012;27.06.2012;13:00:39;1022.9;14.11;65.2;25.8
2012;27.06.2012;13:20:40;1022.8;12.684;54.4;27.1
2012;27.06.2012;13:40:39;1022.6;13.061;55;27.4
2012;27.06.2012;14:00:39;1022.4;13.719;57.7;27.4
2012;27.06.2012;14:20:39;1022.2;13.893;55.1;28.4
2012;27.06.2012;14:40:39;1022.1;13.83;53.9;28.7
2012;27.06.2012;15:00:40;1022;12.177;47.3;28.8
2012;27.06.2012;15:20:39;1021.8;12.969;50.6;28.7
2012;27.06.2012;15:40:40;1021.8;12.399;45.7;29.7
2012;27.06.2012;16:00:39;1021.6;11.529;44.3;29
2012;27.06.2012;16:20:39;1021.6;12.091;47.5;28.6
2012;27.06.2012;17:00:39;1021.2;11.914;47.9;28.2
2012;27.06.2012;17:20:40;1021.1;11.063;40.6;29.8
2012;27.06.2012;17:40:41;1020.8;12.267;46.5;29.2
2012;27.06.2012;18:00:40;1020.5;9.989;36.7;29.8
2012;27.06.2012;18:20:39;1020.1;11.779;44.4;29.3
2012;27.06.2012;18:40:39;1019.9;10.082;36.8;29.9
2012;27.06.2012;19:00:39;1019.8;12.654;46.8;29.6
2012;27.06.2012;19:20:39;1019.9;14.624;57.8;28.4
2012;27.06.2012;19:40:38;1019.9;10.399;40.9;28.6
2012;27.06.2012;20:00:38;1020;10.065;38.7;29
2012;27.06.2012;20:20:39;1020.1;11.876;47.7;28.2
2012;27.06.2012;20:40:39;1020;10.383;41.8;28.2
2012;27.06.2012;21:00:39;1020;10.706;45.4;27.3
2012;27.06.2012;21:20:39;1020;10.516;45.4;27
2012;27.06.2012;21:40:39;1020;10.391;45.4;26.8
2012;27.06.2012;22:00:39;1019.9;10.299;45.8;26.5
2012;27.06.2012;22:20:39;1019.9;13.354;61.6;25.8
2012;27.06.2012;22:40:40;1020;14.831;69.9;25.4
2012;27.06.2012;23:00:38;1020.1;14.561;69.9;25.1
2012;27.06.2012;23:20:39;1020.1;14.654;72.9;24.5
2012;27.06.2012;23:40:40;1020.2;14.608;74;24.2
2012;28.06.2012;00:00:40;1020.3;14.658;75.6;23.9
2012;28.06.2012;00:20:39;1020.2;14.4;74.3;23.9
2012;28.06.2012;00:40:39;1020.3;14.007;73.2;23.7
2012;28.06.2012;01:00:39;1020.4;13.699;72.5;23.5
2012;28.06.2012;01:20:39;1020.5;13.511;72.4;23.3
2012;28.06.2012;01:40:39;1020.6;13.415;71.9;23.3
2012;28.06.2012;02:00:39;1020.6;13.081;71;23.1
2012;28.06.2012;02:20:39;1020.7;12.77;70.2;22.9
2012;28.06.2012;02:40:39;1020.5;12.483;69.9;22.6
2012;28.06.2012;03:00:39;1020.4;12.731;73.9;22
2012;28.06.2012;03:20:39;1020.3;12.573;74.8;21.6
2012;28.06.2012;03:40:39;1020.1;12.316;72.4;21.8
2012;28.06.2012;04:00:39;1019.9;12.302;72.3;21.8
2012;28.06.2012;04:20:38;1019.8;12.834;77.7;21.3
2012;28.06.2012;04:40:39;1019.8;12.48;75.6;21.3
2012;28.06.2012;05:00:39;1019.9;12.546;76;21.3
2012;28.06.2012;05:20:39;1020.1;12.433;75.8;21.2
2012;28.06.2012;05:40:38;1020.1;11.978;76.3;20.5
2012;28.06.2012;06:00:39;1020;11.808;75.7;20.4
2012;28.06.2012;06:20:39;1020;12.403;77.5;20.8
2012;28.06.2012;06:40:40;1020;11.982;74;21
2012;28.06.2012;07:00:39;1020;12.217;72.7;21.6
2012;28.06.2012;07:20:41;1020;12.946;77.9;21.4
2012;28.06.2012;07:40:40;1020;12.972;77.1;21.6
2012;28.06.2012;08:00:39;1019.9;13.007;77.3;21.6
2012;28.06.2012;08:20:39;1019.9;13.202;74.7;22.4
2012;28.06.2012;08:40:39;1020;13.573;77.7;22.2
2012;28.06.2012;09:00:39;1019.9;13.865;77.9;22.5
2012;28.06.2012;09:20:40;1020;13.847;77.8;22.5
2012;28.06.2012;09:40:40;1020.1;13.464;73;23.1
2012;28.06.2012;10:00:39;1020.2;13.542;72.1;23.4
2012;28.06.2012;10:20:39;1020.1;13.713;70.4;24
2012;28.06.2012;10:40:40;1020.1;13.818;70.5;24.1
2012;28.06.2012;11:00:40;1019.9;14.095;67.7;25.1
2012;28.06.2012;11:20:39;1019.9;13.693;66.2;25
2012;28.06.2012;11:40:40;1019.8;13.903;68;24.8
2012;28.06.2012;12:00:39;1019.8;13.02;60.8;25.6
2012;28.06.2012;12:20:41;1019.7;13.907;59.7;27
2012;28.06.2012;12:40:39;1019.5;13.49;57.6;27.1
2012;28.06.2012;13:00:40;1019.3;13.844;57.7;27.5
2012;28.06.2012;13:20:40;1019.2;13.214;54.8;27.6
2012;28.06.2012;13:40:39;1018.9;13.108;56.3;27
2012;28.06.2012;14:00:39;1018.6;13.137;53.2;28
2012;28.06.2012;14:20:39;1018.4;12.91;50.5;28.6
2012;28.06.2012;14:40:39;1018.3;11.984;46.4;28.8
2012;28.06.2012;15:00:39;1018;12.808;48.1;29.3
2012;28.06.2012;15:20:39;1017.8;12.21;45.1;29.6
2012;28.06.2012;16:00:39;1017.4;12.887;45.4;30.4
2012;28.06.2012;16:20:40;1017.2;13.528;46;31
2012;28.06.2012;16:40:41;1017.1;13.936;49;30.4
2012;28.06.2012;17:00:40;1017;13.698;47.9;30.5
2012;28.06.2012;17:20:39;1016.7;14.302;51.7;29.9
2012;28.06.2012;18:00:39;1016.1;11.127;40.4;29.9
2012;28.06.2012;18:20:39;1015.8;10.011;36.4;29.9
2012;28.06.2012;19:20:39;1015.5;11.998;45;29.3
2012;28.06.2012;19:40:39;1015.3;9.458;35;29.6
2012;28.06.2012;20:00:38;1015;11.075;42.8;28.8
2012;28.06.2012;20:20:39;1014.9;11.142;43.3;28.7
2012;28.06.2012;20:40:39;1014.9;12.104;46.7;28.8
2012;28.06.2012;21:00:39;1015;14.59;58.4;28.1
2012;28.06.2012;21:20:39;1015;15.121;61.9;27.7
2012;28.06.2012;21:40:39;1014.9;15.033;63;27.3
2012;28.06.2012;22:00:38;1014.9;15.124;64.5;27
2012;28.06.2012;22:20:39;1014.9;15.186;66.3;26.6
2012;28.06.2012;22:40:38;1014.9;14.911;65.9;26.4
2012;28.06.2012;23:00:39;1015;15.028;66.8;26.3
2012;28.06.2012;23:20:39;1014.8;15.651;72;25.7
2012;28.06.2012;23:40:39;1014.7;15.182;70.3;25.6
2012;29.06.2012;00:00:40;1014.6;15.199;72.5;25.1
2012;29.06.2012;00:20:39;1014.5;14.672;71.3;24.8
2012;29.06.2012;00:40:40;1014.4;14.36;72.8;24.1
2012;29.06.2012;01:00:40;1014.4;14.023;70.7;24.2
2012;29.06.2012;01:20:41;1014.7;13.728;70.1;24
2012;29.06.2012;01:40:39;1014.6;13.21;67.1;24.1
2012;29.06.2012;02:00:39;1014.2;13.252;68.1;23.9
2012;29.06.2012;02:20:39;1014.3;13.335;67.7;24.1
2012;29.06.2012;02:40:39;1014.3;12.914;66.8;23.8
2012;29.06.2012;03:00:39;1014.3;12.796;66.6;23.7
2012;29.06.2012;03:20:39;1014.1;12.857;66.9;23.7
2012;29.06.2012;03:40:39;1014;12.469;65.7;23.5
2012;29.06.2012;04:00:39;1013.9;12.839;67.2;23.6
2012;29.06.2012;04:20:39;1013.8;13.05;69.1;23.4
2012;29.06.2012;04:40:39;1013.6;13.13;71.2;23
2012;29.06.2012;05:00:39;1013.4;13.032;69.4;23.3
2012;29.06.2012;05:20:39;1013.5;13.08;70.5;23.1
2012;29.06.2012;05:40:39;1013.4;13.008;71.4;22.8
2012;29.06.2012;06:00:39;1013.1;13.813;75.7;22.8
2012;29.06.2012;06:20:39;1012.7;13.918;76.7;22.7
2012;29.06.2012;06:40:38;1012.5;13.57;73.9;22.9
2012;29.06.2012;07:00:39;1012.2;13.407;71.7;23.2
2012;29.06.2012;07:20:39;1012.1;12.962;67.3;23.7
2012;29.06.2012;07:40:39;1012.1;13.22;68.2;23.8
2012;29.06.2012;08:00:39;1012.2;13.442;68.5;24
2012;29.06.2012;08:20:39;1012.3;13.65;67.9;24.4
2012;29.06.2012;08:40:39;1012.4;14.572;73.7;24.1
2012;29.06.2012;09:00:39;1012.5;15.037;75.1;24.3
2012;29.06.2012;09:20:39;1012.6;14.995;74.9;24.3
2012;29.06.2012;09:40:40;1012.8;15.502;75.1;24.8
2012;29.06.2012;10:00:40;1012.8;14.807;69.3;25.4
2012;29.06.2012;10:20:40;1012.9;15.168;69.7;25.7
2012;29.06.2012;10:40:41;1012.8;10.237;37.1;29.9
2012;29.06.2012;11:00:39;1012.7;9.65;34.8;30
2012;29.06.2012;11:20:39;1012.6;9.611;33.3;30.7
2012;29.06.2012;11:40:39;1012.6;10.11;34.8;30.8
2012;29.06.2012;12:00:40;1012.5;10.339;36.6;30.3
2012;29.06.2012;12:20:39;1012.3;10.493;39.1;29.4
2012;29.06.2012;12:40:39;1012.1;10.668;40.9;28.9
2012;29.06.2012;13:00:39;1012;11.021;41.5;29.2
2012;29.06.2012;13:20:39;1012;9.497;36.9;28.7
2012;29.06.2012;13:40:39;1011.8;9.672;38;28.5
2012;29.06.2012;14:00:39;1011.5;10.398;42;28
2012;29.06.2012;14:20:39;1011.3;10.164;41.3;27.9
2012;29.06.2012;14:40:39;1011.2;10.565;42.4;28.1
2012;29.06.2012;15:00:39;1011;9.887;38.8;28.5
2012;29.06.2012;15:20:41;1010.6;9.419;35.1;29.4
2012;29.06.2012;15:40:39;1010.2;9.805;36.5;29.4
2012;29.06.2012;16:00:39;1010.1;9.756;35.9;29.6
2012;29.06.2012;16:20:39;1009.9;10.081;37.5;29.4
2012;29.06.2012;16:40:40;1009.7;12.439;48;28.7
2012;29.06.2012;17:00:39;1009.6;11.253;45.3;28
2012;29.06.2012;17:20:39;1009.1;11.997;48.5;27.9
2012;29.06.2012;17:40:40;1009.1;13.345;52.9;28.2
2012;29.06.2012;18:00:41;1009.2;10.225;39.8;28.6
2012;29.06.2012;18:20:39;1009.4;10.392;41.4;28.2
2012;29.06.2012;18:40:39;1009.6;11.018;47.6;26.8
2012;29.06.2012;19:00:39;1009.5;10.579;47.1;26.3
2012;29.06.2012;19:40:40;1011.1;11.235;72.8;20.1
2012;29.06.2012;20:00:39;1012.1;11.264;80.7;18.5
2012;29.06.2012;20:20:39;1012.5;11.385;82.1;18.4
2012;29.06.2012;20:40:39;1012.7;11.228;80;18.6
2012;29.06.2012;21:00:39;1012.8;10.922;75;19.2
2012;29.06.2012;21:20:39;1012.8;11.154;78.5;18.8
2012;29.06.2012;21:40:39;1012.9;10.812;77.1;18.6
2012;29.06.2012;22:00:39;1013;10.76;78.2;18.3
2012;29.06.2012;22:20:39;1013;11.021;82.1;17.9
2012;29.06.2012;22:40:39;1012.9;10.664;78;18.2
2012;29.06.2012;23:00:39;1012.8;10.545;78.6;17.9
2012;29.06.2012;23:20:39;1012.8;10.437;75.4;18.4
2012;29.06.2012;23:40:39;1012.9;10.304;74;18.5
2012;30.06.2012;00:00:39;1012.9;10.52;76;18.4
2012;30.06.2012;00:20:39;1013;10.565;74.9;18.7
2012;30.06.2012;00:40:39;1013;10.611;75.7;18.6
2012;30.06.2012;01:00:39;1013;10.652;78.9;18
2012;30.06.2012;01:20:39;1013;10.691;78.2;18.2
2012;30.06.2012;01:40:39;1013;10.582;77.9;18.1
2012;30.06.2012;02:00:39;1013;10.483;74.8;18.6
2012;30.06.2012;02:20:39;1012.9;10.727;76.5;18.6
2012;30.06.2012;02:40:39;1012.9;10.464;74.2;18.7
2012;30.06.2012;03:20:39;1012.9;10.236;72.6;18.7
2012;30.06.2012;03:40:39;1012.9;10.242;73.1;18.6
2012;30.06.2012;04:00:39;1012.9;10.141;74.7;18.1
2012;30.06.2012;04:20:39;1012.9;10.3;77.3;17.8
2012;30.06.2012;04:40:39;1012.9;10.07;75.6;17.8
2012;30.06.2012;05:00:39;1012.9;10.246;76.9;17.8
2012;30.06.2012;05:20:39;1013;10.178;74.5;18.2
2012;30.06.2012;05:40:38;1013;10.153;73.4;18.4
2012;30.06.2012;06:00:39;1013.1;10.312;77.4;17.8
2012;30.06.2012;06:20:39;1013.2;10.336;77.1;17.9
2012;30.06.2012;06:40:39;1013.4;10.485;78.7;17.8
2012;30.06.2012;07:00:39;1013.5;10.619;78.7;18
2012;30.06.2012;07:20:39;1013.6;10.797;79;18.2
2012;30.06.2012;07:40:40;1013.7;10.737;77.6;18.4
2012;30.06.2012;08:00:39;1013.8;10.931;75.6;19.1
2012;30.06.2012;08:20:39;1013.9;10.851;74.6;19.2
2012;30.06.2012;08:40:40;1014;10.717;73.7;19.2
2012;30.06.2012;09:00:40;1014.1;10.739;73.4;19.3
2012;30.06.2012;09:20:39;1014.2;10.844;73.2;19.5
2012;30.06.2012;09:40:39;1014.4;10.548;70.8;19.6
2012;30.06.2012;10:00:39;1014.4;10.429;70.9;19.4
2012;30.06.2012;10:20:41;1014.5;10.598;70.7;19.7
2012;30.06.2012;10:40:39;1014.5;10.623;68.7;20.2
2012;30.06.2012;11:00:39;1014.5;10.738;70.3;20
2012;30.06.2012;11:20:40;1014.7;10.857;74.7;19.2
2012;30.06.2012;11:40:39;1014.9;11.005;78.6;18.6
2012;30.06.2012;12:00:39;1015;11.06;79;18.6
2012;30.06.2012;12:20:39;1015;11.245;79.3;18.8
2012;30.06.2012;13:00:40;1015;10.859;72.9;19.6
2012;30.06.2012;13:20:39;1015;10.2;69.4;19.4
2012;30.06.2012;13:40:41;1014.9;9.997;67.2;19.6
2012;30.06.2012;14:00:39;1014.9;10.096;63;20.8
2012;30.06.2012;14:20:39;1014.7;9.812;57.6;21.8
2012;30.06.2012;14:40:39;1014.6;9.544;52.1;23
2012;30.06.2012;15:00:40;1014.4;9.401;49.2;23.7
2012;30.06.2012;15:40:40;1014.1;9.212;48.5;23.6
2012;30.06.2012;16:00:40;1013.9;9.085;46.7;24
2012;30.06.2012;16:20:41;1013.8;9.655;48.4;24.4
2012;30.06.2012;16:40:40;1013.7;9.78;50.2;24
2012;30.06.2012;17:00:39;1013.6;9.675;48.2;24.5
2012;30.06.2012;17:20:39;1013.5;9.361;47.5;24.2
2012;30.06.2012;17:40:39;1013.5;9.389;48.8;23.8
2012;30.06.2012;18:00:40;1013.5;9.358;47.2;24.3
2012;30.06.2012;18:20:39;1013.5;9.366;46.4;24.6
2012;30.06.2012;18:40:39;1013.4;9.367;46.4;24.6
2012;30.06.2012;19:00:38;1013.3;9.457;47.4;24.4
2012;30.06.2012;19:40:39;1013.4;9.703;50.4;23.8
2012;30.06.2012;20:00:39;1013.4;9.45;50;23.5
2012;30.06.2012;20:40:39;1013.3;9.798;53.4;23
2012;30.06.2012;21:00:39;1013.3;9.949;55.2;22.7
2012;30.06.2012;21:20:39;1013.3;9.936;55.8;22.5
2012;30.06.2012;21:40:39;1013.3;9.928;56.1;22.4
2012;30.06.2012;22:00:39;1013.3;9.817;57.2;21.9
2012;30.06.2012;22:20:39;1013.4;9.885;58.3;21.7
2012;30.06.2012;22:40:39;1013.4;9.781;57.7;21.7
2012;30.06.2012;23:00:38;1013.4;9.786;58.8;21.4
2012;30.06.2012;23:20:39;1013.5;9.842;59.5;21.3
2012;30.06.2012;23:40:39;1013.8;10.298;67;20.1
