2012;01.07.2012;00:00:39;1014.1;11.069;81;18.2
2012;01.07.2012;00:20:39;1014.2;11.1;83.3;17.8
2012;01.07.2012;00:40:39;1014.1;11.321;88.2;17.2
2012;01.07.2012;01:00:39;1014.1;11.329;87.7;17.3
2012;01.07.2012;01:40:39;1014.2;10.885;86.5;16.9
2012;01.07.2012;02:00:39;1014.1;11.137;87.9;17
2012;01.07.2012;02:20:40;1014.2;11.036;88.8;16.7
2012;01.07.2012;02:40:39;1014.4;10.9;85;17.2
2012;01.07.2012;03:00:39;1014.4;10.825;87.7;16.6
2012;01.07.2012;03:20:39;1014.5;10.434;83;16.9
2012;01.07.2012;03:40:39;1014.9;10.03;83.5;16.2
2012;01.07.2012;04:00:38;1014.9;9.972;84.1;16
2012;01.07.2012;04:20:39;1015.1;9.832;85.1;15.6
2012;01.07.2012;04:40:39;1015.4;9.876;86.6;15.4
2012;01.07.2012;05:00:39;1015.6;9.581;83;15.6
2012;01.07.2012;05:20:39;1015.7;9.442;84.5;15.1
2012;01.07.2012;05:40:39;1016;9.418;85.4;14.9
2012;01.07.2012;06:00:39;1016.4;9.447;86.8;14.7
2012;01.07.2012;06:20:39;1016.7;9.358;83.3;15.2
2012;01.07.2012;06:40:39;1016.9;8.777;81.3;14.6
2012;01.07.2012;07:00:39;1017.1;8.566;79.9;14.5
2012;01.07.2012;07:20:41;1017.4;8.401;76.9;14.8
2012;01.07.2012;07:40:39;1017.3;8.33;80.3;14
2012;01.07.2012;08:00:41;1017.4;7.801;74.3;14.2
2012;01.07.2012;08:20:39;1017.4;7.662;73;14.2
2012;01.07.2012;08:40:39;1017.6;7.698;72.4;14.4
2012;01.07.2012;09:00:39;1017.6;7.69;71.4;14.6
2012;01.07.2012;09:20:39;1017.7;7.877;69.9;15.3
2012;01.07.2012;09:40:39;1017.8;7.774;66.4;15.9
2012;01.07.2012;10:00:39;1017.8;7.938;66.5;16.2
2012;01.07.2012;10:20:39;1017.8;8.295;67.7;16.6
2012;01.07.2012;10:40:39;1017.9;8.311;65.3;17.2
2012;01.07.2012;11:00:39;1018;8.499;65.1;17.6
2012;01.07.2012;11:20:40;1018;8.488;63.8;17.9
2012;01.07.2012;11:40:40;1018;8.51;61.6;18.5
2012;01.07.2012;12:00:39;1018.1;8.335;59.6;18.7
2012;01.07.2012;12:20:40;1018.2;8.324;59.9;18.6
2012;01.07.2012;12:40:39;1018.2;8.394;56.4;19.7
2012;01.07.2012;13:00:39;1018.3;8.303;55.8;19.7
2012;01.07.2012;13:20:40;1018.4;8.182;55;19.7
2012;01.07.2012;13:40:39;1018.5;8.501;60.8;18.7
2012;01.07.2012;14:00:42;1018.8;8.946;69.4;17.4
2012;01.07.2012;14:20:41;1019;8.824;63.9;18.5
2012;01.07.2012;14:40:41;1019.2;9.497;71.8;17.8
2012;01.07.2012;15:00:39;1019.3;9.839;75.3;17.6
2012;01.07.2012;15:20:39;1019.5;9.23;69.4;17.9
2012;01.07.2012;15:40:40;1019.7;9.602;81.4;16
2012;01.07.2012;16:00:41;1019.7;10.038;79.8;17
2012;01.07.2012;16:20:41;1019.9;9.226;68.1;18.2
2012;01.07.2012;16:40:39;1020.1;9.046;70.7;17.3
2012;01.07.2012;17:00:39;1020.4;9.311;75.1;16.8
2012;01.07.2012;17:20:39;1020.6;9.457;71.6;17.8
2012;01.07.2012;17:40:39;1020.7;8.876;65.6;18.2
2012;01.07.2012;18:00:39;1020.8;8.628;64.2;18.1
2012;01.07.2012;18:20:39;1020.9;8.512;61.4;18.6
2012;01.07.2012;18:40:39;1021.1;7.907;57.1;18.6
2012;01.07.2012;19:00:39;1021.2;8.144;58.8;18.6
2012;01.07.2012;19:20:39;1021.3;7.874;57.6;18.4
2012;01.07.2012;19:40:39;1021.5;7.85;57.8;18.3
2012;01.07.2012;20:00:39;1021.7;7.854;58.2;18.2
2012;01.07.2012;20:20:39;1021.9;7.694;57.4;18.1
2012;01.07.2012;20:40:39;1022.2;7.662;57.9;17.9
2012;01.07.2012;21:00:43;1022.4;7.651;58.2;17.8
2012;01.07.2012;21:20:39;1022.7;7.68;58.8;17.7
2012;01.07.2012;21:40:39;1023.1;7.68;61.1;17.1
2012;01.07.2012;22:00:39;1023.4;7.767;61.8;17.1
2012;01.07.2012;22:20:39;1023.7;7.791;63.6;16.7
2012;01.07.2012;22:40:39;1023.9;7.636;60.8;17.1
2012;01.07.2012;23:00:39;1024.1;7.457;59.4;17.1
2012;01.07.2012;23:20:39;1024.2;7.477;61.1;16.7
2012;01.07.2012;23:40:39;1024.2;7.448;60.1;16.9
2012;02.07.2012;00:00:39;1024.3;7.443;62;16.4
2012;02.07.2012;00:20:39;1024.3;7.6;63.7;16.3
2012;02.07.2012;00:40:39;1024.4;7.732;64.8;16.3
2012;02.07.2012;01:00:39;1024.4;7.679;65.6;16
2012;02.07.2012;01:20:39;1024.3;7.62;65.1;16
2012;02.07.2012;01:40:39;1024.3;7.574;64.3;16.1
2012;02.07.2012;02:00:39;1024.3;7.598;64.5;16.1
2012;02.07.2012;02:20:39;1024.2;7.622;64.7;16.1
2012;02.07.2012;02:40:39;1024.2;7.744;65.3;16.2
2012;02.07.2012;03:00:39;1024.3;7.849;66.6;16.1
2012;02.07.2012;03:20:39;1024.3;7.885;66.9;16.1
2012;02.07.2012;03:40:39;1024.3;7.936;68.2;15.9
2012;02.07.2012;04:00:39;1024.3;8.142;71.3;15.6
2012;02.07.2012;04:20:38;1024.3;8.363;75.6;15.1
2012;02.07.2012;04:40:39;1024.3;8.307;75.1;15.1
2012;02.07.2012;05:00:38;1024.3;8.42;76.6;15
2012;02.07.2012;05:20:39;1024.3;8.576;77.5;15.1
2012;02.07.2012;05:40:39;1024.3;8.474;76.1;15.2
2012;02.07.2012;06:00:39;1024.3;8.34;75.4;15.1
2012;02.07.2012;06:20:39;1024.3;8.245;73.6;15.3
2012;02.07.2012;06:40:38;1024.3;8.291;74;15.3
2012;02.07.2012;07:00:39;1024.4;8.215;72.4;15.5
2012;02.07.2012;07:20:39;1024.5;8.34;73.5;15.5
2012;02.07.2012;07:40:39;1024.6;8.424;75.2;15.3
2012;02.07.2012;08:00:39;1024.8;8.288;72.6;15.6
2012;02.07.2012;08:20:39;1024.9;8.391;73.5;15.6
2012;02.07.2012;08:40:39;1025.1;8.277;71.6;15.8
2012;02.07.2012;09:00:39;1025.2;8.253;69.6;16.2
2012;02.07.2012;09:20:39;1025.3;8.281;69.4;16.3
2012;02.07.2012;09:40:39;1025.4;8.455;71.3;16.2
2012;02.07.2012;10:00:39;1025.5;8.533;71.5;16.3
2012;02.07.2012;10:20:39;1025.7;8.578;72.8;16.1
2012;02.07.2012;10:40:39;1025.7;8.681;73.2;16.2
2012;02.07.2012;11:00:39;1025.8;8.747;71.9;16.6
2012;02.07.2012;11:20:38;1025.7;8.682;68.7;17.2
2012;02.07.2012;11:40:39;1025.8;8.762;67.6;17.6
2012;02.07.2012;12:00:39;1025.8;8.717;66;17.9
2012;02.07.2012;12:20:39;1025.8;8.544;63.5;18.2
2012;02.07.2012;12:40:39;1025.9;8.571;63.3;18.3
2012;02.07.2012;13:00:39;1025.9;8.625;64.5;18.1
2012;02.07.2012;13:20:39;1025.8;9.027;66.2;18.4
2012;02.07.2012;13:40:38;1025.7;9.062;64.4;18.9
2012;02.07.2012;14:00:39;1025.5;8.903;62.1;19.2
2012;02.07.2012;14:20:40;1025.4;8.501;56.8;19.9
2012;02.07.2012;14:40:39;1025.2;9.841;64.4;20.2
2012;02.07.2012;15:00:39;1025.1;9.674;64.5;19.9
2012;02.07.2012;15:20:38;1025;9.873;63.4;20.5
2012;02.07.2012;15:40:39;1024.8;9.767;63.9;20.2
2012;02.07.2012;16:00:39;1024.7;9.551;60.6;20.7
2012;02.07.2012;16:20:38;1024.6;9.624;60.3;20.9
2012;02.07.2012;16:40:39;1024.4;9.653;60.1;21
2012;02.07.2012;17:00:38;1024.2;9.684;58.1;21.6
2012;02.07.2012;17:20:39;1024.1;9.753;58.5;21.6
2012;02.07.2012;17:40:39;1024;9.889;59.3;21.6
2012;02.07.2012;18:00:39;1023.8;9.931;58.1;22
2012;02.07.2012;18:20:38;1023.7;10.062;60.3;21.6
2012;02.07.2012;18:40:39;1023.6;9.773;55.8;22.4
2012;02.07.2012;19:00:39;1023.6;9.587;56.1;22
2012;02.07.2012;19:20:40;1023.6;9.731;55.9;22.3
2012;02.07.2012;19:40:40;1023.7;9.529;55.1;22.2
2012;02.07.2012;20:00:40;1023.7;9.596;57.2;21.7
2012;02.07.2012;20:20:39;1023.8;9.763;58.9;21.5
2012;02.07.2012;20:40:39;1023.8;9.867;61;21.1
2012;02.07.2012;21:00:40;1023.8;9.507;59.9;20.8
2012;02.07.2012;21:20:39;1023.9;9.646;61.9;20.5
2012;02.07.2012;21:40:39;1024;10.134;65.8;20.3
2012;02.07.2012;22:00:39;1024.1;9.896;66.3;19.8
2012;02.07.2012;22:20:39;1024.1;9.981;67.7;19.6
2012;02.07.2012;22:40:39;1024.1;9.959;68.4;19.4
2012;02.07.2012;23:00:39;1024.1;9.926;68.6;19.3
2012;02.07.2012;23:20:38;1024.1;10.014;69.2;19.3
2012;02.07.2012;23:40:39;1024.1;9.993;70.8;18.9
2012;03.07.2012;00:00:39;1024;9.995;71.7;18.7
2012;03.07.2012;00:20:39;1023.9;9.961;71.9;18.6
2012;03.07.2012;00:40:39;1023.8;9.92;71.6;18.6
2012;03.07.2012;01:00:39;1023.6;9.992;72.1;18.6
2012;03.07.2012;01:20:39;1023.5;9.79;72;18.3
2012;03.07.2012;01:40:39;1023.3;9.778;71.9;18.3
2012;03.07.2012;02:00:39;1023.2;9.758;72.2;18.2
2012;03.07.2012;02:20:39;1023.1;9.731;74.3;17.7
2012;03.07.2012;02:40:39;1023.1;9.547;74.3;17.4
2012;03.07.2012;03:00:39;1023;9.5;76.8;16.8
2012;03.07.2012;03:20:40;1022.9;9.553;78.2;16.6
2012;03.07.2012;03:40:39;1022.8;9.38;76.8;16.6
2012;03.07.2012;04:00:39;1022.6;9.347;77.5;16.4
2012;03.07.2012;04:20:39;1022.5;9.507;78.3;16.5
2012;03.07.2012;04:40:39;1022.4;9.265;77.8;16.2
2012;03.07.2012;05:00:39;1022.3;9.147;78.8;15.8
2012;03.07.2012;05:20:39;1022.2;9.411;80;16
2012;03.07.2012;05:40:39;1022.1;9.384;80.8;15.8
2012;03.07.2012;06:00:38;1022;9.485;82.7;15.6
2012;03.07.2012;06:20:39;1022;9.699;82.4;16
2012;03.07.2012;06:40:39;1021.9;9.563;82.3;15.8
2012;03.07.2012;07:00:39;1021.9;9.715;82;16.1
2012;03.07.2012;07:40:39;1021.9;10.125;82.2;16.7
2012;03.07.2012;08:00:39;1021.8;10.492;83;17.1
2012;03.07.2012;08:20:39;1021.8;10.679;80.8;17.8
2012;03.07.2012;08:40:39;1021.8;10.887;80.3;18.2
2012;03.07.2012;09:00:39;1021.8;10.801;77.7;18.6
2012;03.07.2012;09:20:39;1021.8;10.876;76.3;19
2012;03.07.2012;09:40:39;1021.9;10.882;74;19.5
2012;03.07.2012;10:00:39;1021.8;10.244;69.3;19.6
2012;03.07.2012;10:20:38;1021.8;10.088;67;19.9
2012;03.07.2012;10:40:39;1021.7;9.89;65.7;19.9
2012;03.07.2012;11:00:39;1021.7;10.05;61.6;21.2
2012;03.07.2012;11:20:39;1021.5;9.907;63.4;20.5
2012;03.07.2012;11:40:38;1021.4;9.282;56.6;21.3
2012;03.07.2012;12:00:39;1021.4;9.438;53.8;22.4
2012;03.07.2012;12:20:39;1021.3;9.613;52.5;23.1
2012;03.07.2012;12:40:39;1021.2;9.932;55.2;22.8
2012;03.07.2012;13:00:39;1021;9.742;51.6;23.6
2012;03.07.2012;13:20:39;1020.8;9.994;52.9;23.6
2012;03.07.2012;13:40:39;1020.5;9.792;49.4;24.4
2012;03.07.2012;14:00:39;1020.3;9.577;46.9;24.9
2012;03.07.2012;14:20:39;1020.1;8.868;42.7;25.2
2012;03.07.2012;14:40:39;1020;9.471;43.7;25.9
2012;03.07.2012;15:00:38;1019.8;9.09;44;25.1
2012;03.07.2012;15:20:38;1019.6;9.49;43;26.2
2012;03.07.2012;15:40:39;1019.5;9.378;43;26
2012;03.07.2012;16:00:39;1019.3;9.756;44.7;26
2012;03.07.2012;16:20:39;1019.2;9.757;43.4;26.5
2012;03.07.2012;16:40:39;1019.2;8.992;41;26.1
2012;03.07.2012;17:00:39;1019.1;10.464;47.6;26.1
2012;03.07.2012;17:20:39;1019;9.029;40.2;26.5
2012;03.07.2012;17:40:38;1019;9.359;40.2;27.1
2012;03.07.2012;18:00:38;1018.8;11.056;48.2;26.8
2012;03.07.2012;18:20:39;1018.7;10.369;46.6;26.3
2012;03.07.2012;18:40:39;1018.6;10.61;47.1;26.5
2012;03.07.2012;19:00:38;1018.5;9.919;44.6;26.3
2012;03.07.2012;19:20:39;1018.4;11.004;49.1;26.4
2012;03.07.2012;19:40:39;1018.3;10.591;48.7;25.9
2012;03.07.2012;20:00:39;1018.2;10.901;51.3;25.5
2012;03.07.2012;20:20:39;1018.1;11.422;53.7;25.5
2012;03.07.2012;20:40:39;1018;11.433;55.7;24.9
2012;03.07.2012;21:00:39;1017.9;11.679;57.9;24.6
2012;03.07.2012;21:20:39;1017.8;11.194;56.2;24.4
2012;03.07.2012;21:40:38;1017.7;10.925;56.2;24
2012;03.07.2012;22:00:39;1017.7;11.076;58;23.7
2012;03.07.2012;22:20:39;1017.6;11.014;60.9;22.8
2012;03.07.2012;22:40:39;1017.5;10.992;63.8;22
2012;03.07.2012;23:00:39;1017.3;10.861;65;21.5
2012;03.07.2012;23:20:39;1017.2;10.711;64.9;21.3
2012;03.07.2012;23:40:39;1017.1;10.629;65.6;21
2012;04.07.2012;00:00:39;1016.9;10.59;67.4;20.5
2012;04.07.2012;00:20:39;1016.8;10.27;66.2;20.3
2012;04.07.2012;00:40:39;1016.7;10.217;67.5;19.9
2012;04.07.2012;01:00:39;1016.5;10.144;66.6;20
2012;04.07.2012;01:20:39;1016.4;10.198;68.2;19.7
2012;04.07.2012;01:40:39;1016.3;10.121;70.7;19
2012;04.07.2012;02:00:39;1016.1;10.081;72.2;18.6
2012;04.07.2012;02:20:39;1015.9;10.048;71.5;18.7
2012;04.07.2012;02:40:39;1015.7;9.958;72.2;18.4
2012;04.07.2012;03:00:39;1015.6;9.98;71.9;18.5
2012;04.07.2012;03:20:39;1015.4;9.912;72.3;18.3
2012;04.07.2012;03:40:38;1015.2;9.826;74.9;17.6
2012;04.07.2012;04:00:39;1015;9.814;74.8;17.6
2012;04.07.2012;04:20:39;1014.8;9.796;75.6;17.4
2012;04.07.2012;04:40:39;1014.7;9.89;76.3;17.4
2012;04.07.2012;05:00:39;1014.5;9.833;77.8;17
2012;04.07.2012;05:20:39;1014.4;9.872;78.1;17
2012;04.07.2012;05:40:38;1014.3;10.08;78.7;17.2
2012;04.07.2012;06:00:39;1014.3;10.054;79;17.1
2012;04.07.2012;06:20:38;1014.1;10.068;79.1;17.1
2012;04.07.2012;06:40:39;1014;9.993;79;17
2012;04.07.2012;07:00:39;1013.8;10.441;78.9;17.7
2012;04.07.2012;07:20:39;1013.5;10.715;79.9;17.9
2012;04.07.2012;07:40:39;1013.3;11.178;80.7;18.4
2012;04.07.2012;08:00:39;1013.1;11.181;80.7;18.4
2012;04.07.2012;08:20:39;1012.9;11.169;79.1;18.7
2012;04.07.2012;08:40:39;1012.7;11.095;77.6;18.9
2012;04.07.2012;09:00:41;1012.6;11.132;76.4;19.2
2012;04.07.2012;09:20:39;1012.5;11.425;73.2;20.3
2012;04.07.2012;09:40:39;1012.4;11.658;74.2;20.4
2012;04.07.2012;10:00:39;1012.3;11.733;74.2;20.5
2012;04.07.2012;10:20:41;1012.3;11.965;72;21.3
2012;04.07.2012;10:40:39;1012.3;12.053;71.2;21.6
2012;04.07.2012;11:00:39;1012.2;11.67;69.4;21.5
2012;04.07.2012;11:20:39;1012;11.458;66.1;22
2012;04.07.2012;11:40:39;1011.8;11.348;63.5;22.5
2012;04.07.2012;12:00:40;1011.6;10.703;57.8;23.1
2012;04.07.2012;12:20:40;1011.6;11.281;58.7;23.7
2012;04.07.2012;13:00:39;1011.4;12.067;59.4;24.6
2012;04.07.2012;13:20:39;1011.2;11.481;56.9;24.5
2012;04.07.2012;13:40:40;1010.8;11.294;51.8;25.8
2012;04.07.2012;14:00:40;1010.5;11.778;52.7;26.2
2012;04.07.2012;14:20:39;1010;11.51;51.5;26.2
2012;04.07.2012;15:20:39;1011.4;11.994;70.8;21.6
2012;04.07.2012;15:40:39;1012.3;11.979;78.1;20
2012;04.07.2012;16:00:42;1013.3;11.851;79.3;19.6
2012;04.07.2012;16:40:39;1013.8;11.855;82.9;18.9
2012;04.07.2012;17:00:39;1013.8;11.695;81.8;18.9
2012;04.07.2012;17:40:39;1013.2;11.541;81.2;18.8
2012;04.07.2012;18:00:39;1013.2;10.916;73.6;19.5
2012;04.07.2012;18:40:39;1012.8;11.993;79.2;19.8
2012;04.07.2012;19:00:39;1012.7;11.889;80.5;19.4
2012;04.07.2012;19:20:39;1012.7;11.875;79.9;19.5
2012;04.07.2012;19:40:39;1013;11.099;74.8;19.5
2012;04.07.2012;20:00:39;1013.4;10.23;72.6;18.7
2012;04.07.2012;20:20:39;1013.9;9.979;75;17.8
2012;04.07.2012;21:00:40;1014.6;9.959;80.3;16.7
2012;04.07.2012;21:20:40;1015;9.791;79;16.7
2012;04.07.2012;21:40:39;1015.5;9.659;80;16.3
2012;04.07.2012;22:00:39;1015.8;9.446;77.3;16.5
2012;04.07.2012;22:20:39;1016.2;9.396;78.4;16.2
2012;04.07.2012;22:40:39;1016.3;9.212;76.9;16.2
2012;04.07.2012;23:00:39;1016.5;9.139;76.8;16.1
2012;04.07.2012;23:20:39;1016.8;9.577;83.6;15.5
2012;04.07.2012;23:40:39;1017.1;9.642;87.5;14.9
2012;05.07.2012;00:00:39;1017.3;9.351;87.7;14.4
2012;05.07.2012;00:20:39;1017.7;9.551;89;14.5
2012;05.07.2012;00:40:39;1018;9.28;88.8;14.1
2012;05.07.2012;01:00:40;1018.3;8.936;86.7;13.9
2012;05.07.2012;01:20:40;1018.4;8.655;86.8;13.4
2012;05.07.2012;01:40:42;1018.3;8.706;90.2;12.9
2012;05.07.2012;02:00:41;1018.1;8.727;90.4;12.9
2012;05.07.2012;02:20:39;1017.9;8.645;87.8;13.2
2012;05.07.2012;02:40:39;1017.8;8.29;85.9;12.9
2012;05.07.2012;03:00:39;1017.9;8.45;88.7;12.7
2012;05.07.2012;03:20:39;1017.8;8.462;89.4;12.6
2012;05.07.2012;03:40:40;1017.6;8.321;86.2;12.9
2012;05.07.2012;04:00:39;1017.3;7.954;80.3;13.3
2012;05.07.2012;04:20:39;1017.2;7.725;76;13.7
2012;05.07.2012;04:40:39;1017;7.756;77.8;13.4
2012;05.07.2012;05:00:39;1017.1;7.719;80;12.9
2012;05.07.2012;05:20:39;1017;7.775;81.1;12.8
2012;05.07.2012;05:40:39;1016.9;7.763;81.5;12.7
2012;05.07.2012;06:00:40;1016.9;7.754;81.4;12.7
2012;05.07.2012;06:20:38;1016.8;7.832;82.2;12.7
2012;05.07.2012;06:40:40;1016.8;7.754;81.4;12.7
2012;05.07.2012;07:00:41;1016.8;7.98;83.2;12.8
2012;05.07.2012;07:20:39;1016.9;7.766;81;12.8
2012;05.07.2012;07:40:39;1017;7.847;81.3;12.9
2012;05.07.2012;08:00:40;1017.1;7.844;79.7;13.2
2012;05.07.2012;08:20:41;1017.2;7.867;78.9;13.4
2012;05.07.2012;08:40:39;1017.2;8.094;80.1;13.6
2012;05.07.2012;09:00:40;1017.3;8.002;78.7;13.7
2012;05.07.2012;09:20:39;1017.3;8.035;77.5;14
2012;05.07.2012;09:40:40;1017.3;8.238;76.9;14.5
2012;05.07.2012;10:00:40;1017.3;8.601;76.2;15.3
2012;05.07.2012;10:20:40;1017.1;8.248;70.8;15.8
2012;05.07.2012;10:40:40;1017.1;8.213;70.5;15.8
2012;05.07.2012;11:00:39;1017.3;8.082;69.4;15.8
2012;05.07.2012;11:20:39;1017.6;7.298;67.8;14.6
2012;05.07.2012;11:40:39;1017.9;6.755;71.1;12.7
2012;05.07.2012;12:00:39;1018.2;6.993;73.6;12.7
2012;05.07.2012;12:20:41;1018.6;7.171;78;12.2
2012;05.07.2012;12:40:43;1018.7;7.49;80.9;12.3
2012;05.07.2012;13:00:40;1018.8;7.383;77.2;12.8
2012;05.07.2012;13:20:40;1019;7.46;78;12.8
2012;05.07.2012;13:40:39;1019;7.441;77.3;12.9
2012;05.07.2012;14:00:39;1019;7.959;77.4;13.9
2012;05.07.2012;14:20:39;1019;7.605;72.1;14.3
2012;05.07.2012;14:40:40;1018.9;7.333;69.1;14.4
2012;05.07.2012;15:00:39;1018.9;7.19;66.9;14.6
2012;05.07.2012;15:20:39;1019.1;7.587;74.8;13.7
2012;05.07.2012;15:40:41;1019;7.832;78.7;13.4
2012;05.07.2012;16:00:39;1018.9;8.488;78.3;14.7
2012;05.07.2012;16:20:39;1018.7;7.926;70.4;15.3
2012;05.07.2012;16:40:41;1018.5;7.511;63;16.2
2012;05.07.2012;17:00:40;1018.3;6.99;57.2;16.6
2012;05.07.2012;17:20:40;1018.3;6.739;53.1;17.2
2012;05.07.2012;17:40:39;1018.2;5.983;48.1;16.9
2012;05.07.2012;18:00:40;1018.1;6.161;49.2;17
2012;05.07.2012;19:00:39;1018.1;6.677;55;16.5
2012;05.07.2012;19:20:41;1018.2;6.664;54.9;16.5
2012;05.07.2012;20:00:39;1018.4;6.619;57.4;15.7
2012;05.07.2012;20:20:39;1018.4;6.514;56.5;15.7
2012;05.07.2012;20:40:39;1018.4;6.176;53.6;15.7
2012;05.07.2012;21:00:39;1018.4;6.384;56.1;15.5
2012;05.07.2012;21:20:39;1018.4;6.419;59;14.8
2012;05.07.2012;22:00:40;1018.5;6.592;63.8;14
2012;05.07.2012;22:40:39;1018.7;6.524;66.1;13.3
2012;05.07.2012;23:00:39;1018.7;6.435;66.5;13
2012;05.07.2012;23:20:39;1018.7;6.457;67.6;12.8
2012;05.07.2012;23:40:39;1018.7;6.429;66;13.1
2012;06.07.2012;00:00:39;1018.6;6.467;67.7;12.8
2012;06.07.2012;00:20:39;1018.5;6.358;65.7;13
2012;06.07.2012;00:40:39;1018.5;6.41;67.1;12.8
2012;06.07.2012;01:00:39;1018.4;6.459;68.5;12.6
2012;06.07.2012;01:20:40;1018.3;6.421;69;12.4
2012;06.07.2012;01:40:39;1018.2;6.345;70;12
2012;06.07.2012;02:00:40;1018.1;6.346;70;12
2012;06.07.2012;02:20:40;1018;6.414;71.2;11.9
2012;06.07.2012;02:40:40;1017.9;6.363;71.1;11.8
2012;06.07.2012;03:20:39;1017.7;6.239;67.9;12.2
2012;06.07.2012;03:40:39;1017.5;6.254;72.7;11.2
2012;06.07.2012;04:00:40;1017.5;6.211;72.2;11.2
2012;06.07.2012;04:20:39;1017.4;6.104;72.4;10.9
2012;06.07.2012;04:40:39;1017.4;6.121;69.3;11.6
2012;06.07.2012;05:00:39;1017.3;6.099;70.9;11.2
2012;06.07.2012;05:20:39;1017.1;6.042;72.6;10.7
2012;06.07.2012;05:40:39;1016.9;6.117;73;10.8
2012;06.07.2012;06:00:39;1016.8;6.06;72.8;10.7
2012;06.07.2012;06:20:40;1016.6;6.143;72.8;10.9
2012;06.07.2012;06:40:39;1016.5;6.151;70.5;11.4
2012;06.07.2012;07:00:40;1016.2;6.341;68;12.4
2012;06.07.2012;07:20:39;1016;6.681;70.2;12.7
2012;06.07.2012;07:40:39;1015.8;6.878;69;13.4
2012;06.07.2012;08:00:39;1015.6;7.347;69.9;14.2
2012;06.07.2012;08:20:39;1015.4;7.444;70.8;14.2
2012;06.07.2012;08:40:39;1015.1;7.75;69.5;15.1
2012;06.07.2012;09:00:40;1015;7.673;69.7;14.9
2012;06.07.2012;09:20:40;1014.8;7.866;69.6;15.3
2012;06.07.2012;09:40:39;1014.6;8.162;66;16.7
2012;06.07.2012;10:00:40;1014.4;7.721;64.9;16.1
2012;06.07.2012;10:20:39;1014.3;7.927;64.1;16.7
2012;06.07.2012;11:00:40;1014.1;8.758;66.8;17.6
2012;06.07.2012;11:20:39;1014;8.545;65.6;17.5
2012;06.07.2012;11:40:39;1013.9;8.509;63.3;18
2012;06.07.2012;12:00:39;1013.8;9.054;64.8;18.6
2012;06.07.2012;12:20:39;1013.7;8.685;61.8;18.7
2012;06.07.2012;12:40:39;1013.6;8.514;59.1;19.1
2012;06.07.2012;13:00:40;1013.6;8.698;61.5;18.8
2012;06.07.2012;13:20:39;1013.4;7.421;49.7;19.7
2012;06.07.2012;13:40:39;1013.4;7.517;51.6;19.3
2012;06.07.2012;14:00:39;1013.3;8.076;57.5;18.7
2012;06.07.2012;14:20:40;1013.2;8.114;59.6;18.2
2012;06.07.2012;14:40:39;1013.1;8.61;64.8;17.8
2012;06.07.2012;15:00:39;1013.4;9.097;69.3;17.6
2012;06.07.2012;15:20:39;1013.6;9.371;78.5;16.1
2012;06.07.2012;15:40:40;1013.6;9.456;83.9;15.2
2012;06.07.2012;16:00:40;1013.4;9.714;84.5;15.5
2012;06.07.2012;16:20:40;1013.4;9.797;82;16.1
2012;06.07.2012;16:40:39;1013.5;9.68;78;16.7
2012;06.07.2012;17:00:40;1013.6;9.493;79;16.2
2012;06.07.2012;17:20:39;1013.5;9.651;80.8;16.1
2012;06.07.2012;17:40:41;1013.5;9.797;82;16.1
2012;06.07.2012;18:00:40;1013.5;9.754;82.7;15.9
2012;06.07.2012;18:20:40;1013.4;10.168;85.6;16
2012;06.07.2012;18:40:40;1013.4;10.069;83.7;16.2
2012;06.07.2012;19:00:39;1013.4;10.159;83.9;16.3
2012;06.07.2012;19:40:39;1013.8;8.881;79.4;15.1
2012;06.07.2012;20:20:40;1014.3;8.557;75.6;15.3
2012;06.07.2012;20:40:39;1014.5;8.496;74.6;15.4
2012;06.07.2012;21:00:39;1014.7;8.68;76.7;15.3
2012;06.07.2012;21:20:39;1015;8.538;75;15.4
2012;06.07.2012;21:40:39;1015.2;8.688;77.8;15.1
2012;06.07.2012;22:00:41;1015.5;8.573;77.3;15
2012;06.07.2012;22:20:39;1015.6;8.242;77.3;14.4
2012;06.07.2012;22:40:40;1015.7;7.989;74;14.6
2012;06.07.2012;23:00:38;1015.9;8.079;76.8;14.2
2012;06.07.2012;23:20:39;1015.9;8.047;77.5;14
2012;06.07.2012;23:40:39;1015.9;7.942;76.5;14
2012;07.07.2012;00:00:39;1015.9;7.857;75.7;14
2012;07.07.2012;00:20:40;1016;7.742;74.6;14
2012;07.07.2012;00:40:40;1016;7.741;74.6;14
2012;07.07.2012;01:00:41;1016;7.866;75.3;14.1
2012;07.07.2012;01:20:40;1016.1;7.909;76.7;13.9
2012;07.07.2012;01:40:40;1016.1;7.94;77;13.9
2012;07.07.2012;02:00:39;1016.1;7.907;75.2;14.2
2012;07.07.2012;02:20:42;1016;7.909;75.7;14.1
2012;07.07.2012;02:40:40;1015.9;7.993;76;14.2
2012;07.07.2012;03:00:40;1015.8;7.857;75.2;14.1
2012;07.07.2012;03:20:39;1015.7;7.943;76;14.1
2012;07.07.2012;03:40:39;1015.5;7.931;74.9;14.3
2012;07.07.2012;04:00:39;1015.4;7.892;75.5;14.1
2012;07.07.2012;04:20:39;1015.2;7.874;76.3;13.9
2012;07.07.2012;04:40:39;1015.1;7.884;75.4;14.1
2012;07.07.2012;05:00:39;1014.9;7.887;77.9;13.6
2012;07.07.2012;05:20:40;1014.7;7.889;76.4;13.9
2012;07.07.2012;05:40:39;1014.5;7.992;78.9;13.6
2012;07.07.2012;06:00:39;1014.4;7.922;77.7;13.7
2012;07.07.2012;06:20:39;1014.3;7.839;75.4;14
2012;07.07.2012;06:40:39;1014.2;7.859;75.1;14.1
2012;07.07.2012;07:00:40;1014.2;7.952;75;14.3
2012;07.07.2012;07:20:39;1014.3;7.644;68.5;15.1
2012;07.07.2012;07:40:45;1014.4;7.548;66.8;15.3
2012;07.07.2012;08:00:39;1014.8;7.139;73.9;12.9
2012;07.07.2012;08:20:39;1015.2;7.75;82.3;12.5
2012;07.07.2012;08:40:39;1015.4;7.823;82;12.7
2012;07.07.2012;09:00:39;1015.6;7.615;78.3;13
2012;07.07.2012;09:40:40;1015.7;8.043;83.2;12.9
2012;07.07.2012;10:00:42;1015.8;8.147;82.1;13.3
2012;07.07.2012;10:20:39;1015.9;7.55;78.7;12.8
2012;07.07.2012;10:40:39;1016;7.618;79.4;12.8
2012;07.07.2012;11:00:39;1016.1;7.578;81.1;12.4
2012;07.07.2012;11:20:39;1016.2;7.869;85.3;12.2
2012;07.07.2012;11:40:39;1016.3;8.125;86.9;12.4
2012;07.07.2012;12:00:39;1016.3;8.234;84.1;13.1
2012;07.07.2012;12:20:40;1016.3;7.989;81.1;13.2
2012;07.07.2012;12:20:40;1016.3;7.989;81.1;13.2
2012;07.07.2012;13:00:39;1016.3;7.539;75.1;13.5
2012;07.07.2012;13:20:40;1016.3;7.479;72.6;13.9
2012;07.07.2012;14:00:40;1016.3;7.61;71.5;14.4
2012;07.07.2012;14:20:39;1016.3;7.573;73.5;13.9
2012;07.07.2012;14:40:39;1016.3;7.518;72.5;14
2012;07.07.2012;15:00:42;1016.4;7.274;67.5;14.6
2012;07.07.2012;15:20:39;1016.4;7.175;67.9;14.3
2012;07.07.2012;15:40:39;1016.4;7.564;73.9;13.8
2012;07.07.2012;16:00:40;1016.5;7.298;69.5;14.2
2012;07.07.2012;16:20:39;1016.6;7.329;72.1;13.7
2012;07.07.2012;16:40:40;1016.7;7.272;74.9;13
2012;07.07.2012;17:00:40;1016.8;7.253;75.2;12.9
2012;07.07.2012;17:20:39;1016.8;7.602;79.3;12.8
2012;07.07.2012;17:40:39;1016.9;7.436;75.1;13.3
2012;07.07.2012;18:00:39;1017;7.534;78.1;12.9
2012;07.07.2012;18:20:39;1017;7.712;79.4;13
2012;07.07.2012;18:40:41;1016.9;7.316;73.9;13.3
2012;07.07.2012;19:00:39;1016.8;7.249;73.7;13.2
2012;07.07.2012;19:20:42;1016.8;7.202;74.2;13
2012;07.07.2012;19:40:39;1016.9;7.352;70.5;14.1
2012;07.07.2012;20:00:39;1017;7.135;70.7;13.6
2012;07.07.2012;20:20:42;1017;7.26;71;13.8
2012;07.07.2012;20:40:39;1017.2;7.139;70.3;13.7
2012;07.07.2012;21:00:40;1017.3;7.251;71.4;13.7
2012;07.07.2012;21:20:40;1017.4;7.364;75.4;13.1
2012;07.07.2012;21:40:39;1017.4;7.384;75.6;13.1
2012;07.07.2012;22:00:39;1017.6;7.238;72.7;13.4
2012;07.07.2012;22:20:39;1017.8;7.401;75.3;13.2
2012;07.07.2012;22:40:39;1017.9;7.252;74.3;13.1
2012;07.07.2012;23:00:39;1017.9;7.092;72.2;13.2
2012;07.07.2012;23:20:38;1017.8;6.953;72.2;12.9
2012;07.07.2012;23:40:40;1017.8;6.852;70.7;13
2012;08.07.2012;00:00:40;1017.8;7.001;72.7;12.9
2012;08.07.2012;00:20:38;1017.9;7.15;76.2;12.5
2012;08.07.2012;00:40:39;1017.9;7.249;79.3;12.1
2012;08.07.2012;01:00:42;1017.8;7.175;78.5;12.1
2012;08.07.2012;01:20:40;1017.6;7.152;75.7;12.6
2012;08.07.2012;01:40:40;1017.4;7.162;76.8;12.4
2012;08.07.2012;02:00:40;1017.3;7.039;74.5;12.6
2012;08.07.2012;03:00:39;1016.9;7.295;79.2;12.2
2012;08.07.2012;03:40:39;1016.7;7.455;80.9;12.2
2012;08.07.2012;04:00:40;1016.6;7.329;80.6;12
2012;08.07.2012;04:20:40;1016.5;7.446;82.4;11.9
2012;08.07.2012;04:40:39;1016.3;7.122;77.3;12.2
2012;08.07.2012;05:00:39;1016.2;7.271;81;11.8
2012;08.07.2012;05:20:38;1016.2;7.289;79.6;12.1
2012;08.07.2012;05:40:41;1016.2;7.253;80.8;11.8
2012;08.07.2012;06:00:39;1016.3;7.265;77.8;12.4
2012;08.07.2012;06:20:40;1016.4;7.16;76.7;12.4
2012;08.07.2012;06:40:40;1016.5;7.262;78.3;12.3
2012;08.07.2012;07:00:39;1016.5;7.245;77.1;12.5
2012;08.07.2012;07:20:42;1016.5;7.323;80;12.1
2012;08.07.2012;07:40:39;1016.6;7.53;80.1;12.5
2012;08.07.2012;08:00:39;1016.7;7.527;78;12.9
2012;08.07.2012;08:20:39;1016.8;7.547;77.2;13.1
2012;08.07.2012;08:40:40;1016.9;7.467;75.9;13.2
2012;08.07.2012;09:00:40;1017;7.397;72.8;13.7
2012;08.07.2012;09:20:39;1017;7.177;68.4;14.2
2012;08.07.2012;09:40:40;1017.1;7.066;64.8;14.8
2012;08.07.2012;10:00:40;1017.1;7.025;63.6;15
2012;08.07.2012;10:20:41;1017.1;6.902;61.7;15.2
2012;08.07.2012;10:40:40;1017;7.039;62.5;15.3
2012;08.07.2012;11:00:39;1017;6.883;59.2;15.8
2012;08.07.2012;11:20:39;1016.9;6.777;58.3;15.8
2012;08.07.2012;11:40:39;1016.9;6.73;56.8;16.1
2012;08.07.2012;12:00:39;1016.9;6.771;55.7;16.5
2012;08.07.2012;12:20:40;1016.9;6.921;56.2;16.7
2012;08.07.2012;12:40:41;1016.9;6.896;52.9;17.6
2012;08.07.2012;13:00:39;1016.8;6.968;50.5;18.5
2012;08.07.2012;13:20:40;1016.8;7.083;51;18.6
2012;08.07.2012;13:40:40;1016.9;6.844;51.2;18
2012;08.07.2012;14:00:41;1017;6.987;58.2;16.3
2012;08.07.2012;14:20:39;1017.2;7.487;65.6;15.5
2012;08.07.2012;14:40:41;1017.2;7.025;58.9;16.2
2012;08.07.2012;15:00:40;1017.3;7.208;56.7;17.2
2012;08.07.2012;15:20:39;1017.2;7.398;53.6;18.5
2012;08.07.2012;15:40:40;1017.2;7.449;50.7;19.5
2012;08.07.2012;16:00:39;1017.4;7.414;54.4;18.3
2012;08.07.2012;16:20:40;1017.4;7.191;51.8;18.6
2012;08.07.2012;16:40:41;1017.4;7.214;51;18.9
2012;08.07.2012;17:00:40;1017.3;7.017;48.1;19.4
2012;08.07.2012;17:20:42;1017.4;7.166;51.3;18.7
2012;08.07.2012;17:40:40;1017.4;7.193;52.8;18.3
2012;08.07.2012;18:00:40;1017.4;7.415;53.4;18.6
2012;08.07.2012;18:20:39;1017.5;7.279;54.1;18.1
2012;08.07.2012;18:40:39;1017.6;7.456;62.9;16.1
2012;08.07.2012;19:00:40;1017.7;8.112;65.8;16.7
2012;08.07.2012;19:20:40;1017.8;7.117;59.7;16.2
2012;08.07.2012;19:40:41;1018;7.056;59.2;16.2
2012;08.07.2012;20:00:40;1018.1;6.961;60.7;15.6
2012;08.07.2012;20:20:41;1018.2;7.538;66.1;15.5
2012;08.07.2012;20:40:39;1018.3;7.09;59.5;16.2
2012;08.07.2012;21:00:39;1018.4;6.959;61.1;15.5
2012;08.07.2012;21:20:40;1018.6;7.062;62;15.5
2012;08.07.2012;21:40:39;1018.8;7.182;64.7;15.1
2012;08.07.2012;22:00:41;1019;7.386;69.6;14.4
2012;08.07.2012;22:20:39;1019.2;7.102;67.4;14.3
2012;08.07.2012;22:40:42;1019.2;7.058;70.1;13.6
2012;08.07.2012;23:00:38;1019.3;7.31;78;12.5
2012;08.07.2012;23:20:39;1019.4;6.929;73.5;12.6
2012;08.07.2012;23:40:41;1019.5;6.776;70.5;12.9
2012;09.07.2012;00:00:42;1019.5;6.821;71.9;12.7
2012;09.07.2012;00:20:41;1019.6;6.703;68.4;13.2
2012;09.07.2012;00:40:40;1019.7;6.657;70.2;12.7
2012;09.07.2012;01:00:40;1019.8;6.902;74.7;12.3
2012;09.07.2012;01:20:39;1019.8;6.766;75.2;11.9
2012;09.07.2012;01:40:39;1019.7;6.866;74.8;12.2
2012;09.07.2012;02:00:41;1019.6;6.516;73.4;11.7
2012;09.07.2012;02:20:41;1019.5;6.524;71.1;12.2
2012;09.07.2012;02:40:39;1019.4;6.5;73.7;11.6
2012;09.07.2012;03:00:39;1019.4;6.467;74.3;11.4
2012;09.07.2012;03:20:39;1019.4;6.664;78.6;11
2012;09.07.2012;03:40:39;1019.3;6.584;78.7;10.8
2012;09.07.2012;04:00:41;1019.3;6.51;76.8;11
2012;09.07.2012;04:20:38;1019.3;6.458;73.7;11.5
2012;09.07.2012;04:40:40;1019.3;6.476;73.9;11.5
2012;09.07.2012;05:00:40;1019.4;6.411;78.2;10.5
2012;09.07.2012;05:20:41;1019.4;6.375;78.3;10.4
2012;09.07.2012;05:40:38;1019.4;6.355;79.1;10.2
2012;09.07.2012;06:00:38;1019.4;6.398;75.5;11
2012;09.07.2012;06:20:39;1019.4;6.414;79.3;10.3
2012;09.07.2012;06:40:40;1019.5;6.537;79.2;10.6
2012;09.07.2012;07:00:40;1019.5;6.53;78.6;10.7
2012;09.07.2012;07:20:38;1019.6;6.858;76.7;11.8
2012;09.07.2012;07:40:39;1019.8;7.232;76.2;12.7
2012;09.07.2012;08:00:39;1019.9;7.707;80.1;12.9
2012;09.07.2012;08:20:39;1019.9;7.903;80;13.3
2012;09.07.2012;08:40:39;1020;7.95;78.4;13.7
2012;09.07.2012;09:00:39;1020;8.336;78;14.5
2012;09.07.2012;09:20:39;1020;8.401;76.6;14.9
2012;09.07.2012;09:40:39;1020;8.249;77.2;14.5
2012;09.07.2012;10:00:40;1020;8.25;73.8;15.2
2012;09.07.2012;10:20:39;1020;8.331;75;15.1
2012;09.07.2012;10:40:39;1020;8.182;71.8;15.5
2012;09.07.2012;11:00:39;1019.9;8.297;72.8;15.5
2012;09.07.2012;11:20:39;1019.9;7.814;65.6;16.2
2012;09.07.2012;11:40:40;1019.8;7.592;60.6;17
2012;09.07.2012;12:00:40;1019.8;7.627;58.6;17.6
2012;09.07.2012;12:20:40;1019.7;7.84;56.9;18.5
2012;09.07.2012;13:00:41;1019.5;7.822;54;19.3
2012;09.07.2012;13:20:41;1019.5;7.673;55;18.7
2012;09.07.2012;13:40:40;1019.5;7.831;52.4;19.8
2012;09.07.2012;14:00:39;1019.4;7.561;50.3;19.9
2012;09.07.2012;14:20:39;1019.3;7.675;49.8;20.3
2012;09.07.2012;14:40:39;1019.2;7.807;49.4;20.7
2012;09.07.2012;15:00:39;1019.1;7.841;48.7;21
2012;09.07.2012;15:20:40;1019;7.808;48.2;21.1
2012;09.07.2012;15:40:40;1018.9;7.628;47.1;21.1
2012;09.07.2012;16:00:39;1018.8;7.678;47.4;21.1
2012;09.07.2012;16:20:39;1018.7;8.311;48.5;22
2012;09.07.2012;16:40:39;1018.6;7.637;46;21.5
2012;09.07.2012;17:00:39;1018.6;7.553;44.4;21.9
2012;09.07.2012;17:20:39;1018.5;7.811;47.9;21.2
2012;09.07.2012;18:00:39;1018.4;8.486;49.8;21.9
2012;09.07.2012;18:20:39;1018.4;8.59;50.4;21.9
2012;09.07.2012;18:40:39;1018.4;8.552;50.8;21.7
2012;09.07.2012;19:00:39;1018.5;9.179;62;19.6
2012;09.07.2012;19:20:38;1018.5;8.678;58.3;19.7
2012;09.07.2012;19:40:39;1018.5;9.247;61.3;19.9
2012;09.07.2012;20:00:38;1018.6;9.219;61.5;19.8
2012;09.07.2012;20:40:39;1018.8;9.023;60.6;19.7
2012;09.07.2012;21:00:40;1019;9.267;63;19.5
2012;09.07.2012;21:20:39;1019.1;9.191;62.5;19.5
2012;09.07.2012;21:40:38;1019.3;9.219;62.7;19.5
2012;09.07.2012;22:00:39;1019.5;9.219;63.5;19.3
2012;09.07.2012;22:40:38;1019.9;9.043;63.9;18.9
2012;09.07.2012;23:00:40;1020;9.359;65.7;19
2012;09.07.2012;23:20:39;1020.1;9.185;64.9;18.9
2012;09.07.2012;23:40:39;1020.1;9.455;67.2;18.8
2012;10.07.2012;00:00:39;1020.1;9.117;66.9;18.3
2012;10.07.2012;00:20:39;1020.1;8.986;67.2;18
2012;10.07.2012;00:40:39;1020;9.194;69.6;17.8
2012;10.07.2012;01:00:39;1019.9;8.962;69.6;17.4
2012;10.07.2012;01:20:39;1020;8.913;71;17
2012;10.07.2012;01:40:39;1020.1;8.691;71.5;16.5
2012;10.07.2012;02:00:39;1020.1;8.701;73.9;16
2012;10.07.2012;02:20:39;1020.1;8.913;75.2;16.1
2012;10.07.2012;02:40:39;1020.1;8.882;75.9;15.9
2012;10.07.2012;03:00:39;1020.2;8.723;76.5;15.5
2012;10.07.2012;03:20:39;1020.2;8.575;79.2;14.7
2012;10.07.2012;03:40:38;1020.3;8.296;79.7;14.1
2012;10.07.2012;04:00:38;1020.4;8.32;78.9;14.3
2012;10.07.2012;04:20:39;1020.4;8.095;77.8;14.1
2012;10.07.2012;04:40:39;1020.4;7.924;79.2;13.5
2012;10.07.2012;05:00:39;1020.4;8.163;80.5;13.7
2012;10.07.2012;05:20:39;1020.4;7.9;80;13.3
2012;10.07.2012;05:40:39;1020.5;7.789;78.9;13.3
2012;10.07.2012;06:00:39;1020.6;7.606;78.6;13
2012;10.07.2012;06:20:39;1020.7;7.724;79.3;13.1
2012;10.07.2012;06:40:39;1020.9;7.767;80.8;12.9
2012;10.07.2012;07:00:41;1021;7.902;80.6;13.2
2012;10.07.2012;07:20:39;1021.1;8.07;80.7;13.5
2012;10.07.2012;07:40:39;1021.2;8.117;79.6;13.8
2012;10.07.2012;08:00:40;1021.2;8.343;79.7;14.2
2012;10.07.2012;08:20:39;1021.3;8.438;80.6;14.2
2012;10.07.2012;08:40:38;1021.6;8.488;78;14.8
2012;10.07.2012;09:00:38;1021.8;8.53;76.9;15.1
2012;10.07.2012;09:20:39;1021.9;8.619;77.2;15.2
2012;10.07.2012;09:40:39;1022;8.605;76.1;15.4
2012;10.07.2012;10:00:39;1022.1;8.528;74;15.7
2012;10.07.2012;10:20:39;1022.1;8.438;72.3;15.9
2012;10.07.2012;10:40:39;1022.2;8.149;68.1;16.3
2012;10.07.2012;11:00:39;1022.3;8.264;69.5;16.2
2012;10.07.2012;11:20:39;1022.4;8.435;67.4;17
2012;10.07.2012;11:40:39;1022.4;8.573;63.5;18.2
2012;10.07.2012;12:00:39;1022.4;8.546;63.7;18.1
2012;10.07.2012;12:20:39;1022.4;8.613;64.6;18
2012;10.07.2012;12:40:38;1022.5;8.953;68.4;17.7
2012;10.07.2012;13:00:39;1022.6;9.225;71.8;17.4
2012;10.07.2012;13:20:39;1022.6;9.671;75.7;17.3
2012;10.07.2012;13:40:39;1022.6;9.674;76.2;17.2
2012;10.07.2012;14:00:39;1022.7;9.978;76.6;17.6
2012;10.07.2012;14:20:39;1022.8;9.505;74.9;17.2
2012;10.07.2012;14:40:39;1022.8;9.942;80.3;16.8
2012;10.07.2012;15:00:39;1022.9;9.8;80.7;16.5
2012;10.07.2012;15:20:38;1022.9;9.247;76.7;16.4
2012;10.07.2012;15:40:39;1022.8;9.97;82.6;16.4
2012;10.07.2012;16:00:39;1022.8;10.008;85.6;15.9
2012;10.07.2012;16:20:39;1022.9;10.192;86.6;16
2012;10.07.2012;17:00:39;1022.8;9.819;87.3;15.3
2012;10.07.2012;17:20:39;1022.8;9.975;88.1;15.4
2012;10.07.2012;18:00:39;1022.8;10.07;89.5;15.3
2012;10.07.2012;18:20:39;1022.9;10.121;91.7;15
2012;10.07.2012;18:40:39;1022.9;10.277;92.5;15.1
2012;10.07.2012;19:00:39;1022.9;10.289;93.2;15
2012;10.07.2012;19:40:39;1023.1;10.223;89.7;15.5
2012;10.07.2012;20:40:39;1023.4;10.167;90.4;15.3
2012;10.07.2012;21:00:39;1023.4;10.312;90.5;15.5
2012;10.07.2012;21:20:38;1023.4;10.318;92.9;15.1
2012;10.07.2012;21:40:40;1023.4;10.283;92.6;15.1
2012;10.07.2012;22:20:39;1024.5;10.509;91.7;15.6
2012;10.07.2012;23:00:39;1024.6;10.407;93.2;15.2
2012;10.07.2012;23:40:39;1024.4;10.386;94.2;15
2012;11.07.2012;00:20:39;1024.5;10.284;93.3;15
2012;11.07.2012;00:40:39;1024.5;10.172;92.3;15
2012;11.07.2012;01:00:39;1024.3;10.162;91.6;15.1
2012;11.07.2012;01:20:40;1024.3;9.983;90.6;15
2012;11.07.2012;01:40:39;1024.4;10.036;90.5;15.1
2012;11.07.2012;02:20:40;1024.5;10.083;92.1;14.9
2012;11.07.2012;02:40:39;1024.6;10.093;92.2;14.9
2012;11.07.2012;03:00:39;1024.6;10.091;91;15.1
2012;11.07.2012;03:20:39;1024.6;10.091;91;15.1
2012;11.07.2012;03:40:39;1024.6;10.037;91.1;15
2012;11.07.2012;04:00:39;1024.4;9.867;91.9;14.6
2012;11.07.2012;04:20:39;1024.2;10.03;94.6;14.4
2012;11.07.2012;04:40:39;1024.2;10.164;94;14.7
2012;11.07.2012;05:00:39;1024.2;9.944;92;14.7
2012;11.07.2012;05:20:39;1024.4;9.877;92.6;14.5
2012;11.07.2012;05:40:39;1024.6;10.061;93.1;14.7
2012;11.07.2012;06:00:39;1024.6;9.94;93.8;14.4
2012;11.07.2012;06:20:39;1024.6;10.06;94.3;14.5
2012;11.07.2012;06:40:39;1024.7;10.093;94;14.6
2012;11.07.2012;07:00:39;1024.7;10.104;92.9;14.8
2012;11.07.2012;07:20:39;1024.7;10.004;92.6;14.7
2012;11.07.2012;07:40:39;1024.8;10.113;92.4;14.9
2012;11.07.2012;08:00:40;1025;10.066;91.4;15
2012;11.07.2012;08:20:39;1025.2;10.119;91.3;15.1
2012;11.07.2012;08:40:39;1025.4;10.163;92.3;15
2012;11.07.2012;09:00:39;1025.7;10.249;92.5;15.1
2012;11.07.2012;09:20:40;1025.9;10.45;92.5;15.4
2012;11.07.2012;09:40:39;1026.1;10.424;91.7;15.5
2012;11.07.2012;10:00:39;1026.2;10.498;90.6;15.8
2012;11.07.2012;10:20:39;1026.3;10.48;89.3;16
2012;11.07.2012;10:40:40;1026.3;10.339;87;16.2
2012;11.07.2012;11:00:40;1026.3;10.646;88.4;16.4
2012;11.07.2012;11:20:39;1026.3;10.448;87.9;16.2
2012;11.07.2012;11:40:39;1026.4;10.435;87.8;16.2
2012;11.07.2012;12:00:39;1026.4;10.38;86.8;16.3
2012;11.07.2012;12:20:41;1026.5;10.385;87.4;16.2
2012;11.07.2012;12:40:40;1026.5;10.761;88.8;16.5
2012;11.07.2012;13:00:39;1026.4;11.047;87.7;17.1
2012;11.07.2012;13:20:39;1026.5;10.634;82.9;17.4
2012;11.07.2012;14:00:39;1026.7;10.493;80.8;17.6
2012;11.07.2012;14:20:39;1026.7;10.427;79.3;17.8
2012;11.07.2012;14:40:40;1026.8;9.828;71.6;18.5
2012;11.07.2012;15:00:39;1026.7;10.225;71.7;19.1
2012;11.07.2012;15:20:40;1026.6;9.621;67.1;19.2
2012;11.07.2012;15:40:39;1026.4;9.406;64;19.6
2012;11.07.2012;16:00:40;1026.3;9.723;64.1;20.1
2012;11.07.2012;16:20:39;1026.2;9.777;62.1;20.7
2012;11.07.2012;16:40:39;1026.2;9.486;61.4;20.4
2012;11.07.2012;17:00:39;1026.2;10.379;70.5;19.6
2012;11.07.2012;17:20:40;1026.2;10.165;71.7;19
2012;11.07.2012;18:20:39;1026.1;11.021;78.6;18.8
2012;11.07.2012;18:40:39;1026;11.245;77.7;19.3
2012;11.07.2012;19:00:39;1025.9;10.814;75.7;19.1
2012;11.07.2012;19:20:40;1025.9;10.544;74.3;19
2012;11.07.2012;19:40:38;1025.9;10.601;74.7;19
2012;11.07.2012;20:00:40;1026;10.513;75.5;18.7
2012;11.07.2012;20:20:39;1026.2;10.593;75.6;18.8
2012;11.07.2012;20:40:39;1026.4;10.386;75.1;18.6
2012;11.07.2012;21:20:41;1026.7;9.277;69.8;18
2012;11.07.2012;22:00:40;1027.2;10.028;84.5;16.2
2012;11.07.2012;22:20:39;1027.1;10.019;86.6;15.8
2012;11.07.2012;22:40:40;1027.2;9.835;84.5;15.9
2012;11.07.2012;23:00:39;1027.3;9.98;87.4;15.6
2012;11.07.2012;23:20:39;1027.4;9.857;86.9;15.5
2012;11.07.2012;23:40:39;1027.4;9.793;86.9;15.4
2012;12.07.2012;00:00:41;1027.3;9.908;87.9;15.4
2012;12.07.2012;00:20:39;1027.3;9.787;89.1;15
2012;12.07.2012;00:40:39;1027.2;9.812;89.9;14.9
2012;12.07.2012;01:00:39;1027.2;10.12;90.9;15.2
2012;12.07.2012;01:20:39;1027;9.958;91.2;14.9
2012;12.07.2012;01:40:39;1027;9.879;89.9;15
2012;12.07.2012;02:00:40;1026.9;9.718;89.6;14.8
2012;12.07.2012;02:20:39;1026.9;9.616;88.1;14.9
2012;12.07.2012;02:40:41;1026.8;9.705;88.9;14.9
2012;12.07.2012;03:00:39;1026.8;9.624;87.6;15
2012;12.07.2012;03:20:39;1026.7;9.438;87.6;14.7
2012;12.07.2012;03:40:39;1026.6;9.49;87.5;14.8
2012;12.07.2012;04:00:38;1026.6;9.348;90.2;14.1
2012;12.07.2012;04:20:39;1026.6;9.365;89.2;14.3
2012;12.07.2012;04:40:40;1026.6;9.37;88.1;14.5
2012;12.07.2012;05:00:40;1026.6;9.547;91.5;14.2
2012;12.07.2012;05:20:39;1026.7;9.705;91.8;14.4
2012;12.07.2012;05:40:39;1026.7;9.565;90.5;14.4
2012;12.07.2012;06:00:39;1026.7;9.711;90.1;14.7
2012;12.07.2012;06:40:39;1026.7;9.65;86.7;15.2
2012;12.07.2012;07:00:39;1026.7;9.554;85.3;15.3
2012;12.07.2012;07:20:40;1026.7;9.717;87.3;15.2
2012;12.07.2012;07:40:39;1026.8;9.906;88.4;15.3
2012;12.07.2012;08:00:39;1026.8;10.238;89;15.7
2012;12.07.2012;08:20:39;1026.7;10.244;86.8;16.1
2012;12.07.2012;08:40:39;1026.8;10.129;85.3;16.2
2012;12.07.2012;09:00:39;1026.7;10.229;82.9;16.8
2012;12.07.2012;09:20:40;1026.7;10.46;84.2;16.9
2012;12.07.2012;09:40:39;1026.7;10.531;85.3;16.8
2012;12.07.2012;10:00:39;1026.6;10.381;84.1;16.8
2012;12.07.2012;11:00:39;1026.5;10.333;81.1;17.3
2012;12.07.2012;11:20:39;1026.5;10.537;79.1;18
2012;12.07.2012;12:00:39;1026.5;10.16;76.8;17.9
2012;12.07.2012;12:40:39;1026.4;9.681;67.5;19.2
2012;12.07.2012;13:00:41;1026.3;9.765;66.4;19.6
2012;12.07.2012;13:20:40;1026.1;10.067;65.1;20.4
2012;12.07.2012;15:40:39;1025;10.413;58.4;22.7
2012;12.07.2012;16:00:39;1024.8;10.578;56.5;23.5
2012;12.07.2012;16:20:39;1024.6;10.443;56.8;23.2
2012;12.07.2012;17:00:39;1024.4;11.032;58.5;23.6
2012;12.07.2012;17:20:39;1024.2;10.077;50.7;24.5
2012;12.07.2012;17:40:39;1024.2;11.216;60.9;23.2
2012;12.07.2012;18:00:39;1024.1;11.158;61.7;22.9
2012;12.07.2012;18:20:39;1024;9.675;51.4;23.6
2012;12.07.2012;18:40:39;1023.9;9.74;50.5;24
2012;12.07.2012;19:00:39;1023.8;9.861;53;23.4
2012;12.07.2012;19:20:38;1023.9;9.89;53.8;23.2
2012;12.07.2012;19:40:39;1024;9.476;51.9;23.1
2012;12.07.2012;20:00:40;1024;10.06;56.4;22.7
2012;12.07.2012;20:20:39;1024.1;10.572;61.8;22
2012;12.07.2012;20:40:40;1024.1;10.143;60.8;21.6
2012;12.07.2012;21:00:39;1024.1;10.506;64.5;21.2
2012;12.07.2012;21:20:40;1024.1;10.552;66.8;20.7
2012;12.07.2012;21:40:39;1024.2;11.048;71.2;20.4
2012;12.07.2012;22:00:42;1024.4;10.855;71.3;20.1
2012;12.07.2012;22:20:39;1024.5;10.529;70.5;19.8
2012;12.07.2012;22:40:39;1024.6;9.762;67.1;19.4
2012;12.07.2012;23:00:41;1024.6;9.408;64.3;19.5
2012;12.07.2012;23:20:39;1024.5;9.407;65.5;19.2
2012;12.07.2012;23:40:39;1024.4;9.508;66.6;19.1
2012;13.07.2012;00:00:41;1024.4;9.245;65.6;18.9
2012;13.07.2012;00:20:39;1024.4;9.218;65;19
2012;13.07.2012;00:40:40;1024.4;9.172;68;18.2
2012;13.07.2012;01:00:41;1024.4;9.549;72.1;17.9
2012;13.07.2012;01:20:41;1024.2;9.492;73.5;17.5
2012;13.07.2012;01:40:39;1024.2;9.562;74.5;17.4
2012;13.07.2012;02:00:39;1024;9.375;75.4;16.9
2012;13.07.2012;02:20:39;1023.9;9.288;78.6;16.1
2012;13.07.2012;02:40:40;1023.8;9.155;76.5;16.3
2012;13.07.2012;03:00:39;1023.8;8.956;76.8;15.9
2012;13.07.2012;03:20:39;1023.7;8.865;78;15.5
2012;13.07.2012;03:40:40;1023.7;8.67;76.3;15.5
2012;13.07.2012;04:00:39;1023.6;8.602;76.2;15.4
2012;13.07.2012;04:20:39;1023.5;8.6;75.2;15.6
2012;13.07.2012;04:40:40;1023.5;8.334;74.8;15.2
2012;13.07.2012;05:00:40;1023.4;8.195;75;14.9
2012;13.07.2012;05:20:41;1023.4;8.317;76.1;14.9
2012;13.07.2012;05:40:39;1023.4;8.066;79.8;13.7
2012;13.07.2012;06:00:39;1023.4;8.264;78.1;14.4
2012;13.07.2012;06:20:38;1023.5;8.152;79.6;13.9
2012;13.07.2012;06:40:39;1023.6;8.187;76.9;14.5
2012;13.07.2012;07:00:39;1023.6;8.349;78.4;14.5
2012;13.07.2012;07:20:39;1023.6;8.481;78.6;14.7
2012;13.07.2012;07:40:39;1023.6;8.843;78.3;15.4
2012;13.07.2012;08:00:39;1023.6;9.182;78.2;16
2012;13.07.2012;08:20:40;1023.7;9.519;80;16.2
2012;13.07.2012;08:40:39;1023.7;9.545;78.7;16.5
2012;13.07.2012;09:00:39;1023.7;9.607;78.2;16.7
2012;13.07.2012;09:20:39;1023.6;9.474;75.2;17.1
2012;13.07.2012;09:40:39;1023.6;9.597;75.2;17.3
2012;13.07.2012;10:00:40;1023.6;9.461;72.3;17.7
2012;13.07.2012;10:20:40;1023.6;9.747;70.8;18.5
2012;13.07.2012;10:40:39;1023.5;9.535;65.9;19.3
2012;13.07.2012;11:00:39;1023.5;9.417;58.6;21
2012;13.07.2012;11:20:40;1023.4;9.538;59.7;20.9
2012;13.07.2012;11:40:41;1023.3;9.885;59.6;21.5
2012;13.07.2012;12:00:39;1023.2;9.659;56.5;22
2012;13.07.2012;12:20:41;1023.1;9.523;54.7;22.3
2012;13.07.2012;12:40:39;1023;9.547;55.5;22.1
2012;13.07.2012;13:00:41;1022.9;9.963;54.8;23
2012;13.07.2012;13:20:40;1022.8;9.977;52.6;23.7
2012;13.07.2012;13:40:42;1022.7;9.971;49.8;24.6
2012;13.07.2012;14:00:39;1022.6;10.702;50.9;25.4
2012;13.07.2012;14:20:39;1022.6;10.914;54.1;24.7
2012;13.07.2012;14:40:40;1022.6;11.14;55.2;24.7
2012;13.07.2012;15:00:40;1022.6;10.573;51.2;25.1
2012;13.07.2012;15:20:40;1022.6;9.833;44.4;26.3
2012;13.07.2012;15:40:39;1022.6;10.189;46.8;26
2012;13.07.2012;16:00:39;1022.6;10.021;44.7;26.5
2012;13.07.2012;16:20:40;1022.5;9.812;44.3;26.3
2012;13.07.2012;16:40:41;1022.5;9.768;45.7;25.7
2012;13.07.2012;17:00:39;1022.4;10.107;46.7;25.9
2012;13.07.2012;17:20:40;1022.3;10.135;46;26.2
2012;13.07.2012;17:40:39;1022.3;10.442;48.5;25.8
2012;13.07.2012;18:00:40;1022.2;10.728;50.4;25.6
2012;13.07.2012;18:20:39;1022.2;10.044;46.4;25.9
2012;13.07.2012;19:00:40;1022.1;10.112;48.4;25.3
2012;13.07.2012;19:20:39;1022.1;10.489;52;24.7
2012;13.07.2012;19:40:40;1022.1;10.445;52.1;24.6
2012;13.07.2012;20:00:39;1022.2;10.416;52.9;24.3
2012;13.07.2012;20:20:39;1022.3;10.899;57;23.8
2012;13.07.2012;20:40:40;1022.3;11.178;59.5;23.5
2012;13.07.2012;21:40:39;1022.5;11.122;63.3;22.4
2012;13.07.2012;22:00:39;1022.6;11.002;63.4;22.2
2012;13.07.2012;22:20:39;1022.7;11.058;64.9;21.9
2012;13.07.2012;22:40:39;1022.7;10.761;62.8;22
2012;13.07.2012;23:00:39;1022.8;9.718;59.3;21.3
2012;13.07.2012;23:20:39;1022.9;9.239;55.4;21.6
2012;13.07.2012;23:40:39;1023;9.193;56.5;21.2
2012;14.07.2012;00:00:40;1023.1;9.364;61.2;20.2
2012;14.07.2012;00:20:40;1023.2;9.551;66.4;19.2
2012;14.07.2012;00:40:39;1023.2;9.278;67;18.6
2012;14.07.2012;01:00:39;1023.3;9.207;66.5;18.6
2012;14.07.2012;01:20:39;1023.3;9.102;67;18.3
2012;14.07.2012;01:40:39;1023.3;8.927;70;17.3
2012;14.07.2012;02:00:40;1023.3;8.94;70.1;17.3
2012;14.07.2012;02:20:41;1023.2;8.781;68;17.5
2012;14.07.2012;02:40:39;1023.1;8.7;67.8;17.4
2012;14.07.2012;03:00:39;1023;8.573;68.1;17.1
2012;14.07.2012;03:20:39;1022.9;8.418;68.6;16.7
2012;14.07.2012;03:40:39;1022.9;8.501;70.6;16.4
2012;14.07.2012;04:00:39;1022.9;8.426;71.8;16
2012;14.07.2012;04:20:41;1022.9;8.393;74.8;15.3
2012;14.07.2012;04:40:39;1022.9;8.18;75.8;14.7
2012;14.07.2012;05:00:39;1023;8.333;77.7;14.6
2012;14.07.2012;05:20:39;1023;8.342;73.4;15.5
2012;14.07.2012;05:40:38;1022.9;8.203;73.6;15.2
2012;14.07.2012;06:00:39;1023;8.149;73.6;15.1
2012;14.07.2012;06:20:39;1023.2;8.107;72.3;15.3
2012;14.07.2012;06:40:40;1023.3;8.127;73.9;15
2012;14.07.2012;07:00:39;1023.3;8.158;73.7;15.1
2012;14.07.2012;07:20:39;1023.4;8.357;70.8;16.1
2012;14.07.2012;07:40:39;1023.5;8.693;71.3;16.6
2012;14.07.2012;08:00:39;1023.6;9.231;74.7;16.8
2012;14.07.2012;08:20:40;1023.7;9.57;78.9;16.5
2012;14.07.2012;08:40:39;1023.7;9.671;75.3;17.4
2012;14.07.2012;09:00:40;1023.7;9.686;74;17.7
2012;14.07.2012;09:20:39;1023.8;9.731;72.5;18.1
2012;14.07.2012;09:40:40;1023.9;9.633;70;18.5
2012;14.07.2012;10:00:39;1023.9;9.84;70.6;18.7
2012;14.07.2012;10:20:39;1024;9.976;69.8;19.1
2012;14.07.2012;10:40:39;1024;10.028;70.6;19
2012;14.07.2012;11:00:40;1024;10.158;69.3;19.5
2012;14.07.2012;11:20:41;1023.9;10.021;66.7;19.9
2012;14.07.2012;11:40:39;1023.8;9.51;56.7;21.7
2012;14.07.2012;12:00:39;1023.8;9.908;62;20.9
2012;14.07.2012;12:20:39;1023.7;9.87;59.9;21.4
2012;14.07.2012;12:40:40;1023.6;9.678;54.6;22.6
2012;14.07.2012;13:00:39;1023.6;9.503;51.4;23.3
2012;14.07.2012;13:20:39;1023.5;8.793;45.1;24.2
2012;14.07.2012;13:40:39;1023.4;8.899;43.5;25
2012;14.07.2012;14:00:43;1023.3;9.401;45.1;25.3
2012;14.07.2012;14:20:39;1023.1;9.836;43.4;26.7
2012;14.07.2012;14:40:39;1022.9;9.619;42.7;26.6
2012;14.07.2012;15:00:39;1022.7;8.917;37.8;27.4
2012;14.07.2012;15:20:40;1022.6;8.368;35.5;27.4
2012;14.07.2012;15:40:39;1022.4;8.609;36.5;27.4
2012;14.07.2012;16:00:41;1022.2;8.003;32.6;28.1
2012;14.07.2012;16:20:39;1022.1;8.647;35.8;27.8
2012;14.07.2012;16:40:39;1021.9;7.484;29.8;28.5
2012;14.07.2012;17:00:39;1021.8;8.058;33;28
2012;14.07.2012;17:20:39;1021.7;6.623;25.5;29.1
2012;14.07.2012;17:40:40;1021.6;6.291;24.8;28.7
2012;14.07.2012;18:00:40;1021.5;6.933;27.3;28.7
2012;14.07.2012;18:20:39;1021.4;7.19;28.3;28.7
2012;14.07.2012;18:40:39;1021.3;8.508;34;28.4
2012;14.07.2012;19:00:39;1021.3;7.536;29.3;28.9
2012;14.07.2012;19:20:43;1021.2;7.192;28.8;28.4
2012;14.07.2012;19:40:40;1021.2;7.613;31;28.1
2012;14.07.2012;20:00:40;1021.2;8.473;36.1;27.3
2012;14.07.2012;20:20:39;1021.1;6.078;25.1;27.9
2012;14.07.2012;20:40:39;1021.1;6.286;26.1;27.8
2012;14.07.2012;21:00:39;1021.1;7.581;33.7;26.6
2012;14.07.2012;21:20:39;1021.1;9.635;47.5;24.8
2012;14.07.2012;21:40:39;1021.2;8.431;42.4;24.5
2012;14.07.2012;22:00:40;1021.3;7.847;41.7;23.6
2012;14.07.2012;22:20:39;1021.4;7.91;45.2;22.4
2012;14.07.2012;22:40:39;1021.5;7.463;43.2;22.2
2012;14.07.2012;23:00:38;1021.6;7.703;45.4;21.9
2012;14.07.2012;23:20:39;1021.7;7.836;48.5;21.1
2012;14.07.2012;23:40:39;1021.8;7.483;45.5;21.4
2012;15.07.2012;00:00:41;1021.8;7.579;48.7;20.5
2012;15.07.2012;00:20:41;1022;7.437;48.4;20.3
2012;15.07.2012;00:40:40;1022.1;7.617;50.8;19.9
2012;15.07.2012;01:00:41;1022.1;7.354;50.3;19.5
2012;15.07.2012;01:20:39;1022.1;7.441;52.5;19
2012;15.07.2012;01:40:39;1022;7.445;52.2;19.1
2012;15.07.2012;02:00:41;1021.9;7.488;54.5;18.5
2012;15.07.2012;02:20:40;1021.8;7.876;58;18.3
2012;15.07.2012;02:40:41;1021.7;8.003;60.8;17.8
2012;15.07.2012;03:00:40;1021.5;7.869;61.7;17.3
2012;15.07.2012;03:20:40;1021.5;7.453;56.3;17.9
2012;15.07.2012;03:40:39;1021.3;7.486;59.1;17.2
2012;15.07.2012;04:00:39;1021.2;7.535;61;16.8
2012;15.07.2012;04:20:41;1021.2;7.334;56.1;17.7
2012;15.07.2012;04:40:40;1021.2;7.327;56.4;17.6
2012;15.07.2012;05:00:40;1021.1;7.411;57.4;17.5
2012;15.07.2012;05:20:39;1021.1;7.42;58.2;17.3
2012;15.07.2012;05:40:40;1021;7.517;59.7;17.1
2012;15.07.2012;06:00:39;1021;7.545;60.3;17
2012;15.07.2012;06:20:39;1021;7.589;63;16.4
2012;15.07.2012;06:40:43;1021;7.724;63.7;16.5
2012;15.07.2012;07:00:40;1021;7.932;65.4;16.5
2012;15.07.2012;07:20:39;1021.1;7.962;62;17.4
2012;15.07.2012;07:40:40;1021.2;8.679;64.2;18.2
2012;15.07.2012;08:00:39;1021.3;8.5;62.9;18.2
2012;15.07.2012;08:20:39;1021.4;9.189;67.5;18.3
2012;15.07.2012;08:40:39;1021.5;9.402;66.5;18.9
2012;15.07.2012;09:00:39;1021.6;9.215;64.8;19
2012;15.07.2012;09:20:39;1021.6;9.571;64.8;19.6
2012;15.07.2012;09:40:39;1021.6;9.356;62.2;19.9
2012;15.07.2012;10:00:39;1021.6;9.824;62.5;20.6
2012;15.07.2012;10:20:39;1021.6;10.143;64.1;20.7
2012;15.07.2012;10:40:39;1021.6;10.45;65.6;20.8
2012;15.07.2012;11:00:41;1021.5;10.417;64.2;21.1
2012;15.07.2012;11:20:40;1021.5;10.107;62.7;21
2012;15.07.2012;11:40:40;1021.5;10.369;64.3;21
2012;15.07.2012;12:00:39;1021.4;9.908;56.1;22.5
2012;15.07.2012;12:20:39;1021.4;8.475;47.8;22.6
2012;15.07.2012;12:40:39;1021.2;8.615;44.9;23.9
2012;15.07.2012;13:00:39;1021;8.932;46.8;23.8
2012;15.07.2012;13:20:40;1020.8;9.522;47.5;24.6
2012;15.07.2012;13:40:39;1020.6;9.334;45.2;25.1
2012;15.07.2012;14:00:40;1020.4;10.141;47.6;25.6
2012;15.07.2012;14:20:41;1020.2;11.943;54.9;25.9
2012;15.07.2012;14:40:39;1020;12.642;57.7;26
2012;15.07.2012;15:00:39;1019.8;13.528;60.2;26.4
2012;15.07.2012;15:20:39;1019.5;12.805;56.7;26.5
2012;15.07.2012;15:40:40;1019.3;12.653;55.7;26.6
2012;15.07.2012;16:00:41;1019.2;11.905;48.9;27.8
2012;15.07.2012;16:20:40;1019.1;11.429;45.1;28.5
2012;15.07.2012;17:00:39;1018.8;11.298;45.1;28.3
2012;15.07.2012;17:20:39;1018.6;10.522;36.2;30.9
2012;15.07.2012;17:40:39;1018.4;9.89;33.1;31.4
2012;15.07.2012;18:00:39;1018.3;8.646;28.5;31.7
2012;15.07.2012;18:20:39;1018.2;9.139;30.1;31.7
2012;15.07.2012;18:40:39;1018.2;10.112;34.6;31
2012;15.07.2012;19:00:39;1018.2;10.199;35.7;30.6
2012;15.07.2012;19:20:39;1018.3;10.252;36.3;30.4
2012;15.07.2012;19:40:39;1018.4;10.38;37.6;30
2012;15.07.2012;20:00:39;1018.5;10.578;39.2;29.6
2012;15.07.2012;20:20:39;1018.6;10.644;40.6;29.1
2012;15.07.2012;20:40:39;1018.7;10.723;42.1;28.6
2012;15.07.2012;21:00:39;1018.7;11.051;45.7;27.7
2012;15.07.2012;21:20:39;1018.9;10.899;46.7;27.1
2012;15.07.2012;21:40:39;1019;11.159;50.4;26.2
2012;15.07.2012;22:00:39;1019.2;10.717;49.9;25.7
2012;15.07.2012;22:20:39;1019.2;9.987;45.2;26.2
2012;15.07.2012;22:40:39;1019.3;9.882;45;26.1
2012;15.07.2012;23:00:39;1019.3;9.923;47.1;25.4
2012;15.07.2012;23:20:39;1019.3;9.96;48.7;24.9
2012;15.07.2012;23:40:40;1019.4;9.702;48.9;24.4
2012;16.07.2012;00:00:39;1019.4;9.396;47.1;24.5
2012;16.07.2012;00:20:39;1019.4;9.339;47.1;24.4
2012;16.07.2012;00:40:39;1019.4;9.322;47.3;24.3
2012;16.07.2012;01:00:39;1019.4;9.272;47.9;24
2012;16.07.2012;01:20:39;1019.3;9.197;47.8;23.9
2012;16.07.2012;01:40:39;1019.1;9.395;49.1;23.8
2012;16.07.2012;02:00:39;1019;10.188;54.8;23.3
2012;16.07.2012;02:20:39;1018.9;11.184;64.2;22.2
2012;16.07.2012;02:40:39;1018.8;11.432;66.8;21.9
2012;16.07.2012;03:00:39;1018.6;11.035;64.9;21.8
2012;16.07.2012;03:20:39;1018.4;10.57;62.2;21.8
2012;16.07.2012;03:40:39;1018.4;9.684;59.2;21.2
2012;16.07.2012;04:00:39;1018.4;9.66;58.7;21.3
2012;16.07.2012;04:20:38;1018.3;9.469;57.9;21.2
2012;16.07.2012;04:40:39;1018.2;10.32;66.6;20.3
2012;16.07.2012;05:00:39;1018;9.97;62.8;20.7
2012;16.07.2012;05:20:39;1018;10.18;64.5;20.6
2012;16.07.2012;05:40:39;1018;10.841;69.9;20.3
2012;16.07.2012;06:00:39;1018;10.707;68.2;20.5
2012;16.07.2012;06:20:39;1018.1;10.722;68.3;20.5
2012;16.07.2012;06:40:38;1018.1;10.661;67.5;20.6
2012;16.07.2012;07:00:39;1018.2;10.725;67.9;20.6
2012;16.07.2012;07:20:39;1018.1;10.585;64.6;21.2
2012;16.07.2012;07:40:39;1018.2;10.535;64.7;21.1
2012;16.07.2012;08:00:39;1018.3;10.834;65.7;21.3
2012;16.07.2012;08:20:39;1018.4;11.135;67.5;21.3
2012;16.07.2012;08:40:39;1018.4;10.775;63;21.9
2012;16.07.2012;09:00:38;1018.4;12.576;77;21.1
2012;16.07.2012;09:20:39;1018.4;12.525;75.3;21.4
2012;16.07.2012;09:40:39;1018.5;12.692;74.9;21.7
2012;16.07.2012;10:00:39;1018.5;12.824;75.2;21.8
2012;16.07.2012;10:20:39;1018.4;11.919;68.3;22.2
2012;16.07.2012;10:40:39;1018.3;12.127;67.8;22.6
2012;16.07.2012;11:00:39;1018.2;12.066;63.5;23.6
2012;16.07.2012;11:20:39;1018.2;10.436;54.4;23.8
2012;16.07.2012;11:40:39;1018.1;10.528;55.2;23.7
2012;16.07.2012;12:00:39;1018.1;11.275;57.3;24.2
2012;16.07.2012;12:20:38;1018.2;10.541;53;24.4
2012;16.07.2012;12:40:39;1018.3;10.193;51.9;24.2
2012;16.07.2012;13:00:39;1018.5;10.699;55.1;24
2012;16.07.2012;13:20:39;1018.8;10.01;50.1;24.5
2012;16.07.2012;14:00:39;1019;11.632;61.3;23.6
2012;16.07.2012;14:20:39;1019;12.254;66.5;23.1
2012;16.07.2012;14:40:39;1018.8;12.015;66.4;22.8
2012;16.07.2012;15:00:38;1018.8;12.049;65;23.2
2012;16.07.2012;15:20:39;1018.8;11.516;61.8;23.3
2012;16.07.2012;15:40:38;1019;12.161;66.8;22.9
2012;16.07.2012;16:00:38;1018.9;12.121;69.9;22.1
2012;16.07.2012;16:20:39;1018.8;13.328;78.6;21.7
2012;16.07.2012;16:40:39;1018.6;14.025;81.6;21.9
2012;16.07.2012;17:00:39;1018.6;13.939;78.2;22.5
2012;16.07.2012;17:20:39;1018.2;13.682;76.3;22.6
2012;16.07.2012;17:40:39;1018;13.681;74;23.1
2012;16.07.2012;18:00:39;1017.6;13.493;72.1;23.3
2012;16.07.2012;18:20:39;1017.6;14.146;74.6;23.5
2012;16.07.2012;18:40:39;1017.4;13.333;65.5;24.7
2012;16.07.2012;19:00:38;1017.2;13.519;68.4;24.2
2012;16.07.2012;19:40:39;1017;13.998;73.8;23.5
2012;16.07.2012;20:00:39;1017.1;13.834;73.4;23.4
2012;16.07.2012;20:40:39;1017.2;13.511;72.6;23.2
2012;16.07.2012;21:00:39;1017.3;13.878;77.3;22.6
2012;16.07.2012;21:20:38;1017.5;11.797;63.2;23.3
2012;16.07.2012;21:40:39;1017.7;11.547;61.9;23.3
2012;16.07.2012;22:00:39;1017.9;11.177;59.6;23.4
2012;16.07.2012;22:20:39;1018.1;11.09;60.6;23
2012;16.07.2012;22:40:38;1018.2;11.619;65.8;22.4
2012;16.07.2012;23:00:39;1018.3;11.952;68.9;22.1
2012;16.07.2012;23:20:38;1018.3;11.438;64.4;22.5
2012;16.07.2012;23:40:39;1018.3;12.757;74.8;21.8
2012;17.07.2012;00:00:39;1018.3;12.598;74.8;21.6
2012;17.07.2012;00:20:38;1018.3;12.418;73.3;21.7
2012;17.07.2012;00:40:39;1018.4;13.512;81.6;21.3
2012;17.07.2012;01:00:39;1018.4;13.645;82.9;21.2
2012;17.07.2012;01:20:39;1018.5;13.341;81.6;21.1
2012;17.07.2012;01:40:39;1018.6;12.091;74.1;21.1
2012;17.07.2012;02:00:39;1018.6;11.966;73.8;21
2012;17.07.2012;02:20:40;1018.5;11.841;74.4;20.7
2012;17.07.2012;02:40:39;1018.5;11.678;75.7;20.2
2012;17.07.2012;03:00:39;1018.5;11.749;77.1;20
2012;17.07.2012;03:20:39;1018.4;11.683;82.1;18.9
2012;17.07.2012;03:40:39;1018.4;11.672;79.5;19.4
2012;17.07.2012;04:00:39;1018.3;11.635;83.3;18.6
2012;17.07.2012;04:20:39;1018.3;11.6;80.5;19.1
2012;17.07.2012;04:40:39;1018.3;11.512;80.4;19
2012;17.07.2012;05:00:39;1018.2;11.664;83.5;18.6
2012;17.07.2012;05:20:39;1018.2;11.468;81.1;18.8
2012;17.07.2012;05:40:39;1018.2;11.57;81.3;18.9
2012;17.07.2012;06:00:38;1018.2;11.704;81.2;19.1
2012;17.07.2012;06:20:39;1018.2;11.673;81.5;19
2012;17.07.2012;06:40:38;1018.3;11.838;81.1;19.3
2012;17.07.2012;07:00:39;1018.3;11.732;79.4;19.5
2012;17.07.2012;07:20:38;1018.4;11.895;79;19.8
2012;17.07.2012;07:40:39;1018.5;12.046;79.5;19.9
2012;17.07.2012;08:00:39;1018.6;12.242;78.8;20.3
2012;17.07.2012;08:20:39;1018.7;12.051;77.6;20.3
2012;17.07.2012;08:40:39;1018.8;12.247;77.4;20.6
2012;17.07.2012;09:00:39;1018.8;12.653;77.5;21.1
2012;17.07.2012;09:20:39;1018.9;12.807;79.4;20.9
2012;17.07.2012;09:40:39;1019;12.824;77.1;21.4
2012;17.07.2012;10:00:38;1019;13.06;76.6;21.8
2012;17.07.2012;10:20:38;1019;13.15;74.8;22.3
2012;17.07.2012;10:40:38;1019;12.831;71.7;22.6
2012;17.07.2012;11:00:39;1018.9;12.886;70.7;22.9
2012;17.07.2012;11:20:39;1018.9;13.132;70.3;23.3
2012;17.07.2012;11:40:39;1018.9;13.27;70.6;23.4
2012;17.07.2012;12:00:39;1018.9;13.749;67.6;24.7
2012;17.07.2012;12:20:39;1018.9;13.6;68.5;24.3
2012;17.07.2012;12:40:39;1018.8;12.989;62.8;25
2012;17.07.2012;13:00:39;1018.7;13.779;64.2;25.6
2012;17.07.2012;13:20:38;1018.6;13.489;61.4;26
2012;17.07.2012;13:40:39;1018.5;13.235;59.2;26.3
2012;17.07.2012;14:00:39;1018.3;13.581;58.6;26.9
2012;17.07.2012;14:20:38;1018.2;13.374;58.4;26.7
2012;17.07.2012;14:40:39;1018.1;12.828;53.8;27.4
2012;17.07.2012;15:00:39;1018;13.042;56.3;26.9
2012;17.07.2012;15:20:39;1017.8;12.463;52.9;27.2
2012;17.07.2012;15:40:38;1017.6;12.545;51.7;27.7
2012;17.07.2012;16:00:39;1017.5;12.544;52.6;27.4
2012;17.07.2012;16:20:39;1017.3;11.841;49.7;27.4
2012;17.07.2012;16:40:39;1017.1;11.444;46.4;28
2012;17.07.2012;17:00:39;1017;12.652;52.1;27.7
2012;17.07.2012;17:20:38;1016.9;12.705;51.7;27.9
2012;17.07.2012;18:00:38;1016.5;11.696;47.1;28.1
2012;17.07.2012;18:40:39;1016.1;11.662;47.5;27.9
2012;17.07.2012;19:20:39;1015.9;11.478;47.3;27.7
2012;17.07.2012;19:40:39;1015.8;12.223;51.2;27.4
2012;17.07.2012;20:00:39;1015.8;12.622;55.7;26.5
2012;17.07.2012;20:20:40;1015.7;12.738;57.2;26.2
2012;17.07.2012;21:00:39;1015.6;10.669;47.5;26.4
2012;17.07.2012;22:00:39;1015.6;11.446;56.3;24.7
2012;17.07.2012;22:20:39;1015.5;9.849;47.7;25
2012;17.07.2012;22:40:39;1015.4;9.532;47.3;24.6
2012;17.07.2012;23:00:38;1015.4;9.625;50.1;23.8
2012;17.07.2012;23:20:38;1015.3;9.401;47.5;24.3
2012;17.07.2012;23:40:39;1015.3;9.724;49.7;24.1
2012;18.07.2012;00:00:39;1015.2;10.204;56.7;22.7
2012;18.07.2012;00:20:39;1015.2;10;57.3;22.2
2012;18.07.2012;00:40:38;1015.2;9.79;56.8;22
2012;18.07.2012;01:00:39;1015.1;10.439;60.5;22
2012;18.07.2012;01:20:39;1015;10.591;62.5;21.7
2012;18.07.2012;01:40:39;1014.9;10.339;63.7;21
2012;18.07.2012;02:00:39;1014.9;10.651;66.4;20.8
2012;18.07.2012;02:20:39;1014.9;11.128;68.9;20.9
2012;18.07.2012;02:40:39;1015.2;11.273;71.1;20.6
2012;18.07.2012;03:00:39;1015.3;10.549;70;19.8
2012;18.07.2012;03:20:39;1014.7;10.529;67.7;20.3
2012;18.07.2012;03:40:39;1014.5;10.39;66.4;20.4
2012;18.07.2012;04:00:39;1014.4;10.516;67.6;20.3
2012;18.07.2012;04:20:39;1014.2;10.934;71.1;20.1
2012;18.07.2012;04:40:39;1014.3;10.412;69.9;19.6
2012;18.07.2012;05:00:39;1014.2;10.708;71.4;19.7
2012;18.07.2012;05:20:39;1013.8;10.445;71.4;19.3
2012;18.07.2012;05:40:39;1013.4;10.239;68.7;19.6
2012;18.07.2012;06:00:38;1013.2;10.353;69;19.7
2012;18.07.2012;06:20:38;1013.4;11.68;77.7;19.7
2012;18.07.2012;06:40:39;1013.3;10.95;74.3;19.4
2012;18.07.2012;07:00:39;1013.1;11.271;76.9;19.3
2012;18.07.2012;07:20:40;1012.8;11.153;73.3;19.9
2012;18.07.2012;07:40:39;1012.6;11.097;70.7;20.4
2012;18.07.2012;08:00:39;1012.5;11.756;72.1;21
2012;18.07.2012;08:20:39;1013;12.286;77.2;20.6
2012;18.07.2012;08:40:39;1013.4;11.615;74;20.4
2012;18.07.2012;09:00:39;1013.5;11.573;70.2;21.2
2012;18.07.2012;09:20:39;1013.1;12.1;71.1;21.7
2012;18.07.2012;09:40:39;1012.9;12.175;67.7;22.6
2012;18.07.2012;10:00:40;1012.7;12.075;61.7;24
2012;18.07.2012;10:20:39;1012.6;11.84;57;25
2012;18.07.2012;10:40:39;1012.5;13.096;65.6;24.3
2012;18.07.2012;11:00:39;1012.4;12.837;65.1;24.1
2012;18.07.2012;11:20:41;1012.3;13.49;70;23.7
2012;18.07.2012;11:40:39;1012.3;12.918;65.5;24.1
2012;18.07.2012;12:00:39;1012.3;12.536;63.6;24.1
2012;18.07.2012;12:20:39;1012.2;12.183;61.1;24.3
2012;18.07.2012;12:40:40;1012.1;12.47;62.5;24.3
2012;18.07.2012;13:00:39;1011.9;13.175;62.5;25.2
2012;18.07.2012;13:20:39;1011.8;12.757;57.4;26.1
2012;18.07.2012;13:40:39;1011.6;12.15;52.5;26.8
2012;18.07.2012;14:20:39;1011;11.568;50;26.8
2012;18.07.2012;14:40:40;1010.9;13;57.4;26.4
2012;18.07.2012;15:00:39;1010.7;11.457;50.4;26.5
2012;18.07.2012;15:40:40;1011.7;12.512;70.3;22.4
2012;18.07.2012;16:00:39;1012.4;13.192;73.2;22.6
2012;18.07.2012;16:20:40;1012.8;13.094;63.3;24.9
2012;18.07.2012;16:40:39;1013;11.468;52.7;25.8
2012;18.07.2012;17:20:39;1013.5;12.803;65;24.1
2012;18.07.2012;18:00:40;1013.8;13.872;74.7;23.1
2012;18.07.2012;18:20:39;1014.8;11.744;81.2;19.1
2012;18.07.2012;18:40:39;1015.1;11.882;77.7;20
2012;18.07.2012;19:20:44;1014.8;11.047;78.4;18.7
2012;18.07.2012;19:40:39;1014.8;10.844;76.5;18.8
2012;18.07.2012;20:00:39;1014.2;10.679;69.9;20
2012;18.07.2012;20:20:41;1014.3;10.225;67.4;19.9
2012;18.07.2012;20:40:42;1014.5;10.878;77.2;18.7
2012;18.07.2012;21:20:39;1014.5;10.63;75;18.8
2012;18.07.2012;21:40:39;1014.9;10.193;71.1;19
2012;18.07.2012;22:00:39;1015.2;10.464;75.3;18.5
2012;18.07.2012;22:20:41;1015.7;10.575;76.6;18.4
2012;18.07.2012;22:40:39;1016;10.541;75.9;18.5
2012;18.07.2012;23:00:40;1016.1;10.709;77.1;18.5
2012;18.07.2012;23:20:39;1016.1;10.783;79.6;18.1
2012;18.07.2012;23:40:40;1016.3;10.599;77.3;18.3
2012;19.07.2012;00:00:39;1016.4;10.294;72.8;18.8
2012;19.07.2012;00:20:39;1016.3;10.122;69.4;19.3
2012;19.07.2012;00:40:40;1016.3;10.073;69.5;19.2
2012;19.07.2012;01:00:39;1016.2;10.04;69.7;19.1
2012;19.07.2012;01:20:40;1015.9;10.203;70.8;19.1
2012;19.07.2012;01:40:41;1015.9;10.062;69.4;19.2
2012;19.07.2012;02:00:41;1016;10.159;69.2;19.4
2012;19.07.2012;02:20:39;1016.2;10.429;75.6;18.4
2012;19.07.2012;02:40:40;1016.3;10.905;83.6;17.5
2012;19.07.2012;03:00:39;1016.4;11.105;86.2;17.3
2012;19.07.2012;03:20:39;1016.8;10.302;80.6;17.2
2012;19.07.2012;03:40:39;1016.9;9.835;79.5;16.7
2012;19.07.2012;04:00:39;1017.1;9.978;82.2;16.4
2012;19.07.2012;04:20:40;1017.2;9.845;79.6;16.7
2012;19.07.2012;04:40:39;1017.4;10.057;83.4;16.3
2012;19.07.2012;05:00:39;1017.5;10.144;85.2;16.1
2012;19.07.2012;05:20:39;1017.6;10.113;85.5;16
2012;19.07.2012;05:40:40;1017.7;10.201;84.6;16.3
2012;19.07.2012;06:00:38;1017.8;10.003;80.9;16.7
2012;19.07.2012;06:20:39;1018;9.837;77.6;17.1
2012;19.07.2012;06:40:42;1018.2;9.547;77.3;16.7
2012;19.07.2012;07:00:39;1018.4;9.397;76.6;16.6
2012;19.07.2012;07:20:42;1018.6;9.496;75;17.1
2012;19.07.2012;07:40:39;1018.8;9.677;71.3;18.2
2012;19.07.2012;08:00:40;1019;9.744;70.9;18.4
2012;19.07.2012;08:20:39;1019.2;9.693;71;18.3
2012;19.07.2012;08:40:40;1019.6;10.01;81.1;16.7
2012;19.07.2012;09:00:40;1019.9;10.463;84.2;16.8
2012;19.07.2012;09:20:39;1020.3;10.252;81;17.1
2012;19.07.2012;09:40:39;1020.4;10.135;79.6;17.2
2012;19.07.2012;10:00:39;1020.6;10.304;79.4;17.5
2012;19.07.2012;10:20:40;1020.8;10.299;77.4;17.9
2012;19.07.2012;10:40:39;1020.8;10.345;74.4;18.6
2012;19.07.2012;11:00:40;1020.9;10.449;70.6;19.6
2012;19.07.2012;11:20:39;1021.1;10.019;68.6;19.4
2012;19.07.2012;11:40:39;1021.3;9.834;69.5;18.9
2012;19.07.2012;12:00:39;1021.4;9.756;69.4;18.8
2012;19.07.2012;12:20:39;1021.5;10.032;66.2;20
2012;19.07.2012;12:40:40;1021.5;9.931;60.5;21.3
2012;19.07.2012;13:00:39;1021.6;9.692;59.8;21.1
2012;19.07.2012;13:20:39;1021.6;9.648;61.4;20.6
2012;19.07.2012;13:40:40;1021.7;9.516;59.1;21
2012;19.07.2012;14:00:39;1021.7;9.589;55;22.3
2012;19.07.2012;14:20:40;1021.8;9.296;55;21.8
2012;19.07.2012;15:00:39;1021.9;10.012;58.1;22.1
2012;19.07.2012;15:20:41;1022;9.979;53.2;23.5
2012;19.07.2012;15:40:40;1022.1;9.16;50.1;23.1
2012;19.07.2012;16:00:49;1022.2;9.04;47.7;23.7
2012;19.07.2012;16:20:40;1022.5;9.062;50.5;22.8
2012;19.07.2012;16:40:41;1022.6;9.415;51.5;23.1
2012;19.07.2012;17:00:40;1022.8;9.703;55.7;22.3
2012;19.07.2012;17:20:40;1023;9.773;58.2;21.7
2012;19.07.2012;17:40:39;1023.2;9.074;52.8;22.1
2012;19.07.2012;18:20:39;1023.4;9.031;51.3;22.5
2012;19.07.2012;18:40:39;1023.5;9.276;53;22.4
2012;19.07.2012;19:00:40;1023.6;8.902;50.9;22.4
2012;19.07.2012;19:20:40;1023.8;8.97;51.6;22.3
2012;19.07.2012;19:40:39;1023.9;9.036;52.3;22.2
2012;19.07.2012;20:00:39;1024.1;8.961;52.2;22.1
2012;19.07.2012;20:20:39;1024.3;8.897;52.8;21.8
2012;19.07.2012;20:40:39;1024.5;8.928;54.3;21.4
2012;19.07.2012;21:20:40;1024.8;9.151;58.1;20.7
2012;19.07.2012;21:40:40;1024.9;9.189;61.3;19.9
2012;19.07.2012;22:20:40;1025.3;8.545;57.8;19.7
2012;19.07.2012;22:40:39;1025.5;8.555;58.6;19.5
2012;19.07.2012;23:00:39;1025.8;8.789;62.1;19
2012;19.07.2012;23:20:41;1026;8.83;62.4;19
2012;19.07.2012;23:40:41;1026.1;8.7;61.5;19
2012;20.07.2012;00:00:39;1026.3;8.718;63.2;18.6
2012;20.07.2012;00:20:39;1026.4;8.923;68;17.8
2012;20.07.2012;00:40:39;1026.5;8.85;66.2;18.1
2012;20.07.2012;01:00:40;1026.6;8.791;66.6;17.9
2012;20.07.2012;01:20:39;1026.7;8.829;68.6;17.5
2012;20.07.2012;01:40:41;1026.8;8.816;66.8;17.9
2012;20.07.2012;02:00:39;1026.9;8.814;68.5;17.5
2012;20.07.2012;02:20:39;1026.9;8.657;67.3;17.5
2012;20.07.2012;02:40:40;1026.9;8.558;65.7;17.7
2012;20.07.2012;03:00:39;1026.9;8.543;66;17.6
2012;20.07.2012;03:20:39;1026.8;8.387;64;17.8
2012;20.07.2012;03:40:39;1026.8;8.386;64.8;17.6
2012;20.07.2012;04:00:40;1026.7;8.418;66.7;17.2
2012;20.07.2012;04:20:39;1026.6;8.481;69.8;16.6
2012;20.07.2012;04:40:40;1026.6;8.223;66;17
2012;20.07.2012;05:00:39;1026.5;7.832;63.3;16.9
2012;20.07.2012;05:20:39;1026.5;7.733;62.9;16.8
2012;20.07.2012;05:40:38;1026.4;7.684;62.9;16.7
2012;20.07.2012;06:00:39;1026.3;7.573;62.4;16.6
2012;20.07.2012;06:20:39;1026.2;7.598;62.2;16.7
2012;20.07.2012;06:40:39;1026.2;7.735;63.3;16.7
2012;20.07.2012;07:00:39;1026.2;7.91;63.9;16.9
2012;20.07.2012;07:20:40;1026.2;7.936;63.3;17.1
2012;20.07.2012;07:40:39;1026.3;7.998;62.6;17.4
2012;20.07.2012;08:00:39;1026.3;8.193;62.9;17.7
2012;20.07.2012;08:20:40;1026.4;7.849;57.7;18.4
2012;20.07.2012;08:40:39;1026.4;7.731;55.1;18.9
2012;20.07.2012;09:00:39;1026.4;8.453;61.7;18.5
2012;20.07.2012;09:20:40;1026.5;6.831;46.1;19.8
2012;20.07.2012;09:40:39;1026.4;6.965;45;20.5
2012;20.07.2012;10:00:39;1026.3;7.107;45.9;20.5
2012;20.07.2012;10:20:39;1026.2;7.311;47.2;20.5
2012;20.07.2012;10:40:39;1026.1;7.402;46.9;20.8
2012;20.07.2012;11:00:39;1026;7.98;50.2;20.9
2012;20.07.2012;11:20:40;1025.8;7.788;48.7;21
2012;20.07.2012;11:40:41;1025.7;8.467;51.6;21.4
2012;20.07.2012;12:00:39;1025.6;8.392;49.6;21.9
2012;20.07.2012;12:20:39;1025.5;8.098;47.3;22.1
2012;20.07.2012;13:00:40;1025.1;7.907;44.8;22.6
2012;20.07.2012;13:20:39;1025;8.047;45.3;22.7
2012;20.07.2012;13:40:39;1024.9;8.415;45.1;23.5
2012;20.07.2012;14:00:39;1024.7;8.323;45.7;23.1
2012;20.07.2012;14:20:39;1024.5;7.861;41.9;23.6
2012;20.07.2012;14:40:39;1024.3;7.927;40.5;24.3
2012;20.07.2012;15:00:39;1024.1;7.95;41.6;23.9
2012;20.07.2012;15:20:39;1024;7.842;40.3;24.2
2012;20.07.2012;15:40:40;1023.9;7.873;39.5;24.6
2012;20.07.2012;16:00:39;1023.8;8.198;42.1;24.2
2012;20.07.2012;16:20:39;1023.8;7.903;40.6;24.2
2012;20.07.2012;16:40:39;1023.7;7.751;40.8;23.8
2012;20.07.2012;17:00:39;1023.7;7.71;40.1;24
2012;20.07.2012;17:20:39;1023.6;7.78;40.7;23.9
2012;20.07.2012;17:40:39;1023.6;7.858;41.6;23.7
2012;20.07.2012;18:00:41;1023.6;7.952;42.6;23.5
2012;20.07.2012;18:20:39;1023.6;7.678;41.9;23.2
2012;20.07.2012;18:40:40;1023.7;7.881;43;23.2
2012;20.07.2012;19:00:38;1023.7;7.861;45.3;22.3
2012;20.07.2012;19:20:41;1023.7;7.773;45.9;21.9
2012;20.07.2012;19:40:38;1023.7;8.051;48.4;21.6
2012;20.07.2012;20:00:39;1023.7;7.95;48.1;21.5
2012;20.07.2012;20:20:40;1023.7;7.836;48;21.3
2012;20.07.2012;20:40:39;1023.7;7.87;48.8;21.1
2012;20.07.2012;21:00:39;1023.7;7.757;48.7;20.9
2012;20.07.2012;21:20:39;1023.6;7.934;49.8;20.9
2012;20.07.2012;21:40:39;1023.8;7.976;51;20.6
2012;20.07.2012;22:00:39;1023.9;7.753;49.9;20.5
2012;20.07.2012;22:20:39;1023.9;7.595;49.2;20.4
2012;20.07.2012;22:40:39;1024;7.718;50.3;20.3
2012;20.07.2012;23:00:39;1023.9;7.67;50.3;20.2
2012;20.07.2012;23:20:39;1023.9;7.778;51;20.2
2012;20.07.2012;23:40:39;1023.7;7.61;49.9;20.2
2012;21.07.2012;00:00:41;1023.7;7.656;50.2;20.2
2012;21.07.2012;00:20:39;1023.6;8.497;58.1;19.5
2012;21.07.2012;00:40:39;1023.5;8.544;61.4;18.7
2012;21.07.2012;01:00:39;1023.5;8.425;59.8;18.9
2012;21.07.2012;01:20:40;1023.4;8.249;58.2;19
2012;21.07.2012;01:40:40;1023.3;8.293;58.5;19
2012;21.07.2012;02:00:39;1023.1;8.254;57.5;19.2
2012;21.07.2012;02:20:40;1023.2;8.885;63.8;18.7
2012;21.07.2012;02:40:39;1023.6;9.424;82.3;15.6
2012;21.07.2012;03:00:39;1023.9;9.778;87.6;15.2
2012;21.07.2012;03:20:40;1024.1;9.359;86.1;14.8
2012;21.07.2012;03:40:38;1024.2;9.057;85;14.5
2012;21.07.2012;04:00:39;1024.2;9.106;87.7;14.1
2012;21.07.2012;04:20:40;1024.3;9.229;88.3;14.2
2012;21.07.2012;04:40:40;1024.2;9.306;89.6;14.1
2012;21.07.2012;05:00:39;1024.2;9.313;88.5;14.3
2012;21.07.2012;05:20:39;1024.1;9.231;88.3;14.2
2012;21.07.2012;05:40:39;1023.9;8.909;84.7;14.3
2012;21.07.2012;06:00:39;1023.9;8.841;84.6;14.2
2012;21.07.2012;06:20:39;1023.8;8.66;81.3;14.5
2012;21.07.2012;06:40:39;1023.9;8.544;81.8;14.2
2012;21.07.2012;07:00:39;1023.9;8.875;81.7;14.8
2012;21.07.2012;07:20:43;1024;8.806;81.6;14.7
2012;21.07.2012;07:40:39;1024;8.941;82.3;14.8
2012;21.07.2012;08:00:39;1024;8.951;80.3;15.2
2012;21.07.2012;08:20:39;1023.9;8.942;79.7;15.3
2012;21.07.2012;08:40:46;1024;8.944;77.7;15.7
2012;21.07.2012;09:00:41;1023.9;9.096;78;15.9
2012;21.07.2012;09:20:39;1023.8;9.203;76.9;16.3
2012;21.07.2012;09:40:39;1023.7;9.142;74;16.8
2012;21.07.2012;10:00:39;1023.5;8.983;71.8;17
2012;21.07.2012;10:20:39;1023.4;8.309;63.6;17.7
2012;21.07.2012;10:40:39;1023.3;8.47;62.8;18.2
2012;21.07.2012;11:00:39;1023.1;8.677;63.1;18.5
2012;21.07.2012;11:20:39;1022.9;8.325;58.7;19
2012;21.07.2012;11:40:39;1022.8;8.45;58.1;19.4
2012;21.07.2012;13:00:39;1021.6;8.38;51.5;21.2
2012;21.07.2012;13:20:39;1021.3;8.8;52.4;21.7
2012;21.07.2012;13:40:40;1021.1;8.474;54;20.6
2012;21.07.2012;14:00:39;1020.9;8.439;51.5;21.3
2012;21.07.2012;14:40:39;1020.4;8.593;49.3;22.3
2012;21.07.2012;15:00:39;1020.2;8.595;49;22.4
2012;21.07.2012;15:20:39;1019.9;8.685;48.6;22.7
2012;21.07.2012;15:40:41;1019.7;8.372;48.9;22
2012;21.07.2012;16:20:39;1019.3;8.739;47.7;23.1
2012;21.07.2012;16:40:40;1019.1;8.406;45.9;23.1
2012;21.07.2012;17:00:40;1019;8.619;47.9;22.8
2012;21.07.2012;17:20:41;1018.8;8.797;47.7;23.2
2012;21.07.2012;17:40:39;1018.7;8.596;46.9;23.1
2012;21.07.2012;18:00:41;1018.5;7.954;42.4;23.5
2012;21.07.2012;18:20:41;1018.3;7.821;42.2;23.3
2012;21.07.2012;18:40:40;1018.2;7.747;41.8;23.3
2012;21.07.2012;19:00:39;1018.2;7.41;40;23.3
2012;21.07.2012;19:20:39;1018.2;7.615;42.1;22.9
2012;21.07.2012;19:40:39;1018.2;7.77;44;22.5
2012;21.07.2012;20:00:39;1018.1;8.011;44.8;22.7
2012;21.07.2012;21:00:40;1018.3;7.895;48.1;21.3
2012;21.07.2012;21:20:39;1018.3;7.96;49.7;20.9
2012;21.07.2012;21:40:39;1018.4;7.901;51.2;20.3
2012;21.07.2012;22:00:39;1018.6;7.974;54.3;19.5
2012;21.07.2012;22:20:39;1018.7;8.159;55.9;19.4
2012;21.07.2012;22:40:39;1018.7;8.188;56.8;19.2
2012;21.07.2012;23:00:41;1018.8;8.166;56.3;19.3
2012;21.07.2012;23:20:40;1018.8;8.107;55.9;19.3
2012;21.07.2012;23:40:39;1018.8;8.099;56.9;19
2012;22.07.2012;00:00:39;1018.7;8.186;57.5;19
2012;22.07.2012;00:20:41;1018.7;8.259;59.1;18.7
2012;22.07.2012;00:40:41;1018.6;8.253;59.8;18.5
2012;22.07.2012;01:00:39;1018.6;8.05;56.9;18.9
2012;22.07.2012;01:20:39;1018.5;8.028;57.1;18.8
2012;22.07.2012;01:40:39;1018.4;7.962;57.7;18.5
2012;22.07.2012;02:00:41;1018.3;8.158;60.6;18.1
2012;22.07.2012;02:20:40;1018.2;8.175;61.1;18
2012;22.07.2012;02:40:39;1018.1;8.173;60.7;18.1
2012;22.07.2012;03:00:39;1018;8.261;63.3;17.6
2012;22.07.2012;03:20:40;1017.9;8.38;64.6;17.5
2012;22.07.2012;03:40:39;1017.7;8.276;63;17.7
2012;22.07.2012;04:00:39;1017.6;8.355;64.8;17.4
2012;22.07.2012;04:20:39;1017.4;8.292;63.9;17.5
2012;22.07.2012;04:40:40;1017.3;8.226;64.2;17.3
2012;22.07.2012;05:00:39;1017.2;8.328;65.8;17.1
2012;22.07.2012;05:20:39;1017;8.047;63.6;17.1
2012;22.07.2012;05:40:39;1016.9;8.035;63.1;17.2
2012;22.07.2012;06:00:41;1016.7;8.036;63.1;17.2
2012;22.07.2012;06:20:40;1016.7;8.101;62.8;17.4
2012;22.07.2012;06:40:39;1016.6;8.163;65.3;16.9
2012;22.07.2012;07:20:39;1016.5;8.322;65.3;17.2
2012;22.07.2012;07:40:40;1016.3;8.431;65.3;17.4
2012;22.07.2012;08:00:39;1016.2;8.235;62.6;17.7
2012;22.07.2012;08:20:39;1016.2;8.31;61.2;18.2
2012;22.07.2012;08:40:40;1016.2;8.337;59.5;18.7
2012;22.07.2012;09:00:40;1016.2;8.916;65.6;18.2
2012;22.07.2012;09:20:39;1016.2;8.961;63.9;18.7
2012;22.07.2012;09:40:39;1016.3;8.56;59.2;19.2
2012;22.07.2012;10:00:39;1016.2;8.343;55.6;19.8
2012;22.07.2012;10:20:39;1016.1;8.393;54.9;20.1
2012;22.07.2012;10:40:39;1016.1;7.929;51.9;20.1
2012;22.07.2012;11:00:39;1016;7.729;50.6;20.1
2012;22.07.2012;11:20:39;1016;7.893;50.4;20.5
2012;22.07.2012;11:40:39;1016;8.049;51.7;20.4
2012;22.07.2012;12:00:42;1015.9;8.602;59.1;19.3
2012;22.07.2012;12:20:40;1015.8;8.72;57.7;19.9
2012;22.07.2012;12:40:39;1015.8;8.737;57.1;20.1
2012;22.07.2012;13:00:40;1015.8;8.823;59.1;19.7
2012;22.07.2012;13:20:39;1015.7;8.556;54.9;20.4
2012;22.07.2012;13:40:39;1015.6;8.712;53.2;21.2
2012;22.07.2012;14:20:39;1015.6;8.521;54;20.6
2012;22.07.2012;14:40:39;1015.4;8.701;55.8;20.4
2012;22.07.2012;15:00:40;1015.3;8.581;53.7;20.8
2012;22.07.2012;15:20:39;1015.3;8.667;54.9;20.6
2012;22.07.2012;15:40:40;1015.2;8.476;53.7;20.6
2012;22.07.2012;16:00:39;1015.2;8.494;52.5;21
2012;22.07.2012;16:20:39;1015.1;8.442;52.5;20.9
2012;22.07.2012;17:00:40;1014.9;8.389;50.9;21.3
2012;22.07.2012;17:20:39;1014.8;8.497;52.5;21
2012;22.07.2012;17:40:40;1014.7;8.204;50.4;21.1
2012;22.07.2012;18:00:39;1014.6;8.871;54.1;21.2
2012;22.07.2012;18:20:39;1014.5;8.381;52.1;20.9
2012;22.07.2012;18:40:39;1014.5;8.394;52.5;20.8
2012;22.07.2012;19:00:39;1014.5;8.338;52.8;20.6
2012;22.07.2012;19:20:39;1014.5;7.889;50.3;20.5
2012;22.07.2012;19:40:39;1014.5;7.524;48.6;20.3
2012;22.07.2012;20:00:39;1014.7;7.537;49.6;20
2012;22.07.2012;20:20:39;1014.9;7.319;48.8;19.8
2012;22.07.2012;20:40:38;1015.1;7.39;50.2;19.5
2012;22.07.2012;21:20:39;1015.4;7.592;53.2;19
2012;22.07.2012;21:40:40;1015.6;7.66;54.7;18.7
2012;22.07.2012;22:00:40;1015.7;7.681;55.2;18.6
2012;22.07.2012;22:40:39;1015.8;7.55;56;18.1
2012;22.07.2012;23:00:39;1015.8;7.421;55.4;18
2012;22.07.2012;23:20:39;1015.8;7.495;56.3;17.9
2012;22.07.2012;23:40:39;1015.7;7.616;59.4;17.3
2012;23.07.2012;00:00:40;1015.7;7.642;59.6;17.3
2012;23.07.2012;00:20:39;1015.7;7.655;59.7;17.3
2012;23.07.2012;00:40:39;1015.6;7.583;58.4;17.5
2012;23.07.2012;01:00:39;1015.5;7.57;58.3;17.5
2012;23.07.2012;01:20:39;1015.5;7.828;61.8;17.1
2012;23.07.2012;01:40:39;1015.4;7.688;60.7;17.1
2012;23.07.2012;02:00:39;1015.4;7.598;60;17.1
2012;23.07.2012;02:20:39;1015.3;7.547;59.6;17.1
2012;23.07.2012;02:40:39;1015.2;7.869;64.1;16.6
2012;23.07.2012;03:00:39;1015;8.248;68;16.4
2012;23.07.2012;03:20:39;1014.8;8.014;66.5;16.3
2012;23.07.2012;03:40:39;1014.7;7.97;65.3;16.5
2012;23.07.2012;04:00:39;1014.6;7.942;65.9;16.3
2012;23.07.2012;04:20:38;1014.4;8.066;68.2;16
2012;23.07.2012;04:40:39;1014.3;7.98;67.9;15.9
2012;23.07.2012;05:00:39;1014.3;8.03;69.2;15.7
2012;23.07.2012;05:20:39;1014.3;8.129;71.4;15.4
2012;23.07.2012;05:40:38;1014.2;8.077;70.5;15.5
2012;23.07.2012;06:00:39;1014.2;8.083;70.1;15.6
2012;23.07.2012;06:20:38;1014.2;8.089;70.6;15.5
2012;23.07.2012;06:40:39;1014.2;8.043;70.2;15.5
2012;23.07.2012;07:00:39;1014.1;8.192;72.4;15.3
2012;23.07.2012;07:20:39;1014;8.231;73.2;15.2
2012;23.07.2012;07:40:39;1014;8.096;69.3;15.8
2012;23.07.2012;08:00:39;1013.9;8.425;70.7;16.1
2012;23.07.2012;08:20:39;1013.9;8.449;70;16.3
2012;23.07.2012;08:40:39;1013.9;8.657;69.9;16.7
2012;23.07.2012;09:00:39;1014;8.685;68.8;17
2012;23.07.2012;09:20:38;1014;8.71;67.7;17.3
2012;23.07.2012;09:40:39;1013.9;8.737;65.8;17.8
2012;23.07.2012;10:00:39;1013.9;8.765;66;17.8
2012;23.07.2012;10:20:39;1013.8;8.94;64.4;18.5
2012;23.07.2012;10:40:39;1013.9;8.799;64.2;18.3
2012;23.07.2012;11:00:39;1013.9;8.939;64.8;18.4
2012;23.07.2012;11:20:39;1013.8;9.081;65.4;18.5
2012;23.07.2012;12:00:39;1013.8;8.969;63.4;18.8
2012;23.07.2012;12:20:39;1013.7;8.85;59.9;19.5
2012;23.07.2012;12:40:38;1013.6;8.387;56.1;19.7
2012;23.07.2012;13:00:39;1013.6;8.717;57.2;20
2012;23.07.2012;13:40:38;1013.4;9.001;58.3;20.2
2012;23.07.2012;14:00:38;1013.4;9.216;56.8;21
2012;23.07.2012;14:20:39;1013.4;9.324;57.1;21.1
2012;23.07.2012;14:40:39;1013.3;9.53;58.7;21
2012;23.07.2012;15:00:39;1013.3;9.499;57.8;21.2
2012;23.07.2012;15:20:39;1013.3;9.635;57.9;21.4
2012;23.07.2012;15:40:39;1013.2;9.826;56.9;22
2012;23.07.2012;16:00:39;1013.2;9.399;53.8;22.2
2012;23.07.2012;16:20:39;1013.1;9.529;55.2;22
2012;23.07.2012;16:40:38;1013;9.413;54.2;22.1
2012;23.07.2012;17:00:39;1013;9.454;54.1;22.2
2012;25.07.2012;19:20:39;1012.6;12.544;92.6;18
2012;25.07.2012;19:40:39;1013;12.42;92.9;17.8
2012;25.07.2012;20:00:39;1013.1;12.671;92.4;18.2
2012;25.07.2012;20:20:39;1013.2;12.754;93;18.2
2012;25.07.2012;20:40:38;1013.2;12.649;91.1;18.4
2012;25.07.2012;21:00:39;1013;12.641;91.6;18.3
2012;26.07.2012;06:00:39;1014.7;10.391;79.6;17.5
2012;26.07.2012;06:20:39;1014.7;10.524;80.6;17.5
2012;26.07.2012;06:40:40;1014.8;10.671;81.2;17.6
2012;26.07.2012;07:00:39;1014.8;10.709;82;17.5
2012;26.07.2012;07:20:39;1014.9;10.619;79.3;17.9
2012;26.07.2012;07:40:39;1014.9;10.672;80.2;17.8
2012;26.07.2012;08:00:39;1015;10.767;79.9;18
2012;26.07.2012;08:20:39;1015.2;10.765;78.4;18.3
2012;26.07.2012;08:40:41;1015.3;10.607;74.9;18.8
2012;26.07.2012;09:00:39;1015.4;10.796;76.7;18.7
2012;26.07.2012;09:40:41;1015.6;10.812;75.4;19
2012;26.07.2012;10:20:39;1015.6;11.333;75.6;19.7
2012;26.07.2012;10:40:39;1015.6;10.949;74;19.5
2012;27.07.2012;17:40:39;1013.7;9.584;34.6;30
2012;27.07.2012;18:00:39;1013.6;11.155;40.4;29.9
2012;27.07.2012;18:20:39;1013.5;11.067;39.4;30.2
2012;27.07.2012;18:40:41;1013.4;10.315;37.4;29.9
2012;27.07.2012;19:00:40;1013.4;8.251;29.5;30.2
2012;27.07.2012;19:20:41;1013.3;8.477;31;29.8
2012;27.07.2012;19:40:41;1013.3;8.62;30.8;30.2
2012;27.07.2012;20:00:39;1013.4;8.548;30.9;30
2012;27.07.2012;20:20:39;1013.3;9.972;36.8;29.6
2012;27.07.2012;20:40:40;1013.3;10.969;41.6;29.1
2012;27.07.2012;21:00:41;1013.3;11.472;45.8;28.2
2012;27.07.2012;21:20:41;1013.3;11.468;49.4;26.9
2012;27.07.2012;21:40:40;1013.3;11.333;49.7;26.6
2012;27.07.2012;22:00:39;1013.3;10.908;49.3;26.1
2012;27.07.2012;22:20:39;1013.3;10.91;49.9;25.9
2012;27.07.2012;22:40:39;1013.4;11.015;52.2;25.3
2012;27.07.2012;23:00:40;1013.5;11.952;56.9;25.2
2012;27.07.2012;23:20:40;1013.7;12.682;61.4;24.9
2012;27.07.2012;23:40:40;1013.8;11.524;59;24
2012;28.07.2012;00:00:39;1013.9;11.191;59.8;23.3
2012;28.07.2012;00:20:39;1014;10.981;58.7;23.3
2012;28.07.2012;00:40:39;1014.1;10.99;58.4;23.4
2012;28.07.2012;01:00:39;1014.2;10.901;59;23.1
2012;28.07.2012;01:20:40;1014.2;10.89;59.3;23
2012;28.07.2012;01:40:40;1014.2;11.292;65.3;22
2012;28.07.2012;02:00:41;1014.3;11.273;66.4;21.7
2012;28.07.2012;02:20:40;1014.3;10.911;65.1;21.5
2012;28.07.2012;02:40:39;1014.3;11.047;65.1;21.7
2012;28.07.2012;03:00:39;1014.4;10.859;65.6;21.3
2012;28.07.2012;03:20:40;1014.5;10.909;65.5;21.4
2012;28.07.2012;03:40:39;1014.5;11.265;67.6;21.4
2012;28.07.2012;04:00:39;1014.6;11.281;67.7;21.4
2012;28.07.2012;04:20:38;1014.5;10.959;66.2;21.3
2012;28.07.2012;04:40:39;1014.4;10.617;67.4;20.5
2012;28.07.2012;05:00:39;1014.4;10.751;67.4;20.7
2012;28.07.2012;05:20:38;1014.6;11.068;71.1;20.3
2012;28.07.2012;05:40:38;1015;10.944;72.1;19.9
2012;28.07.2012;06:00:42;1015.5;10.695;72.3;19.5
2012;28.07.2012;06:20:40;1015.9;10.769;70.6;20
2012;28.07.2012;06:40:39;1016.3;10.913;69.8;20.4
2012;28.07.2012;07:00:39;1016.4;11.016;67.9;21
2012;28.07.2012;07:20:39;1016.5;10.849;63.7;21.8
2012;28.07.2012;07:40:40;1016.6;10.841;61;22.5
2012;28.07.2012;08:00:40;1016.7;11.21;59.7;23.4
2012;28.07.2012;08:20:39;1016.8;13.133;75;22.2
2012;28.07.2012;08:40:40;1017;13.542;77.3;22.2
2012;28.07.2012;09:00:39;1017.1;13.433;76.7;22.2
2012;28.07.2012;09:20:39;1017.1;13.207;72.3;22.9
2012;28.07.2012;09:40:40;1017.1;13.319;70.3;23.5
2012;28.07.2012;10:00:39;1017;12.741;66.5;23.7
2012;28.07.2012;10:20:39;1017;12.775;64.7;24.2
2012;28.07.2012;10:40:39;1017;11.792;59.1;24.4
2012;28.07.2012;11:00:40;1016.9;13.504;67.9;24.3
2012;28.07.2012;11:20:39;1016.9;12.73;63.7;24.4
2012;28.07.2012;11:40:39;1016.8;12.063;57.6;25.2
2012;28.07.2012;12:00:39;1016.6;11.007;50.5;25.9
2012;28.07.2012;12:20:39;1016.6;10.741;46.2;27
2012;28.07.2012;12:40:39;1016.5;10.867;47;26.9
2012;28.07.2012;13:00:39;1016.3;10.571;43.9;27.6
2012;28.07.2012;13:20:40;1016.1;10.784;44.5;27.7
2012;28.07.2012;13:40:39;1016;10.478;43;27.8
2012;28.07.2012;14:00:39;1015.9;10.763;40.7;29.2
2012;28.07.2012;14:20:39;1015.7;11.466;43.3;29.2
2012;28.07.2012;14:40:39;1015.6;12.244;44.1;30
2012;28.07.2012;15:00:39;1015.4;12.172;42.6;30.5
2012;28.07.2012;15:20:39;1015.3;12.271;40.1;31.7
2012;28.07.2012;16:00:39;1015.1;12.47;40.5;31.8
2012;28.07.2012;16:20:39;1015;11.795;37.7;32.1
2012;28.07.2012;16:40:39;1014.9;11.907;37.2;32.5
2012;28.07.2012;17:00:41;1014.9;12.332;38.5;32.5
2012;28.07.2012;17:20:40;1014.8;11.916;36.6;32.8
2012;28.07.2012;17:40:39;1014.7;12.312;38;32.7
2012;28.07.2012;18:00:40;1014.6;10.881;32;33.6
2012;28.07.2012;18:20:39;1014.6;12.89;38;33.5
2012;28.07.2012;18:40:39;1014.6;12.751;37.6;33.5
2012;28.07.2012;19:00:39;1014.6;12.734;38.4;33.1
2012;28.07.2012;19:20:39;1014.5;12.585;38.6;32.8
2012;28.07.2012;19:40:39;1014.4;12.048;37.4;32.6
2012;28.07.2012;20:00:39;1014.3;13.203;42.8;31.8
2012;28.07.2012;20:20:39;1014.4;15.691;55.5;30.2
2012;28.07.2012;20:40:39;1014.5;15.821;56.6;30
2012;28.07.2012;21:00:39;1014.6;15.731;62.1;28.3
2012;28.07.2012;21:20:40;1014.7;15.404;60.5;28.4
2012;28.07.2012;21:40:39;1014.8;14.943;61.9;27.5
2012;28.07.2012;22:00:40;1014.9;13.984;58.7;27.3
2012;28.07.2012;22:20:39;1015;13.544;56.9;27.3
2012;28.07.2012;22:40:39;1015.2;14.09;60.2;27
2012;28.07.2012;23:00:39;1015.2;14.054;63.7;26
2012;28.07.2012;23:20:39;1015.3;13.472;59.7;26.4
2012;28.07.2012;23:40:40;1015.5;15.111;68.8;25.9
2012;29.07.2012;00:00:41;1015.4;14.484;68.4;25.3
2012;29.07.2012;00:20:39;1015.3;14.224;68;25.1
2012;29.07.2012;00:40:39;1015.2;14.246;68.5;25
2012;29.07.2012;01:00:41;1015.2;14.422;71;24.6
2012;29.07.2012;01:20:39;1015.1;14.14;70.9;24.3
2012;29.07.2012;01:40:39;1015.2;13.861;68.3;24.6
2012;29.07.2012;02:00:39;1015.1;13.103;67;24
2012;29.07.2012;02:20:40;1015;12.98;70.5;23
2012;29.07.2012;02:40:41;1014.9;13.102;68.2;23.7
2012;29.07.2012;03:00:41;1014.8;12.958;72.1;22.6
2012;29.07.2012;03:20:39;1014.9;12.483;69.1;22.7
2012;29.07.2012;03:40:39;1015.6;12.703;71.2;22.5
2012;29.07.2012;04:00:39;1016.2;13.358;71.3;23.3
2012;29.07.2012;04:20:39;1016.4;13.249;71.6;23.1
2012;29.07.2012;04:40:39;1016.5;12.95;69.6;23.2
2012;29.07.2012;05:00:39;1016.5;12.268;62.9;24
2012;29.07.2012;05:20:39;1016.4;11.938;61.6;23.9
2012;29.07.2012;05:40:39;1016.3;11.93;62.3;23.7
2012;29.07.2012;06:00:39;1016.4;12.186;64;23.6
2012;29.07.2012;06:20:38;1016.5;12.549;67.9;23.1
2012;29.07.2012;06:40:39;1016.7;12.49;67.6;23.1
2012;29.07.2012;07:00:39;1016.8;12.505;68.1;23
2012;29.07.2012;07:20:39;1017;12.431;65.7;23.5
2012;29.07.2012;07:40:41;1016.9;12.684;66.6;23.6
2012;29.07.2012;08:00:39;1016.9;12.668;63.4;24.4
2012;29.07.2012;08:20:39;1016.8;13.298;68.5;23.9
2012;29.07.2012;08:40:39;1016.6;15.004;78;23.7
2012;29.07.2012;09:00:39;1016.5;15.854;83.3;23.5
2012;29.07.2012;09:40:39;1016.6;15.655;81.3;23.7
2012;29.07.2012;10:20:39;1016.5;14.467;72.6;24.3
2012;29.07.2012;10:40:39;1016.5;12.92;62.7;24.9
2012;29.07.2012;11:00:40;1016.2;13.611;64.8;25.2
2012;29.07.2012;11:40:39;1016;13.246;61.6;25.6
2012;29.07.2012;12:20:39;1015.8;13.276;61;25.8
2012;29.07.2012;12:40:39;1015.7;13.191;58.5;26.4
2012;29.07.2012;13:00:39;1015.5;13.783;60.7;26.5
2012;29.07.2012;14:00:40;1015.1;14.567;59;27.9
2012;29.07.2012;14:20:39;1015;13.862;56.2;27.9
2012;29.07.2012;14:40:39;1014.8;13.796;55.6;28
2012;29.07.2012;15:00:39;1014.6;13.453;53.3;28.3
2012;29.07.2012;15:20:41;1014.5;13.521;54.5;28
2012;29.07.2012;15:40:40;1014.2;13.82;54.7;28.3
2012;29.07.2012;16:00:39;1013.9;14.879;58.1;28.5
2012;29.07.2012;16:20:41;1013.8;14.762;59;28.1
2012;29.07.2012;16:40:39;1013.6;14.981;60.9;27.8
2012;29.07.2012;17:00:39;1013.5;15.722;66.5;27.1
2012;29.07.2012;17:20:39;1013.3;14.772;62.2;27.2
2012;29.07.2012;17:40:39;1013.4;15.633;68.1;26.6
2012;29.07.2012;18:00:39;1014.1;13.596;61.6;26
2012;29.07.2012;18:20:39;1014.2;13.209;72.1;22.9
2012;29.07.2012;18:40:39;1013.4;12.036;64.2;23.3
2012;29.07.2012;19:00:39;1013;11.533;57.6;24.4
2012;29.07.2012;19:20:39;1013.7;11.576;58.9;24.1
2012;29.07.2012;19:40:38;1014.8;10.634;53.6;24.3
2012;29.07.2012;20:00:39;1015.3;10.105;51;24.3
2012;29.07.2012;20:20:39;1015.6;10.39;58.8;22.4
2012;29.07.2012;20:40:39;1015.9;10.614;60.8;22.2
2012;29.07.2012;21:00:39;1016.3;10.741;62.3;22
2012;29.07.2012;21:20:39;1016.6;10.658;62.6;21.8
2012;29.07.2012;21:40:38;1016.8;10.789;62.6;22
2012;29.07.2012;22:00:39;1017.2;10.687;62.8;21.8
2012;29.07.2012;22:20:39;1017.2;10.694;65.2;21.2
2012;29.07.2012;22:40:39;1017.6;10.791;65.4;21.3
2012;29.07.2012;23:00:38;1018.1;10.751;64.8;21.4
2012;29.07.2012;23:20:38;1018.7;10.929;66.7;21.2
2012;29.07.2012;23:40:39;1019.1;10.866;68;20.8
2012;30.07.2012;00:00:40;1019.4;10.836;66.6;21.1
2012;30.07.2012;00:20:39;1019.5;10.587;64.7;21.2
2012;30.07.2012;00:40:39;1019.3;11.136;72.3;20.2
2012;30.07.2012;01:00:39;1019;11.356;78.4;19.2
2012;30.07.2012;01:20:39;1018.5;11.598;80.5;19.1
2012;30.07.2012;01:40:40;1018.2;11.775;82.2;19
2012;30.07.2012;02:00:39;1017.9;11.849;83.2;18.9
2012;30.07.2012;02:20:39;1017.8;11.961;82.4;19.2
2012;30.07.2012;02:40:39;1017.7;11.789;85.4;18.4
2012;30.07.2012;03:00:39;1017.7;11.508;83.4;18.4
2012;30.07.2012;03:20:39;1017.8;11.539;83.1;18.5
2012;30.07.2012;03:40:39;1017.7;11.5;84.4;18.2
2012;30.07.2012;04:00:39;1017.8;11.639;85.4;18.2
2012;30.07.2012;04:20:39;1017.9;11.441;81.9;18.6
2012;30.07.2012;04:40:39;1017.9;11.277;82.8;18.2
2012;30.07.2012;05:00:39;1018.1;11.353;81.3;18.6
2012;30.07.2012;05:20:39;1018.2;11.251;81.1;18.5
2012;30.07.2012;05:40:39;1018.4;11.451;84.1;18.2
2012;30.07.2012;06:00:39;1018.5;11.504;82.4;18.6
2012;30.07.2012;06:20:39;1018.6;11.517;82.5;18.6
2012;30.07.2012;06:40:38;1018.8;11.489;81.8;18.7
2012;30.07.2012;07:00:39;1018.9;11.557;82.8;18.6
2012;30.07.2012;07:20:39;1018.9;11.542;82.7;18.6
2012;30.07.2012;07:40:39;1018.9;11.571;82.9;18.6
2012;30.07.2012;08:00:39;1018.9;11.36;80.4;18.8
2012;30.07.2012;08:20:39;1018.9;11.117;76.3;19.3
2012;30.07.2012;08:40:39;1019;11.12;76.8;19.2
2012;30.07.2012;09:00:38;1019.1;11.343;79.3;19
2012;30.07.2012;09:20:39;1019.2;11.399;79.2;19.1
2012;30.07.2012;09:40:39;1019.2;11.428;79.9;19
2012;30.07.2012;10:00:39;1019.1;11.313;79.1;19
2012;30.07.2012;10:20:39;1019.1;11.573;81.9;18.8
2012;30.07.2012;10:40:39;1019.1;11.488;79.8;19.1
2012;30.07.2012;11:00:39;1019.1;11.576;79.9;19.2
2012;30.07.2012;11:20:38;1019.2;11.619;80.2;19.2
2012;30.07.2012;11:40:39;1019.1;11.411;78.3;19.3
2012;30.07.2012;12:00:39;1019;11.964;80;19.7
2012;30.07.2012;12:20:39;1018.9;11.859;79.3;19.7
2012;30.07.2012;12:40:39;1018.9;11.679;78.6;19.6
2012;30.07.2012;13:00:39;1018.8;11.428;77.9;19.4
2012;30.07.2012;13:20:39;1018.9;11.173;76.2;19.4
2012;30.07.2012;13:40:39;1018.9;11.413;77.8;19.4
2012;30.07.2012;14:00:39;1018.8;11.339;77.3;19.4
2012;30.07.2012;14:20:39;1018.7;10.877;74.2;19.4
2012;30.07.2012;14:40:39;1018.9;11.086;78.5;18.8
2012;30.07.2012;15:00:39;1018.8;12.086;84.9;18.9
2012;30.07.2012;15:20:39;1018.8;11.8;81.9;19.1
2012;30.07.2012;15:40:38;1018.8;11.419;80.3;18.9
2012;30.07.2012;16:00:39;1018.7;11.565;79.3;19.3
2012;30.07.2012;16:20:39;1018.6;11.713;79.3;19.5
2012;30.07.2012;16:40:39;1018.5;11.7;79.7;19.4
2012;30.07.2012;17:00:39;1018.6;11.967;82;19.3
2012;30.07.2012;17:20:39;1018.5;11.88;80.9;19.4
2012;30.07.2012;17:40:39;1018.6;10.997;75;19.4
2012;30.07.2012;18:00:39;1018.5;11.48;79.7;19.1
2012;30.07.2012;18:20:39;1018.6;11.771;82.2;19
2012;30.07.2012;18:40:38;1018.5;11.728;84.5;18.5
2012;30.07.2012;19:00:39;1018.2;11.59;83.5;18.5
2012;30.07.2012;19:20:39;1018.1;11.309;81.5;18.5
2012;30.07.2012;20:00:39;1017.9;11.562;83.8;18.4
2012;30.07.2012;20:40:39;1018.1;11.268;80.2;18.7
2012;30.07.2012;21:20:39;1018.3;11.314;83.1;18.2
2012;30.07.2012;21:40:39;1018.4;11.337;83.8;18.1
2012;30.07.2012;22:00:38;1018.5;11.239;83.1;18.1
2012;30.07.2012;22:20:39;1018.7;11.168;82.6;18.1
2012;30.07.2012;22:40:39;1018.7;11.121;83.3;17.9
2012;30.07.2012;23:00:39;1018.7;10.892;81.1;18
2012;30.07.2012;23:20:38;1018.8;10.314;74.5;18.5
2012;30.07.2012;23:40:39;1018.7;9.942;72.3;18.4
2012;31.07.2012;00:00:40;1018.7;9.421;69;18.3
2012;31.07.2012;00:20:39;1018.7;9.356;69.4;18.1
2012;31.07.2012;00:40:39;1018.7;9.158;67.1;18.3
2012;31.07.2012;01:00:39;1018.7;9.246;69.9;17.8
2012;31.07.2012;01:20:39;1018.7;9.147;69.6;17.7
2012;31.07.2012;01:40:39;1018.8;8.987;68.4;17.7
2012;31.07.2012;02:00:39;1018.8;9.048;69.3;17.6
2012;31.07.2012;02:20:39;1018.7;8.951;69;17.5
2012;31.07.2012;02:40:39;1018.8;9.149;70.5;17.5
2012;31.07.2012;03:00:39;1018.7;9.367;71.7;17.6
2012;31.07.2012;03:20:39;1018.6;9.359;73;17.3
2012;31.07.2012;03:40:39;1018.5;9.513;75.6;17
2012;31.07.2012;04:00:38;1018.5;9.52;74.7;17.2
2012;31.07.2012;04:20:38;1018.4;9.215;72.8;17.1
2012;31.07.2012;04:40:39;1018.4;9.212;73.7;16.9
2012;31.07.2012;05:00:39;1018.4;9.061;71.6;17.1
2012;31.07.2012;05:20:39;1018.3;9.182;74.4;16.7
2012;31.07.2012;05:40:39;1018.2;9.373;76.4;16.6
2012;31.07.2012;06:00:39;1018.1;9.447;76.5;16.7
2012;31.07.2012;06:20:39;1018.1;9.168;73.8;16.8
2012;31.07.2012;06:40:39;1018.1;9.215;73.7;16.9
2012;31.07.2012;07:00:38;1018;9.307;74.9;16.8
2012;31.07.2012;07:20:39;1018;9.463;77.6;16.5
2012;31.07.2012;07:40:39;1018;9.597;77.2;16.8
2012;31.07.2012;08:00:39;1018.2;9.608;76.8;16.9
2012;31.07.2012;08:20:39;1018.2;9.603;75.8;17.1
2012;31.07.2012;08:40:39;1018.3;9.755;76.5;17.2
2012;31.07.2012;09:00:39;1018.3;9.871;77.4;17.2
2012;31.07.2012;09:20:38;1018.4;9.986;77.8;17.3
2012;31.07.2012;09:40:39;1018.4;10.038;78.7;17.2
2012;31.07.2012;10:00:39;1018.5;10.141;78.5;17.4
2012;31.07.2012;10:20:39;1018.5;9.889;76.1;17.5
2012;31.07.2012;10:40:39;1018.6;9.825;74.2;17.8
2012;31.07.2012;11:00:39;1018.6;9.753;73.2;17.9
2012;31.07.2012;11:20:39;1018.6;9.969;73.4;18.2
2012;31.07.2012;11:40:39;1018.7;10.262;73.2;18.7
2012;31.07.2012;12:00:39;1018.7;9.487;66.5;19
2012;31.07.2012;12:20:39;1018.8;9.55;65.7;19.3
2012;31.07.2012;12:40:38;1018.7;9.329;63.4;19.5
2012;31.07.2012;13:00:39;1018.6;8.889;58.6;20
2012;31.07.2012;13:20:39;1018.6;8.934;57.1;20.5
2012;31.07.2012;13:40:39;1018.5;9.208;58.1;20.7
2012;31.07.2012;14:00:38;1018.4;8.944;56.8;20.6
2012;31.07.2012;14:20:39;1018.3;9.181;59;20.4
