2012;01.08.2012;11:00:39;1019.1;9.889;69.3;19
2012;01.08.2012;11:20:39;1019.1;9.766;67.6;19.2
2012;01.08.2012;11:40:39;1019;9.521;63.9;19.7
2012;01.08.2012;12:00:39;1018.8;9.213;59.6;20.3
2012;01.08.2012;15:20:38;1017.9;9.157;48.4;23.6
2012;01.08.2012;15:40:39;1017.9;9.376;47.5;24.3
2012;01.08.2012;16:00:38;1018;8.756;44.4;24.3
2012;01.08.2012;16:20:39;1017.9;9.016;45.7;24.3
2012;01.08.2012;16:40:39;1018;8.563;43.7;24.2
2012;01.08.2012;17:00:39;1017.9;8.867;45.5;24.1
2012;01.08.2012;17:20:38;1017.9;9.105;46.7;24.1
2012;01.08.2012;17:40:39;1017.9;8.862;45.2;24.2
2012;01.08.2012;18:00:39;1017.9;9.049;46.7;24
2012;01.08.2012;18:20:38;1017.8;9.03;46.6;24
2012;01.08.2012;18:40:39;1017.8;9.149;47.2;24
2012;01.08.2012;19:00:39;1017.7;9.601;50.7;23.6
2012;01.08.2012;19:20:38;1017.7;10.131;54.1;23.4
2012;01.08.2012;19:40:39;1017.7;10.152;55.2;23.1
2012;01.08.2012;20:00:39;1017.7;11.206;62.7;22.6
2012;01.08.2012;20:20:39;1017.7;11.129;61.9;22.7
2012;01.08.2012;20:40:38;1017.7;11.409;64.6;22.4
2012;01.08.2012;21:00:39;1017.8;11.09;63.6;22.2
2012;01.08.2012;21:20:39;1017.9;11.674;67.3;22.1
2012;01.08.2012;21:40:38;1018.1;10.909;62.6;22.2
2012;01.08.2012;22:00:39;1018.3;10.769;62.2;22.1
2012;01.08.2012;22:20:40;1018.6;10.907;67.8;20.9
2012;01.08.2012;22:40:39;1018.8;11.474;78.7;19.3
2012;01.08.2012;23:00:38;1018.9;11.544;82.2;18.7
2012;01.08.2012;23:20:39;1019;11.428;81.9;18.6
2012;01.08.2012;23:40:39;1018.9;11.413;82.3;18.5
2012;02.08.2012;03:00:39;1018.1;11.479;89.2;17.3
2012;02.08.2012;03:40:39;1017.9;11.519;91.2;17
2012;02.08.2012;04:00:39;1017.8;11.706;90.9;17.3
2012;02.08.2012;04:20:38;1017.8;11.417;90.4;17
2012;02.08.2012;04:40:39;1017.8;11.496;89.3;17.3
2012;02.08.2012;05:00:39;1017.8;11.479;90.3;17.1
2012;02.08.2012;05:20:38;1017.7;11.463;89.6;17.2
2012;02.08.2012;05:40:39;1017.6;11.419;88.7;17.3
2012;02.08.2012;06:00:39;1017.7;11.453;88.4;17.4
2012;02.08.2012;06:40:39;1017.6;11.302;87.8;17.3
2012;02.08.2012;07:00:39;1017.6;11.341;88.1;17.3
2012;02.08.2012;07:20:39;1017.7;11.445;88.9;17.3
2012;02.08.2012;07:40:40;1017.8;11.436;89.4;17.2
2012;02.08.2012;08:00:39;1017.7;11.488;89.8;17.2
2012;02.08.2012;08:40:40;1017.8;11.634;91.5;17.1
2012;02.08.2012;09:00:39;1017.9;11.509;91.7;16.9
2012;02.08.2012;09:20:39;1017.9;11.535;91.9;16.9
2012;02.08.2012;09:40:39;1017.9;11.637;92.7;16.9
2012;02.08.2012;10:00:39;1017.9;11.509;91.7;16.9
2012;02.08.2012;10:20:40;1017.8;11.514;92.9;16.7
2012;02.08.2012;10:40:40;1017.9;11.738;92.9;17
2012;02.08.2012;11:00:39;1017.8;11.753;93.6;16.9
2012;02.08.2012;11:40:39;1017.8;11.877;92.2;17.3
2012;02.08.2012;12:00:39;1017.7;12.049;90.6;17.8
2012;02.08.2012;12:20:39;1017.8;11.724;87.1;18
2012;02.08.2012;12:40:39;1017.8;11.528;84.6;18.2
2012;02.08.2012;13:20:39;1017.7;11.695;81.1;19.1
2012;02.08.2012;13:40:39;1017.6;11.308;77;19.4
2012;02.08.2012;14:00:39;1017.4;11.596;79.9;19.2
2012;02.08.2012;14:20:39;1017.3;11.168;77;19.2
2012;02.08.2012;14:40:39;1017.3;10.864;73.1;19.6
2012;02.08.2012;15:00:42;1017.3;10.892;75.6;19.1
2012;02.08.2012;15:40:39;1017.3;10.704;73.4;19.3
2012;02.08.2012;16:00:39;1017.4;11.17;77.5;19.1
2012;02.08.2012;16:20:40;1017.4;11.567;80.2;19.1
2012;02.08.2012;16:40:39;1017.4;11.639;81.2;19
2012;02.08.2012;17:00:42;1017.3;11.964;85;18.7
2012;02.08.2012;17:20:40;1017.4;12.236;89.1;18.3
2012;02.08.2012;18:00:39;1017.4;11.751;83;18.8
2012;02.08.2012;18:20:39;1017.4;11.87;83.3;18.9
2012;02.08.2012;18:40:38;1017.4;11.708;82.7;18.8
2012;02.08.2012;19:00:39;1017.5;11.705;83.2;18.7
2012;02.08.2012;19:20:39;1017.6;11.599;85.1;18.2
2012;02.08.2012;19:40:41;1017.6;11.87;87.6;18.1
2012;02.08.2012;20:00:39;1017.7;11.662;86.1;18.1
2012;02.08.2012;20:20:39;1017.6;11.574;86;18
2012;02.08.2012;20:40:39;1017.7;11.423;84.9;18
2012;02.08.2012;21:00:39;1017.7;11.533;85.7;18
2012;02.08.2012;21:40:39;1018.1;11.375;86.2;17.7
2012;02.08.2012;22:00:39;1018.3;11.142;86.1;17.4
2012;02.08.2012;22:20:39;1018.5;11.056;86;17.3
2012;02.08.2012;22:40:39;1018.7;10.752;85.3;17
2012;02.08.2012;23:00:39;1019;10.718;87.8;16.5
2012;02.08.2012;23:20:39;1019.3;10.818;91.5;16
2012;02.08.2012;23:40:39;1019.5;10.76;92.8;15.7
2012;03.08.2012;00:00:40;1019.6;10.573;93;15.4
2012;03.08.2012;00:20:39;1019.7;10.504;93.6;15.2
2012;03.08.2012;00:40:39;1019.9;10.525;93.2;15.3
2012;03.08.2012;01:00:39;1019.9;10.41;92.8;15.2
2012;03.08.2012;01:20:39;1019.9;10.478;93.4;15.2
2012;03.08.2012;01:40:39;1020;10.478;93.4;15.2
2012;03.08.2012;02:00:39;1020.1;10.454;93.2;15.2
2012;03.08.2012;02:20:39;1020.1;10.295;92.4;15.1
2012;03.08.2012;02:40:39;1020.1;10.318;93.2;15
2012;03.08.2012;03:00:39;1020;10.296;93.6;14.9
2012;03.08.2012;03:20:39;1019.9;10.207;93.4;14.8
2012;03.08.2012;03:40:39;1019.9;10.219;94.1;14.7
2012;03.08.2012;04:00:39;1019.8;10.196;94.5;14.6
2012;03.08.2012;04:20:39;1019.8;10.163;94.2;14.6
2012;03.08.2012;04:40:39;1019.8;10.098;93.6;14.6
2012;03.08.2012;05:00:39;1019.7;10.044;93.1;14.6
2012;03.08.2012;05:20:39;1019.7;9.945;92.8;14.5
2012;03.08.2012;05:40:42;1019.7;9.924;92.6;14.5
2012;03.08.2012;06:00:39;1019.8;9.944;92.8;14.5
2012;03.08.2012;06:20:39;1020;9.953;92.3;14.6
2012;03.08.2012;06:40:39;1020.1;9.811;91.6;14.5
2012;03.08.2012;07:00:39;1020.2;9.822;92.9;14.3
2012;03.08.2012;07:20:39;1020.3;9.928;93.9;14.3
2012;03.08.2012;07:40:39;1020.5;9.99;94.5;14.3
2012;03.08.2012;08:00:39;1020.8;9.988;94.5;14.3
2012;03.08.2012;08:20:40;1021;9.93;94.6;14.2
2012;03.08.2012;08:40:40;1021.3;9.917;94.5;14.2
2012;03.08.2012;09:00:39;1021.5;9.871;94.7;14.1
2012;03.08.2012;09:20:41;1021.7;9.892;94.3;14.2
2012;03.08.2012;09:40:39;1021.9;9.965;94.4;14.3
2012;03.08.2012;10:20:40;1022.3;9.877;92.4;14.5
2012;03.08.2012;10:40:40;1022.4;9.916;91;14.8
2012;03.08.2012;11:40:39;1022.8;9.759;87.9;15.1
2012;03.08.2012;12:00:39;1022.9;9.852;87.6;15.3
2012;03.08.2012;12:20:39;1023.1;9.853;86.5;15.5
2012;03.08.2012;12:40:39;1023.2;9.992;86.6;15.7
2012;03.08.2012;13:00:40;1023.4;9.78;84.8;15.7
2012;03.08.2012;13:20:41;1023.5;9.727;84.9;15.6
2012;03.08.2012;14:00:39;1023.8;9.844;87.6;15.3
2012;03.08.2012;14:20:39;1024;9.866;90.1;14.9
2012;03.08.2012;14:40:41;1024.1;10.077;92.6;14.8
2012;03.08.2012;15:00:39;1024.2;10.153;92.1;15
2012;03.08.2012;15:20:39;1024.2;9.999;91.9;14.8
2012;03.08.2012;15:40:39;1024.2;10.019;90.9;15
2012;03.08.2012;16:40:39;1024.2;10.061;88.4;15.5
2012;03.08.2012;17:00:39;1024.2;10.154;87.5;15.8
2012;03.08.2012;17:20:39;1024.2;10.137;85.7;16.1
2012;03.08.2012;17:40:40;1024.2;10.556;81.6;17.5
2012;03.08.2012;18:00:40;1024.2;10.138;74.1;18.4
2012;03.08.2012;18:20:40;1024.2;9.513;69.6;18.4
2012;03.08.2012;18:40:39;1024.3;9.625;72.2;18
2012;03.08.2012;19:00:39;1024.4;9.394;71.4;17.8
2012;03.08.2012;19:20:39;1024.5;9.285;69.7;18
2012;03.08.2012;19:40:39;1024.6;9.142;67.8;18.2
2012;03.08.2012;20:00:39;1024.8;9.185;70.3;17.7
2012;03.08.2012;20:20:39;1024.9;9.126;71.2;17.4
2012;03.08.2012;20:40:40;1025;8.975;72.3;16.9
2012;03.08.2012;21:20:39;1025.3;8.822;71.1;16.9
2012;03.08.2012;21:40:41;1025.4;8.889;72.1;16.8
2012;03.08.2012;22:00:39;1025.5;8.806;71.9;16.7
2012;03.08.2012;22:20:39;1025.6;8.852;73.2;16.5
2012;03.08.2012;22:40:39;1025.7;9.139;77.5;16.1
2012;03.08.2012;23:00:40;1025.8;9.269;79.6;15.9
2012;03.08.2012;23:20:39;1025.9;9.28;79.7;15.9
2012;03.08.2012;23:40:39;1025.9;8.982;76.2;16.1
2012;04.08.2012;00:00:39;1026;8.763;73.9;16.2
2012;04.08.2012;00:20:39;1026;8.689;74.7;15.9
2012;04.08.2012;00:40:39;1025.9;8.727;73.6;16.2
2012;04.08.2012;01:00:40;1025.9;8.69;74.7;15.9
2012;04.08.2012;01:20:39;1025.8;8.842;75.5;16
2012;04.08.2012;01:40:39;1025.7;8.489;74.4;15.6
2012;04.08.2012;02:00:39;1025.6;8.473;71;16.3
2012;04.08.2012;02:20:40;1025.4;8.664;79.9;14.8
2012;04.08.2012;02:40:40;1025.2;8.747;79.6;15
2012;04.08.2012;03:00:39;1025.2;8.923;81.7;14.9
2012;04.08.2012;03:20:43;1025.2;9.258;81;15.6
2012;04.08.2012;03:40:39;1025.1;9.225;80.2;15.7
2012;04.08.2012;04:00:39;1025.1;9.156;83.8;14.9
2012;04.08.2012;04:20:39;1025.1;9.227;83.9;15
2012;04.08.2012;04:40:39;1025;9.465;87.7;14.7
2012;04.08.2012;05:00:39;1024.9;9.534;88.9;14.6
2012;04.08.2012;05:20:39;1024.8;9.754;91.5;14.5
2012;04.08.2012;05:40:39;1024.9;9.851;92.4;14.5
2012;04.08.2012;06:00:38;1025;9.695;89.8;14.7
2012;04.08.2012;06:20:39;1025.2;9.556;89.7;14.5
2012;04.08.2012;06:40:38;1025.4;9.693;90.4;14.6
2012;04.08.2012;07:00:39;1025.5;9.507;88.7;14.6
2012;04.08.2012;07:20:39;1025.7;9.491;88;14.7
2012;04.08.2012;07:40:40;1025.9;9.387;85.4;15
2012;04.08.2012;08:00:40;1026;9.48;84.6;15.3
2012;04.08.2012;08:20:41;1026.2;9.597;84;15.6
2012;04.08.2012;08:40:39;1026.3;9.367;81.5;15.7
2012;04.08.2012;09:00:39;1026.3;9.515;81.2;16
2012;04.08.2012;09:20:40;1026.4;9.798;82;16.3
2012;04.08.2012;09:40:42;1026.5;9.651;80.8;16.3
2012;04.08.2012;10:00:40;1026.6;9.842;78.3;17.1
2012;04.08.2012;10:20:39;1026.8;8.993;71.2;17.2
2012;04.08.2012;10:40:39;1026.9;8.245;66.2;17
2012;04.08.2012;11:00:39;1027;8.628;65;18
2012;04.08.2012;11:20:41;1027.1;8.847;65.8;18.2
2012;04.08.2012;11:40:39;1027.2;8.397;62.9;18.1
2012;04.08.2012;12:00:39;1027.2;8.496;60.9;18.8
2012;04.08.2012;12:20:40;1027.1;8.059;57.8;18.8
2012;04.08.2012;12:40:38;1027;7.021;49.5;19.1
2012;04.08.2012;13:20:41;1026.8;7.142;49.4;19.4
2012;04.08.2012;13:40:39;1026.7;6.876;46.7;19.7
2012;04.08.2012;14:00:39;1026.6;6.933;44.8;20.5
2012;04.08.2012;14:20:39;1026.5;6.222;40.5;20.4
2012;04.08.2012;14:40:40;1026.4;6.612;41.7;20.9
2012;04.08.2012;15:00:39;1026.4;7.014;43.4;21.2
2012;04.08.2012;15:20:39;1026.3;6.381;38.8;21.5
2012;04.08.2012;15:40:39;1026.3;6.535;39;21.8
2012;04.08.2012;16:20:40;1026.1;6.967;41.8;21.7
2012;04.08.2012;17:00:39;1026.1;6.472;39.1;21.6
2012;04.08.2012;17:20:39;1026.2;6.656;41.2;21.2
2012;04.08.2012;18:00:39;1026.2;6.533;40.2;21.3
2012;04.08.2012;18:20:39;1026.2;7.153;43.7;21.4
2012;04.08.2012;18:40:39;1026.3;7.063;42.9;21.5
2012;04.08.2012;19:00:39;1026.3;6.825;44.1;20.5
2012;04.08.2012;19:20:39;1026.4;6.813;44.3;20.4
2012;04.08.2012;19:40:38;1026.4;6.647;43.5;20.3
2012;04.08.2012;20:00:39;1026.5;6.813;44.3;20.4
2012;04.08.2012;20:20:41;1026.6;6.6;43.2;20.3
2012;04.08.2012;20:40:40;1026.7;7.097;47;20.1
2012;04.08.2012;21:00:41;1026.8;7.159;48.6;19.7
2012;04.08.2012;21:20:39;1026.9;7.848;55.6;19
2012;04.08.2012;21:40:39;1027.1;8.209;61.5;18.1
2012;04.08.2012;22:00:39;1027.2;7.806;60.4;17.6
2012;04.08.2012;22:20:39;1027.2;7.562;60.8;17
2012;04.08.2012;22:40:39;1027.2;7.542;62.2;16.6
2012;04.08.2012;23:00:39;1027.1;7.519;62.8;16.4
2012;04.08.2012;23:20:39;1027.1;7.555;63.5;16.3
2012;04.08.2012;23:40:40;1027.2;7.538;65;15.9
2012;05.08.2012;00:00:40;1027.2;7.573;68.3;15.2
2012;05.08.2012;00:20:40;1027.3;7.482;69.7;14.7
2012;05.08.2012;00:40:39;1027.3;7.567;71.4;14.5
2012;05.08.2012;01:00:40;1027.2;7.494;72.1;14.2
2012;05.08.2012;01:20:40;1027.1;7.404;71.7;14.1
2012;05.08.2012;01:40:41;1027;7.333;69.2;14.5
2012;05.08.2012;02:00:42;1026.9;7.238;70.1;14.1
2012;05.08.2012;02:20:39;1026.9;7.16;69.8;14
2012;05.08.2012;02:40:39;1026.8;7.163;71.2;13.7
2012;05.08.2012;03:00:39;1026.7;7.093;73.8;13
2012;05.08.2012;03:20:41;1026.6;7.069;75.5;12.6
2012;05.08.2012;03:40:38;1026.6;7.239;74.8;13.1
2012;05.08.2012;04:00:39;1026.6;7.178;73.7;13.2
2012;05.08.2012;04:20:39;1026.5;7.042;76.2;12.4
2012;05.08.2012;04:40:39;1026.4;6.987;76.6;12.2
2012;05.08.2012;05:00:39;1026.3;6.894;74.6;12.4
2012;05.08.2012;05:20:39;1026.3;6.84;76.5;11.9
2012;05.08.2012;05:40:40;1026.2;6.876;74.4;12.4
2012;05.08.2012;06:00:39;1026.3;6.749;76.5;11.7
2012;05.08.2012;06:20:41;1026.2;6.75;76.5;11.7
2012;05.08.2012;06:40:39;1026.2;6.605;71.5;12.4
2012;05.08.2012;07:00:39;1026.2;6.549;70.9;12.4
2012;05.08.2012;07:20:39;1026.2;6.731;70.5;12.9
2012;05.08.2012;07:40:39;1026.2;6.951;70.9;13.3
2012;05.08.2012;08:00:40;1026.2;7.442;73.9;13.7
2012;05.08.2012;08:20:39;1026.2;7.892;76.3;14.1
2012;05.08.2012;08:40:40;1026.2;8.274;77.9;14.5
2012;05.08.2012;09:00:39;1026.2;8.718;78.4;15.2
2012;05.08.2012;09:20:39;1026.1;8.787;78;15.4
2012;05.08.2012;09:40:41;1026.1;8.844;77.5;15.6
2012;05.08.2012;10:00:39;1026;9.161;78.2;16
2012;05.08.2012;10:20:40;1026;9.14;75.1;16.6
2012;05.08.2012;10:40:40;1025.9;9.018;74.1;16.6
2012;05.08.2012;11:00:40;1025.7;9.204;73.7;17
2012;05.08.2012;11:20:39;1025.5;9.35;71.6;17.7
2012;05.08.2012;11:40:39;1025.4;9.126;69.9;17.7
2012;05.08.2012;12:00:39;1025.2;9.068;67.3;18.2
2012;05.08.2012;12:20:41;1025.1;9.117;66.8;18.4
2012;05.08.2012;12:40:40;1024.8;8.703;63.4;18.5
2012;05.08.2012;12:40:40;1024.8;8.703;63.4;18.5
2012;05.08.2012;13:20:39;1024.2;8.601;60.7;19
2012;05.08.2012;13:40:39;1024;8.771;59.6;19.6
2012;05.08.2012;14:00:43;1023.8;8.575;55.8;20.3
2012;05.08.2012;14:20:40;1023.6;8.602;54.6;20.7
2012;05.08.2012;14:40:39;1023.5;7.884;47.4;21.6
2012;05.08.2012;15:00:39;1023.3;7.224;41.4;22.4
2012;05.08.2012;15:20:39;1023.2;7.18;41.4;22.3
2012;05.08.2012;15:40:40;1023.1;6.601;37.4;22.6
2012;05.08.2012;16:00:39;1022.8;6.995;39.6;22.6
2012;05.08.2012;16:20:39;1022.5;7.424;42.5;22.4
2012;05.08.2012;16:40:39;1022.2;7.543;42.9;22.5
2012;05.08.2012;17:00:39;1022;7.705;43.8;22.5
2012;05.08.2012;17:20:39;1021.8;7.827;45.3;22.2
2012;05.08.2012;17:40:39;1021.6;8.453;47.4;22.7
2012;05.08.2012;18:00:39;1021.5;8.583;48.7;22.5
2012;05.08.2012;18:20:39;1021.3;8.458;47.7;22.6
2012;05.08.2012;18:40:39;1021.1;8.236;47.6;22.2
2012;05.08.2012;19:00:40;1021;8.777;51.3;22
2012;05.08.2012;19:20:39;1020.9;8.864;51.8;22
2012;05.08.2012;20:00:39;1020.8;9.419;56;21.7
2012;05.08.2012;20:20:39;1020.8;9.437;56.8;21.5
2012;05.08.2012;20:40:39;1020.9;9.798;59.3;21.4
2012;05.08.2012;21:00:39;1020.8;9.787;59.6;21.3
2012;05.08.2012;21:20:39;1020.8;8.676;52.6;21.4
2012;05.08.2012;21:40:39;1020.8;8.157;49.8;21.3
2012;05.08.2012;22:00:39;1020.8;8.04;49.7;21.1
2012;05.08.2012;22:20:39;1020.7;8.551;54.8;20.5
2012;05.08.2012;22:40:39;1020.8;8.469;55.3;20.2
2012;05.08.2012;23:00:40;1020.7;8.327;55.4;19.9
2012;05.08.2012;23:20:39;1020.7;8.389;56.5;19.7
2012;05.08.2012;23:40:39;1020.6;8.115;54;19.9
2012;06.08.2012;00:00:39;1020.6;8.215;55;19.8
2012;06.08.2012;00:20:40;1020.8;8.042;54.2;19.7
2012;06.08.2012;00:40:39;1021;8.809;60.8;19.3
2012;06.08.2012;01:00:39;1021.2;9.101;67.7;18.1
2012;06.08.2012;01:20:39;1021.3;9.489;76.1;16.9
2012;06.08.2012;01:40:39;1021.3;9.691;79.7;16.5
2012;06.08.2012;02:00:39;1021.3;9.835;81.9;16.3
2012;06.08.2012;02:20:39;1021.4;9.98;84.7;16
2012;06.08.2012;02:40:39;1021.3;10.171;87.4;15.8
2012;06.08.2012;03:00:39;1021.2;10.165;87.9;15.7
2012;06.08.2012;03:20:39;1021.2;10.235;88.5;15.7
2012;06.08.2012;03:40:39;1021.1;10.257;90.4;15.4
2012;06.08.2012;04:00:39;1021.1;10.322;89.8;15.6
2012;06.08.2012;04:20:39;1021.1;10.464;91.6;15.5
2012;06.08.2012;04:40:39;1021;10.513;92.6;15.4
2012;06.08.2012;05:00:39;1020.9;10.603;91.6;15.7
2012;06.08.2012;05:20:39;1020.9;10.376;89.1;15.8
2012;06.08.2012;05:40:39;1021;10.336;88.2;15.9
2012;06.08.2012;06:00:39;1021;10.226;88.4;15.7
2012;06.08.2012;06:20:39;1021;10.29;86.7;16.1
2012;06.08.2012;06:40:39;1021;10.127;85.9;16
2012;06.08.2012;07:00:39;1021.1;10.028;84;16.2
2012;06.08.2012;07:20:39;1021.2;9.955;83.4;16.2
2012;06.08.2012;07:40:39;1021.2;9.961;82.4;16.4
2012;06.08.2012;08:00:39;1021.2;9.931;80.6;16.7
2012;06.08.2012;08:20:39;1021.3;9.906;79.9;16.8
2012;06.08.2012;08:40:38;1021.3;9.971;79.4;17
2012;06.08.2012;09:00:39;1021.3;10.048;78.5;17.3
2012;06.08.2012;09:20:39;1021.3;10.056;76.6;17.7
2012;06.08.2012;09:40:39;1021.2;9.794;73.7;17.9
2012;06.08.2012;10:00:39;1021.2;9.826;72.1;18.3
2012;06.08.2012;10:20:39;1021.3;9.77;70.8;18.5
2012;06.08.2012;10:40:39;1021.2;9.896;71.7;18.5
2012;06.08.2012;11:00:39;1021.2;9.916;70.5;18.8
2012;06.08.2012;11:40:39;1021.1;9.339;69;18.2
2012;06.08.2012;12:00:39;1021.1;9.075;64.6;18.8
2012;06.08.2012;12:20:39;1020.9;9.221;64.4;19.1
2012;06.08.2012;12:40:39;1020.8;8.218;58.2;18.9
2012;06.08.2012;13:00:39;1020.7;8.586;62.7;18.4
2012;06.08.2012;13:20:39;1020.6;8.509;60.6;18.8
2012;06.08.2012;13:40:39;1020.6;7.203;51.4;18.8
2012;06.08.2012;14:00:39;1020.4;7.717;54;19.1
2012;06.08.2012;14:20:39;1020.3;7.719;53;19.4
2012;06.08.2012;14:40:39;1020.1;7.765;52;19.8
2012;06.08.2012;15:00:39;1020;7.421;48.5;20.2
2012;06.08.2012;15:20:39;1019.8;6.896;45.1;20.2
2012;06.08.2012;15:40:39;1019.7;6.854;45.1;20.1
2012;06.08.2012;16:00:38;1019.5;6.709;44.7;19.9
2012;06.08.2012;16:20:38;1019.4;6.936;45.9;20
2012;06.08.2012;16:40:39;1019.3;6.964;45.8;20.1
2012;06.08.2012;17:00:39;1019.2;6.85;45.9;19.8
2012;06.08.2012;17:40:39;1019;6.5;42.5;20.2
2012;06.08.2012;18:00:39;1018.8;6.527;43.2;20
2012;06.08.2012;18:20:39;1018.8;6.527;43.2;20
2012;06.08.2012;18:40:39;1018.7;6.688;44.8;19.8
2012;06.08.2012;19:00:39;1018.6;6.407;43.2;19.7
2012;06.08.2012;19:20:39;1018.6;6.767;45.6;19.7
2012;06.08.2012;19:40:38;1018.7;6.504;44.4;19.5
2012;06.08.2012;20:00:39;1018.8;6.422;44.4;19.3
2012;06.08.2012;20:20:39;1018.9;6.688;46.8;19.1
2012;06.08.2012;20:40:39;1018.9;6.732;47.7;18.9
2012;06.08.2012;21:00:39;1019;7.512;55.2;18.3
2012;06.08.2012;21:20:39;1019;7.478;56;18
2012;06.08.2012;21:40:39;1018.9;7.203;54.3;17.9
2012;06.08.2012;22:00:39;1018.9;7.282;57;17.3
2012;06.08.2012;22:20:39;1018.8;7.185;55.9;17.4
2012;06.08.2012;22:40:39;1018.8;7.603;61.4;16.8
2012;06.08.2012;23:00:39;1018.8;7.642;62.5;16.6
2012;06.08.2012;23:20:39;1018.7;7.826;64.8;16.4
2012;06.08.2012;23:40:39;1018.6;7.825;65.2;16.3
2012;07.08.2012;00:00:39;1018.5;7.714;65.1;16.1
2012;07.08.2012;00:20:39;1018.3;7.703;65;16.1
2012;07.08.2012;00:40:39;1018.2;7.953;67.5;16
2012;07.08.2012;01:00:39;1018;7.977;69;15.7
2012;07.08.2012;01:20:39;1017.9;8.153;69.6;15.9
2012;07.08.2012;01:40:39;1017.7;8.342;72.1;15.7
2012;07.08.2012;02:00:39;1017.6;8.28;71.1;15.8
2012;07.08.2012;02:20:40;1017.4;8.09;67.3;16.3
2012;07.08.2012;02:40:39;1017.2;7.928;66.8;16.1
2012;07.08.2012;03:00:39;1017;7.509;63.3;16.1
2012;07.08.2012;03:20:39;1016.9;7.27;61.3;16.1
2012;07.08.2012;03:40:39;1016.9;7.389;63.5;15.8
2012;07.08.2012;04:00:39;1016.8;7.697;68.7;15.2
2012;07.08.2012;04:20:39;1016.8;8.039;76;14.3
2012;07.08.2012;04:40:39;1016.7;8.293;79.9;14
2012;07.08.2012;05:00:39;1016.6;8.412;83.7;13.5
2012;07.08.2012;05:20:39;1016.6;8.69;87;13.4
2012;07.08.2012;05:40:39;1016.6;8.65;88.9;13
2012;07.08.2012;06:00:39;1016.7;8.569;87.5;13.1
2012;07.08.2012;06:20:38;1016.8;8.068;83;13
2012;07.08.2012;06:40:39;1016.7;8.037;86;12.4
2012;07.08.2012;07:00:38;1016.7;8.313;89.5;12.3
2012;07.08.2012;07:20:39;1016.7;8.615;91.5;12.5
2012;07.08.2012;07:40:39;1016.8;8.484;87.8;12.9
2012;07.08.2012;08:00:39;1016.9;7.803;79.8;13.1
2012;07.08.2012;08:20:39;1016.9;7.797;78.7;13.3
2012;07.08.2012;08:40:38;1016.9;8.065;81.9;13.2
2012;07.08.2012;09:00:39;1016.9;8.28;79.8;14
2012;07.08.2012;09:20:38;1017;7.972;74.9;14.4
2012;07.08.2012;09:40:39;1017.1;7.208;68.7;14.2
2012;07.08.2012;10:00:39;1017.2;7.009;66.4;14.3
2012;07.08.2012;10:20:38;1017.2;7.195;67.7;14.4
2012;07.08.2012;10:40:39;1017.2;7.055;64.7;14.8
2012;07.08.2012;11:00:39;1017.1;6.537;60;14.8
2012;07.08.2012;11:20:39;1017.1;6.779;61;15.1
2012;07.08.2012;11:40:39;1017;7.084;61.7;15.6
2012;07.08.2012;12:00:39;1016.9;7.218;64.9;15.1
2012;07.08.2012;12:20:39;1016.8;7.057;64.7;14.8
2012;07.08.2012;12:40:39;1016.7;6.95;61.7;15.3
2012;07.08.2012;13:00:39;1016.6;7.543;68.2;15
2012;07.08.2012;13:40:39;1016.4;6.925;64.3;14.6
2012;07.08.2012;14:00:39;1016.4;7.274;72.5;13.5
2012;07.08.2012;15:00:39;1016;7.743;67.3;15.6
2012;07.08.2012;15:20:39;1015.9;6.828;58.3;15.9
2012;07.08.2012;15:40:39;1015.9;6.763;60.4;15.2
2012;07.08.2012;16:00:39;1015.8;6.585;57.7;15.5
2012;07.08.2012;16:20:39;1015.8;6.582;54.1;16.5
2012;07.08.2012;16:40:39;1015.6;6.38;57;15.2
2012;07.08.2012;17:00:39;1015.7;7.202;66.8;14.6
2012;07.08.2012;17:20:39;1016;7.107;69;13.9
2012;07.08.2012;17:40:39;1016.3;7.451;77.7;12.8
2012;07.08.2012;18:00:39;1016.4;7.907;83.5;12.6
2012;07.08.2012;18:20:39;1016.4;7.629;80.6;12.6
2012;07.08.2012;18:40:39;1016.5;7.699;78.2;13.2
2012;07.08.2012;19:00:39;1016.6;7.662;79.9;12.8
2012;07.08.2012;19:20:39;1016.6;7.688;82.3;12.4
2012;07.08.2012;19:40:39;1016.5;7.679;82.2;12.4
2012;07.08.2012;20:40:39;1016.6;7.604;79.3;12.8
2012;07.08.2012;21:00:39;1016.7;7.518;76.9;13.1
2012;07.08.2012;21:20:39;1016.9;7.204;75.7;12.7
2012;07.08.2012;21:40:39;1017;7.174;75.4;12.7
2012;07.08.2012;22:20:39;1017.2;7.069;76.8;12.2
2012;07.08.2012;22:40:39;1017.2;7.083;73.5;12.9
2012;07.08.2012;23:00:39;1017.8;6.942;82.8;10.8
2012;07.08.2012;23:20:39;1017.9;6.928;86.6;10.1
2012;07.08.2012;23:40:39;1017.9;6.875;87.7;9.8
2012;08.08.2012;00:00:39;1017.9;6.742;86.6;9.7
2012;08.08.2012;00:20:39;1018;6.758;86.8;9.7
2012;08.08.2012;00:40:39;1018;6.792;85.5;10
2012;08.08.2012;01:00:39;1018.1;6.639;83.6;10
2012;08.08.2012;01:20:39;1018.2;6.702;84.4;10
2012;08.08.2012;01:40:39;1018.3;6.638;85.3;9.7
2012;08.08.2012;02:00:39;1018.3;6.525;82.2;10
2012;08.08.2012;02:20:39;1018.3;6.452;83.5;9.6
2012;08.08.2012;02:40:39;1018.3;6.432;83.8;9.5
2012;08.08.2012;03:00:39;1018.2;6.431;85.5;9.2
2012;08.08.2012;03:20:39;1018.1;6.409;85.2;9.2
2012;08.08.2012;03:40:39;1018;6.471;81.5;10
2012;08.08.2012;04:00:39;1017.9;6.313;80.6;9.8
2012;08.08.2012;04:20:39;1017.8;6.336;79.8;10
2012;08.08.2012;04:40:39;1017.8;6.447;83.4;9.6
2012;08.08.2012;05:00:39;1017.9;6.572;85;9.6
2012;08.08.2012;05:20:39;1018;6.587;85.2;9.6
2012;08.08.2012;05:40:39;1018.1;6.563;84.9;9.6
2012;08.08.2012;06:00:39;1018.1;6.61;83.8;9.9
2012;08.08.2012;06:20:39;1018.2;6.583;84.6;9.7
2012;08.08.2012;06:40:39;1018.3;6.778;86.5;9.8
2012;08.08.2012;07:00:39;1018.3;6.857;83.5;10.5
2012;08.08.2012;07:20:39;1018.5;6.909;84.7;10.4
2012;08.08.2012;07:40:39;1018.7;6.946;84.6;10.5
2012;08.08.2012;08:00:39;1019;6.723;83.6;10.2
2012;08.08.2012;08:20:39;1019.1;6.867;84.8;10.3
2012;08.08.2012;08:40:40;1019.1;7.026;82.8;11
2012;08.08.2012;09:00:39;1019.2;7.314;82.8;11.6
2012;08.08.2012;09:20:39;1019.2;7.377;78.7;12.5
2012;08.08.2012;09:40:39;1019.3;7.785;79.8;13.1
2012;08.08.2012;10:00:39;1019.3;8.06;75.4;14.5
2012;08.08.2012;10:20:40;1019.3;7.022;65.8;14.5
2012;08.08.2012;10:40:39;1019.4;6.875;62;15.1
2012;08.08.2012;11:00:39;1019.4;7.479;63.6;16
2012;08.08.2012;11:20:39;1019.5;7.439;66.6;15.2
2012;08.08.2012;11:40:39;1019.6;7.298;63.7;15.6
2012;08.08.2012;12:00:40;1019.6;6.744;59.3;15.5
2012;08.08.2012;12:20:39;1019.6;6.1;49.1;16.9
2012;08.08.2012;12:40:39;1019.6;5.676;46.6;16.6
2012;08.08.2012;13:00:40;1019.5;7.78;65.3;16.2
2012;08.08.2012;13:20:40;1019.4;7.395;63.3;15.9
2012;08.08.2012;13:40:39;1019.5;7.205;63.3;15.5
2012;08.08.2012;14:00:39;1019.5;7.018;58.6;16.3
2012;08.08.2012;14:20:41;1019.5;6.884;56.4;16.6
2012;08.08.2012;14:40:39;1019.4;6.973;56.4;16.8
2012;08.08.2012;15:00:41;1019.5;7.127;59.5;16.3
2012;08.08.2012;15:20:39;1019.5;7.083;55.5;17.3
2012;08.08.2012;15:40:40;1019.6;6.897;55.8;16.8
2012;08.08.2012;16:00:39;1019.6;6.772;54.8;16.8
2012;08.08.2012;16:40:40;1019.6;6.664;53.6;16.9
2012;08.08.2012;17:20:40;1019.5;6.5;49.7;17.7
2012;08.08.2012;18:00:39;1019.2;6.613;49.6;18
2012;08.08.2012;18:20:39;1019.1;6.462;49.4;17.7
2012;08.08.2012;18:40:39;1019.1;6.37;48.7;17.7
2012;08.08.2012;19:00:40;1019;6.185;47.3;17.7
2012;08.08.2012;19:20:40;1019;6.371;48.7;17.7
2012;08.08.2012;19:40:39;1018.9;6.199;48;17.5
2012;08.08.2012;20:40:39;1019;6.474;51.4;17.1
2012;08.08.2012;21:00:41;1019.1;6.47;51.7;17
2012;08.08.2012;21:20:40;1019.3;6.973;60.1;15.8
2012;08.08.2012;21:40:39;1019.4;7.011;62.8;15.2
2012;08.08.2012;22:00:39;1019.4;6.931;62.1;15.2
2012;08.08.2012;22:20:41;1019.5;6.884;63.7;14.7
2012;08.08.2012;23:00:39;1019.5;6.881;66.2;14.1
2012;08.08.2012;23:20:39;1019.5;6.948;68.6;13.7
2012;08.08.2012;23:40:39;1019.6;7.226;70.4;13.9
2012;09.08.2012;00:00:41;1019.6;7.173;68.1;14.3
2012;09.08.2012;00:20:41;1019.6;7.49;72;14.1
2012;09.08.2012;00:40:40;1019.7;7.783;72.4;14.6
2012;09.08.2012;01:00:40;1019.6;7.895;73.9;14.5
2012;09.08.2012;01:20:39;1019.6;7.112;73;13.1
2012;09.08.2012;01:40:39;1019.5;7.014;74.4;12.6
2012;09.08.2012;02:00:41;1019.4;7.017;72.5;13
2012;09.08.2012;02:20:39;1019.3;6.814;75.2;12
2012;09.08.2012;02:40:39;1019.4;6.859;75.2;12.1
2012;09.08.2012;03:00:39;1019.3;6.86;76.2;11.9
2012;09.08.2012;03:20:39;1019.2;6.87;75.3;12.1
2012;09.08.2012;03:40:39;1019.1;6.769;77.2;11.5
2012;09.08.2012;04:00:38;1019.1;6.884;80.6;11.1
2012;09.08.2012;04:20:40;1019;6.7;82.2;10.4
2012;09.08.2012;04:40:39;1018.8;6.758;81.8;10.6
2012;09.08.2012;05:00:39;1018.7;6.624;78.6;10.9
2012;09.08.2012;05:20:39;1018.6;6.61;77.4;11.1
2012;09.08.2012;05:40:39;1018.6;6.531;77.5;10.9
2012;09.08.2012;06:00:39;1018.6;6.447;81.8;9.9
2012;09.08.2012;06:20:40;1018.6;6.364;81.3;9.8
2012;09.08.2012;06:40:40;1018.6;6.403;81.8;9.8
2012;09.08.2012;07:00:40;1018.6;6.411;80.8;10
2012;09.08.2012;07:20:40;1018.7;6.523;76.9;11
2012;09.08.2012;07:40:39;1018.8;6.862;77.2;11.7
2012;09.08.2012;08:00:39;1018.9;7.098;79.3;11.8
2012;09.08.2012;08:20:40;1019;7.278;79.7;12.1
2012;09.08.2012;08:40:42;1019;7.627;78.7;13
2012;09.08.2012;09:00:39;1019.1;7.813;80.6;13
2012;09.08.2012;09:20:40;1019.2;7.819;79.1;13.3
2012;09.08.2012;09:40:39;1019.2;7.862;78.5;13.5
2012;09.08.2012;10:00:39;1019.1;8.149;77.2;14.3
2012;09.08.2012;10:20:39;1019;7.943;74.3;14.5
2012;09.08.2012;10:40:39;1019;8.117;73.5;15
2012;09.08.2012;11:00:39;1018.9;7.957;71.6;15.1
2012;09.08.2012;11:20:39;1018.9;8.187;70.4;15.8
2012;09.08.2012;11:40:39;1018.8;7.503;65;15.7
2012;09.08.2012;12:00:39;1018.7;7.496;63.3;16.1
2012;09.08.2012;12:20:39;1018.6;7.304;61.3;16.2
2012;09.08.2012;12:40:39;1018.6;7.469;60.7;16.7
2012;09.08.2012;13:00:40;1018.5;7.281;57.7;17.1
2012;09.08.2012;13:20:39;1018.3;6.389;47.9;18
2012;09.08.2012;13:40:40;1018.2;6.295;46.6;18.2
2012;09.08.2012;14:00:40;1018;6.94;48.5;19.1
2012;09.08.2012;14:20:39;1017.7;6.742;45.4;19.7
2012;09.08.2012;15:20:40;1017.3;6.716;45.2;19.7
2012;09.08.2012;15:40:40;1017.1;6.296;42.4;19.7
2012;09.08.2012;16:00:39;1017;6.392;42.5;19.9
2012;09.08.2012;16:40:39;1016.7;6.733;43.1;20.5
2012;09.08.2012;17:00:39;1016.6;7.021;44.1;20.8
2012;09.08.2012;17:20:39;1016.5;7.015;44.6;20.6
2012;09.08.2012;17:40:42;1016.4;6.85;44.1;20.4
2012;09.08.2012;18:00:39;1016.3;7.239;46;20.6
2012;09.08.2012;18:20:39;1016.2;6.836;44;20.4
2012;09.08.2012;18:40:39;1016.1;7.322;46.8;20.5
2012;09.08.2012;19:20:39;1015.9;7.624;48.4;20.6
2012;09.08.2012;19:40:39;1015.9;7.751;49.5;20.5
2012;09.08.2012;20:00:39;1015.8;8.024;52.5;20.1
2012;09.08.2012;20:20:42;1015.8;8.103;54;19.8
2012;09.08.2012;20:40:39;1015.8;8.012;53.4;19.8
2012;09.08.2012;21:20:39;1015.8;8.406;61.1;18.4
2012;09.08.2012;21:40:39;1015.8;8.003;62;17.4
2012;09.08.2012;22:00:42;1015.9;8.03;63.8;17
2012;09.08.2012;22:20:40;1015.9;7.932;65.9;16.3
2012;09.08.2012;22:40:40;1015.9;7.838;64.3;16.5
2012;09.08.2012;23:00:39;1015.8;7.663;64.5;16.1
2012;09.08.2012;23:20:39;1015.7;7.338;61.8;16.1
2012;09.08.2012;23:40:39;1015.8;7.39;65.5;15.3
2012;10.08.2012;00:00:39;1015.8;7.104;61.8;15.6
2012;10.08.2012;00:20:39;1015.9;7.157;64.7;15
2012;10.08.2012;00:40:40;1016;7.376;70.2;14.2
2012;10.08.2012;01:00:41;1016;7.193;67.6;14.4
2012;10.08.2012;01:20:39;1016;7.478;69.8;14.5
2012;10.08.2012;01:40:39;1016;7.357;71.4;13.9
2012;10.08.2012;02:00:39;1016;7.343;72.2;13.7
2012;10.08.2012;02:20:41;1015.9;7.18;72;13.4
2012;10.08.2012;02:40:39;1015.9;7.306;72.3;13.6
2012;10.08.2012;03:00:39;1016;7.242;73.1;13.3
2012;10.08.2012;03:20:42;1016.1;7.207;74.2;13
2012;10.08.2012;03:40:40;1016.2;7.218;74.8;12.9
2012;10.08.2012;04:00:39;1016.1;7.171;77.3;12.3
2012;10.08.2012;04:20:39;1016.1;7.115;75.2;12.6
2012;10.08.2012;04:40:40;1016.1;7.066;74.2;12.7
2012;10.08.2012;05:00:39;1016.2;6.916;74.1;12.4
2012;10.08.2012;05:20:38;1016.1;6.794;72.8;12.4
2012;10.08.2012;05:40:39;1016.1;6.667;72.4;12.2
2012;10.08.2012;06:00:41;1016;6.564;69.9;12.5
2012;10.08.2012;06:20:39;1015.9;6.491;70.5;12.2
2012;10.08.2012;06:40:39;1015.8;6.447;74.3;11.3
2012;10.08.2012;07:00:40;1015.8;6.523;73.2;11.7
2012;10.08.2012;07:20:39;1015.9;6.819;72.1;12.6
2012;10.08.2012;07:40:39;1015.9;6.961;73.1;12.7
2012;10.08.2012;08:00:40;1015.9;7.439;73.6;13.6
2012;10.08.2012;08:20:39;1016;7.671;74.9;13.8
2012;10.08.2012;08:40:39;1016.1;7.749;74.2;14.1
2012;10.08.2012;09:00:41;1016.3;8.074;75.8;14.4
2012;10.08.2012;09:20:39;1016.4;8.342;75.8;14.9
2012;10.08.2012;09:40:40;1016.4;8.284;74.8;15
2012;10.08.2012;10:00:39;1016.4;8.41;71.2;16
2012;10.08.2012;10:20:39;1016.4;8.597;73.7;15.8
2012;10.08.2012;11:00:39;1016.5;8.789;72.5;16.4
2012;10.08.2012;11:20:40;1016.5;8.696;69.5;16.9
2012;10.08.2012;11:40:40;1016.5;8.886;71;16.9
2012;10.08.2012;12:00:39;1016.5;8.808;69.5;17.1
2012;10.08.2012;12:20:39;1016.4;9.277;69.1;18
2012;10.08.2012;12:40:40;1016.3;9.409;67.9;18.5
2012;10.08.2012;13:00:39;1016.2;9.388;66.9;18.7
2012;10.08.2012;13:20:39;1016.1;9.353;65;19.1
2012;10.08.2012;13:40:40;1016;9.31;65.1;19
2012;10.08.2012;14:00:39;1015.9;9.057;58.8;20.2
2012;10.08.2012;14:20:41;1015.9;9.031;56.5;20.8
2012;10.08.2012;14:40:40;1015.9;8.99;57.3;20.5
2012;10.08.2012;15:00:39;1015.8;9.335;60.2;20.3
2012;10.08.2012;15:20:39;1015.7;8.839;54.3;21.1
2012;10.08.2012;15:40:39;1015.7;8.956;54;21.4
2012;10.08.2012;16:00:41;1015.6;9.078;53.4;21.8
2012;10.08.2012;16:20:40;1015.5;9.326;54.5;21.9
2012;10.08.2012;16:40:39;1015.5;9.637;54.6;22.4
2012;10.08.2012;17:00:40;1015.4;9.674;54.8;22.4
2012;10.08.2012;17:20:44;1015.4;10.093;56.1;22.7
2012;10.08.2012;17:40:39;1015.2;10.238;59;22.1
2012;10.08.2012;18:00:39;1015.1;10.196;58.4;22.2
2012;10.08.2012;18:20:39;1015;10.078;56;22.7
2012;10.08.2012;18:40:40;1014.9;9.944;55.6;22.6
2012;10.08.2012;19:00:40;1014.8;9.859;55.8;22.4
2012;10.08.2012;19:20:38;1014.8;10.207;58.8;22.1
2012;10.08.2012;19:40:39;1014.8;9.784;56.4;22.1
2012;10.08.2012;20:20:39;1015;8.638;50.2;22
2012;10.08.2012;20:40:39;1015.1;9.005;53.6;21.6
2012;10.08.2012;21:00:39;1015.2;8.821;53.5;21.3
2012;10.08.2012;21:20:40;1015.4;9.156;56.9;20.9
2012;10.08.2012;21:40:39;1015.6;9.327;59.4;20.5
2012;10.08.2012;22:00:40;1015.9;9.019;60.4;19.7
2012;10.08.2012;22:20:39;1016.2;8.773;59.9;19.4
2012;10.08.2012;22:40:39;1016.5;8.296;56;19.6
2012;10.08.2012;23:00:39;1016.7;8.532;59.4;19.1
2012;10.08.2012;23:20:41;1016.7;8.363;62.4;18
2012;10.08.2012;23:40:40;1016.7;8.391;63.8;17.7
2012;11.08.2012;00:00:42;1016.6;8.281;65.4;17.1
2012;11.08.2012;00:20:39;1016.6;8.288;68;16.5
2012;11.08.2012;00:40:42;1016.6;8.106;66.1;16.6
2012;11.08.2012;01:00:39;1016.7;8.06;67;16.3
2012;11.08.2012;01:20:39;1016.7;8.068;68.8;15.9
2012;11.08.2012;01:40:40;1016.7;8.078;66.3;16.5
2012;11.08.2012;02:00:39;1016.6;7.999;66.5;16.3
2012;11.08.2012;02:20:39;1016.6;7.918;67.1;16
2012;11.08.2012;02:40:39;1016.5;7.911;67.9;15.8
2012;11.08.2012;03:00:41;1016.4;7.827;72.1;14.7
2012;11.08.2012;03:20:39;1016.2;7.706;73.8;14.1
2012;11.08.2012;03:40:40;1016.1;7.722;75.4;13.8
2012;11.08.2012;04:00:39;1016;7.676;69.8;14.9
2012;11.08.2012;04:20:40;1015.9;7.609;71;14.5
2012;11.08.2012;04:40:39;1015.9;7.683;75;13.8
2012;11.08.2012;05:00:43;1015.8;7.608;73.8;13.9
2012;11.08.2012;05:20:39;1015.7;7.575;73;14
2012;11.08.2012;05:40:40;1015.7;7.536;73.1;13.9
2012;11.08.2012;06:00:41;1015.7;7.576;73;14
2012;11.08.2012;06:20:39;1015.8;7.437;73.1;13.7
2012;11.08.2012;06:40:39;1015.8;7.743;74.6;14
2012;11.08.2012;07:00:38;1015.9;7.715;76.3;13.6
2012;11.08.2012;07:20:39;1016;7.847;77.6;13.6
2012;11.08.2012;07:40:40;1016.2;8.129;76.8;14.3
2012;11.08.2012;08:00:40;1016.5;8.442;77.7;14.7
2012;11.08.2012;08:20:40;1016.6;8.71;78.1;15.1
2012;11.08.2012;08:40:41;1016.7;8.881;78.1;15.4
2012;11.08.2012;09:00:39;1016.8;8.679;74.9;15.7
2012;11.08.2012;09:20:39;1016.9;8.595;71.4;16.3
2012;11.08.2012;09:40:39;1016.9;8.171;67.5;16.4
2012;11.08.2012;10:00:39;1016.9;8.422;66.1;17.2
2012;11.08.2012;10:20:40;1016.9;8.509;67.2;17.1
2012;11.08.2012;10:40:41;1016.8;8.762;69.6;17
2012;11.08.2012;11:00:40;1016.8;8.829;64.2;18.4
2012;11.08.2012;11:40:39;1016.7;8.087;56.7;19
2012;11.08.2012;12:00:39;1016.7;8.19;56.7;19.2
2012;11.08.2012;12:20:41;1016.6;7.913;54.8;19.2
2012;11.08.2012;12:40:39;1016.5;7.655;52.7;19.3
2012;11.08.2012;13:00:39;1016.5;7.802;51.1;20.1
2012;11.08.2012;13:20:39;1016.5;7.384;47.8;20.3
2012;11.08.2012;14:00:39;1016.3;7.684;49.1;20.5
2012;11.08.2012;14:20:39;1016.2;7.587;47.3;20.9
2012;11.08.2012;14:40:39;1016.2;7.781;48.2;21
2012;11.08.2012;15:20:40;1016.1;7.526;45.5;21.4
2012;11.08.2012;15:40:39;1016;7.719;45.8;21.7
2012;11.08.2012;16:00:40;1015.9;7.677;45;21.9
2012;11.08.2012;16:20:39;1015.9;6.961;40.6;22
2012;11.08.2012;16:40:39;1015.9;6.074;34;22.7
2012;11.08.2012;17:00:41;1015.9;6.04;32.8;23.2
2012;11.08.2012;17:20:40;1016;6.835;37.3;23.1
2012;11.08.2012;17:40:41;1016;7.136;39.4;22.9
2012;11.08.2012;18:20:39;1016;7.822;44.2;22.5
2012;11.08.2012;18:40:39;1016;7.767;44.7;22.2
2012;11.08.2012;19:00:40;1016.1;7.528;42.3;22.6
2012;11.08.2012;19:20:41;1016.1;7.921;46.7;21.8
2012;11.08.2012;19:40:42;1016.1;7.974;47.3;21.7
2012;11.08.2012;20:00:40;1016.1;7.786;46.2;21.7
2012;11.08.2012;20:20:42;1016.2;8.346;50.4;21.4
2012;11.08.2012;20:40:39;1016.3;8.293;50.4;21.3
2012;11.08.2012;21:00:39;1016.5;8.007;49.9;20.9
2012;11.08.2012;21:20:38;1016.8;7.49;47.6;20.6
2012;11.08.2012;21:40:40;1017;7.584;48.5;20.5
2012;11.08.2012;22:00:41;1017.3;7.516;49.9;19.9
2012;11.08.2012;22:20:39;1017.5;7.714;52.5;19.5
2012;11.08.2012;22:40:39;1017.7;7.323;50.5;19.3
2012;11.08.2012;23:00:40;1017.9;7.425;52.5;18.9
2012;11.08.2012;23:20:38;1017.9;7.648;54.4;18.8
2012;11.08.2012;23:40:40;1017.9;7.472;55.2;18.2
2012;12.08.2012;00:00:41;1017.9;7.621;57;18
2012;12.08.2012;00:20:40;1017.9;7.588;58.2;17.6
2012;12.08.2012;00:40:40;1017.9;7.535;60.8;16.8
2012;12.08.2012;01:00:39;1017.9;7.453;64.1;15.8
2012;12.08.2012;01:20:40;1017.8;7.476;64.3;15.8
2012;12.08.2012;01:40:40;1017.9;7.517;65.9;15.5
2012;12.08.2012;02:00:41;1017.8;7.508;67.1;15.2
2012;12.08.2012;02:20:41;1017.8;7.524;69;14.8
2012;12.08.2012;02:40:41;1017.8;7.508;70.2;14.5
2012;12.08.2012;03:00:39;1017.8;7.459;70.2;14.4
2012;12.08.2012;03:20:39;1017.9;7.415;70.7;14.2
2012;12.08.2012;03:40:39;1017.9;7.329;70.8;14
2012;12.08.2012;04:00:40;1017.9;7.289;73.7;13.3
2012;12.08.2012;04:20:39;1017.9;7.322;76;12.9
2012;12.08.2012;04:40:39;1017.9;7.329;74.1;13.3
2012;12.08.2012;05:00:39;1017.9;7.242;74.2;13.1
2012;12.08.2012;05:20:40;1018;7.189;71.3;13.6
2012;12.08.2012;05:40:39;1018;7.16;72.9;13.2
2012;12.08.2012;06:00:39;1018.2;7.091;75.6;12.5
2012;12.08.2012;06:20:40;1018.2;7.043;75.1;12.5
2012;12.08.2012;06:40:39;1018.3;7.081;75.5;12.5
2012;12.08.2012;07:00:39;1018.3;7.242;76.7;12.6
2012;12.08.2012;07:20:39;1018.4;7.275;79.1;12.2
2012;12.08.2012;07:40:39;1018.5;7.346;77.8;12.6
2012;12.08.2012;08:00:39;1018.5;7.363;74;13.4
2012;12.08.2012;08:20:39;1018.5;7.433;70;14.4
2012;12.08.2012;08:40:40;1018.5;7.872;72.2;14.8
2012;12.08.2012;09:00:39;1018.5;8.092;72.3;15.2
2012;12.08.2012;09:20:40;1018.5;8.159;71.5;15.5
2012;12.08.2012;09:40:39;1018.4;8.379;69.3;16.4
2012;12.08.2012;10:00:39;1018.4;8.278;67.6;16.6
2012;12.08.2012;10:20:39;1018.2;8.614;68.1;17.1
2012;12.08.2012;10:40:39;1018.2;8.714;65.9;17.8
2012;12.08.2012;11:00:40;1018.1;9.036;66.6;18.2
2012;12.08.2012;11:20:40;1018;9.278;67.5;18.4
2012;12.08.2012;11:40:39;1017.9;9.419;66.8;18.8
2012;12.08.2012;12:00:39;1017.7;9.31;64.4;19.2
2012;12.08.2012;12:20:39;1017.6;8.875;62.2;19
2012;12.08.2012;12:40:39;1017.5;9.223;64.2;19.1
2012;12.08.2012;13:00:39;1017.5;9.145;60.2;20
2012;12.08.2012;13:20:39;1017.4;9.204;60.2;20.1
2012;12.08.2012;13:40:40;1017.3;9.088;58;20.5
2012;12.08.2012;14:00:40;1017.2;9.082;56.2;21
2012;12.08.2012;14:20:39;1017.2;9.161;55.3;21.4
2012;12.08.2012;14:40:39;1017.1;8.914;53.5;21.5
2012;12.08.2012;15:00:40;1017;9.165;53;22.1
2012;12.08.2012;15:20:39;1016.7;9.16;52;22.4
2012;12.08.2012;16:00:40;1016.4;9.513;53.3;22.6
2012;12.08.2012;16:20:39;1016.1;9.826;53.7;23
2012;12.08.2012;16:40:39;1015.9;10.207;55.4;23.1
2012;12.08.2012;17:00:39;1015.8;10.367;54.9;23.5
2012;12.08.2012;17:20:39;1015.7;10.222;54.8;23.3
2012;12.08.2012;17:40:40;1015.7;10.451;55;23.6
2012;12.08.2012;18:00:39;1015.6;10.387;56;23.2
2012;12.08.2012;18:20:40;1015.5;10.344;55.1;23.4
2012;12.08.2012;18:40:39;1015.5;10.02;53.4;23.4
2012;12.08.2012;19:00:39;1015.5;9.332;50.7;23.1
2012;12.08.2012;19:20:39;1015.6;10.437;57.3;22.9
2012;12.08.2012;19:40:39;1015.7;8.939;48.9;23
2012;12.08.2012;20:00:39;1015.8;6.674;34.5;24
2012;12.08.2012;20:20:39;1015.8;6.573;34.6;23.7
2012;12.08.2012;21:00:39;1016.1;7.224;42.9;21.7
2012;12.08.2012;21:20:39;1016.3;7.456;44;21.8
2012;12.08.2012;21:40:39;1016.7;7.778;48.2;21
2012;12.08.2012;22:00:39;1017;9.342;62.6;19.7
2012;12.08.2012;22:20:39;1017.2;10.158;74.2;18.3
2012;12.08.2012;22:40:39;1017.5;10.105;76.2;17.8
2012;12.08.2012;23:20:39;1017.7;9.574;68.3;18.7
2012;12.08.2012;23:40:40;1018.2;10.071;76;17.8
2012;13.08.2012;00:00:41;1018.4;10.679;84.7;17
2012;13.08.2012;00:20:39;1018.7;10.545;82.1;17.3
2012;13.08.2012;00:40:39;1018.6;10.366;82.8;16.9
2012;13.08.2012;01:00:39;1018.5;10.316;82.4;16.9
2012;13.08.2012;01:20:39;1018.6;10.32;81.4;17.1
2012;13.08.2012;01:40:39;1018.7;10.479;85.3;16.6
2012;13.08.2012;02:00:40;1018.9;10.638;86.6;16.6
2012;13.08.2012;02:20:41;1019.1;10.617;87;16.5
2012;13.08.2012;02:40:39;1019.1;10.588;89;16.1
2012;13.08.2012;03:00:39;1019;10.619;90.4;15.9
2012;13.08.2012;03:20:40;1019;10.703;91.1;15.9
2012;13.08.2012;03:40:39;1019;10.575;90.6;15.8
2012;13.08.2012;04:00:39;1019;10.445;86.7;16.3
2012;13.08.2012;04:20:39;1019.1;10.491;88.2;16.1
2012;13.08.2012;04:40:40;1019.1;10.518;91.3;15.6
2012;13.08.2012;05:00:39;1019.2;10.623;92.8;15.5
2012;13.08.2012;05:20:39;1019.3;10.716;93;15.6
2012;13.08.2012;05:40:39;1019.3;10.549;91;15.7
2012;13.08.2012;06:00:39;1019.5;10.327;89.7;15.6
2012;13.08.2012;06:20:39;1019.7;10.304;90.1;15.5
2012;13.08.2012;06:40:39;1019.8;10.238;88.4;15.7
2012;13.08.2012;07:00:39;1019.9;10.19;88;15.7
2012;13.08.2012;07:20:39;1020;10.03;86.1;15.8
2012;13.08.2012;07:40:39;1020.2;9.74;82.6;16
2012;13.08.2012;08:00:40;1020.4;9.669;81.5;16.1
2012;13.08.2012;08:20:39;1020.6;9.815;82.2;16.2
2012;13.08.2012;09:00:38;1021;9.999;79.6;17
2012;13.08.2012;09:20:39;1021.2;10.189;81.1;17
2012;13.08.2012;09:40:39;1021.3;10.376;80;17.5
2012;13.08.2012;10:00:39;1021.4;10.229;78.4;17.6
2012;13.08.2012;10:20:39;1021.5;10.548;79.3;17.9
2012;13.08.2012;10:40:39;1021.6;10.321;75.7;18.3
2012;13.08.2012;11:00:39;1021.8;10.151;75.9;18
2012;13.08.2012;11:20:40;1021.8;9.994;75.7;17.8
2012;13.08.2012;11:40:39;1021.9;10.01;76.3;17.7
2012;13.08.2012;12:00:40;1022;10.176;76.1;18
2012;13.08.2012;12:20:39;1022;9.79;72.8;18.1
2012;13.08.2012;12:40:40;1022;9.935;73.4;18.2
2012;13.08.2012;13:00:39;1022;9.833;72.2;18.3
2012;13.08.2012;13:20:39;1021.9;9.938;72.5;18.4
2012;13.08.2012;13:40:39;1021.9;9.983;69.7;19.1
2012;13.08.2012;14:00:39;1021.8;10.155;70;19.3
2012;13.08.2012;14:20:39;1021.8;10.071;69;19.4
2012;13.08.2012;14:40:39;1021.8;10.12;68.9;19.5
2012;13.08.2012;15:00:38;1021.7;10.06;66.4;20
2012;13.08.2012;15:20:39;1021.6;9.955;64.9;20.2
2012;13.08.2012;15:40:39;1021.5;9.754;64;20.1
2012;13.08.2012;16:00:39;1021.4;9.583;62.5;20.2
2012;13.08.2012;16:20:39;1021.3;9.584;62.5;20.2
2012;13.08.2012;16:40:39;1021.2;9.741;63.9;20.1
2012;13.08.2012;17:00:38;1021.1;9.742;61.2;20.8
2012;13.08.2012;17:20:39;1021.1;9.897;64.1;20.3
2012;13.08.2012;17:40:39;1021.1;9.836;61.4;20.9
2012;13.08.2012;18:00:39;2021;9.42;59.2;20.8
2012;13.08.2012;18:20:39;1020.9;9.825;61.7;20.8
2012;13.08.2012;18:40:38;1020.8;9.449;60.1;20.6
2012;13.08.2012;19:20:39;1020.7;9.109;56.9;20.9
2012;13.08.2012;19:40:39;1020.7;9.213;57.9;20.8
2012;13.08.2012;20:00:39;1020.7;8.549;52.8;21.1
2012;13.08.2012;20:20:40;1020.7;8.263;53.3;20.4
2012;13.08.2012;20:40:39;1020.7;8.556;56.9;19.9
2012;13.08.2012;21:00:42;1020.8;8.594;59.7;19.2
2012;13.08.2012;21:20:39;1021;8.736;63;18.6
2012;13.08.2012;21:40:39;1021.2;8.83;65.3;18.2
2012;13.08.2012;22:00:39;1021.4;8.747;64.7;18.2
2012;13.08.2012;22:20:39;1021.4;8.5;63.7;18
2012;13.08.2012;22:40:41;1021.4;8.299;63;17.8
2012;13.08.2012;23:00:39;1021.4;8.113;62;17.7
2012;13.08.2012;23:20:39;1021.4;8.072;61.3;17.8
2012;13.08.2012;23:40:39;1021.3;8.036;61.8;17.6
2012;14.08.2012;00:00:39;1021.3;8.023;61.7;17.6
2012;14.08.2012;00:20:39;1021.2;8.024;61.7;17.6
2012;14.08.2012;00:40:39;1021.1;7.999;61.9;17.5
2012;14.08.2012;01:00:39;1021.1;7.935;61.4;17.5
2012;14.08.2012;01:20:39;1021;7.939;63;17.1
2012;14.08.2012;01:40:39;1020.8;7.876;62.5;17.1
2012;14.08.2012;02:00:39;1020.7;7.865;62.8;17
2012;14.08.2012;02:20:39;1020.5;7.777;63.7;16.6
2012;14.08.2012;02:40:39;1020.4;7.791;63.8;16.6
2012;14.08.2012;03:00:39;1020.2;7.853;64.7;16.5
2012;14.08.2012;03:20:42;1020.1;7.768;64;16.5
2012;14.08.2012;03:40:39;1019.9;8.207;71.1;15.7
2012;14.08.2012;04:00:38;1019.8;8.088;73.3;15
2012;14.08.2012;04:20:39;1019.7;7.958;71.2;15.2
2012;14.08.2012;04:40:40;1019.5;7.761;69;15.3
2012;14.08.2012;05:00:39;1019.3;7.733;68.3;15.4
2012;14.08.2012;05:20:39;1019;7.647;67.1;15.5
2012;14.08.2012;05:40:39;1018.7;7.568;66.4;15.5
2012;14.08.2012;06:00:40;1018.6;7.472;67.7;15
2012;14.08.2012;06:20:39;1018.5;7.562;68.5;15
2012;14.08.2012;06:40:39;1018.3;7.488;68.7;14.8
2012;14.08.2012;07:00:39;1018.1;7.416;67.6;14.9
2012;14.08.2012;07:20:39;1018;7.539;68.7;14.9
2012;14.08.2012;07:40:39;1017.9;7.654;68.4;15.2
2012;14.08.2012;08:00:39;1017.8;8.037;72.7;15
2012;14.08.2012;08:20:38;1017.7;8.375;70.1;16.2
2012;14.08.2012;08:40:39;1017.6;7.991;63.2;17.1
2012;14.08.2012;09:00:38;1017.5;8.264;64.1;17.4
2012;14.08.2012;09:20:39;1017.5;9.121;72;17.1
2012;14.08.2012;09:40:39;1017.4;9.188;71.6;17.3
2012;14.08.2012;10:00:39;1017.3;9.305;69.8;17.9
2012;14.08.2012;10:20:39;1017.3;9.174;69.7;17.7
2012;14.08.2012;10:40:38;1017.3;9.192;66;18.6
2012;14.08.2012;11:00:39;1017.2;9.154;64.1;19
2012;14.08.2012;11:20:38;1017.1;7.654;46.6;21.3
2012;14.08.2012;11:40:39;1017;7.725;47.6;21.1
2012;14.08.2012;12:00:39;1017;7.76;48.7;20.8
2012;14.08.2012;12:20:39;1017;7.631;48.2;20.7
2012;14.08.2012;13:20:39;1017.8;9.453;73.2;17.4
2012;14.08.2012;13:40:39;1018.1;9.524;77.6;16.6
2012;14.08.2012;14:00:40;1018.2;9.632;80.5;16.2
2012;14.08.2012;14:20:39;1018.3;9.517;81.1;15.9
2012;14.08.2012;14:40:38;1018.1;9.481;81.3;15.8
2012;14.08.2012;15:00:39;1018;9.5;77.4;16.6
2012;14.08.2012;15:20:39;1018;9.172;72.9;17
2012;14.08.2012;16:00:39;1017.8;9.843;75.7;17.5
2012;14.08.2012;16:20:39;1017.7;9.35;71.5;17.6
2012;14.08.2012;16:40:39;1017.9;9.575;77.5;16.7
2012;14.08.2012;17:00:39;1018;9.027;82.6;14.8
2012;14.08.2012;17:20:39;1018.1;9.217;82.7;15.1
2012;14.08.2012;17:40:38;1018;9.249;85.7;14.6
2012;14.08.2012;18:00:39;1018.2;9.394;83.2;15.3
2012;14.08.2012;18:20:38;1018.1;9.042;77.1;15.9
2012;14.08.2012;19:00:39;1017.8;9.117;77.7;15.9
2012;14.08.2012;19:20:39;1017.6;9.237;77.7;16.1
2012;14.08.2012;20:00:39;1017.8;9.187;77.3;16.1
2012;14.08.2012;20:20:39;1017.9;9.021;77.4;15.8
2012;14.08.2012;21:00:40;1018.2;8.925;78.1;15.5
2012;14.08.2012;21:20:39;1018.6;8.365;79.7;14.2
2012;14.08.2012;21:40:39;1019;8.148;81.3;13.5
2012;14.08.2012;22:00:39;1019.2;8.077;85.5;12.6
2012;14.08.2012;22:20:40;1019.2;7.875;84.5;12.4
2012;14.08.2012;23:00:39;1019.5;7.374;79.2;12.4
2012;14.08.2012;23:20:39;1019.5;7.373;79.2;12.4
2012;14.08.2012;23:40:39;1019.6;7.338;77.8;12.6
2012;15.08.2012;00:00:41;1019.8;7.444;77.9;12.8
2012;15.08.2012;00:20:39;1019.9;7.704;82.2;12.5
2012;15.08.2012;00:40:39;1019.9;7.803;86.6;11.9
2012;15.08.2012;01:00:39;1020;8.005;86.5;12.3
2012;15.08.2012;01:20:39;1020;8.013;84.9;12.6
2012;15.08.2012;01:40:38;1020;7.965;84.4;12.6
2012;15.08.2012;02:00:39;1020;7.955;83.2;12.8
2012;15.08.2012;02:20:39;1020;7.936;83;12.8
2012;15.08.2012;02:40:39;1020;7.827;84.6;12.3
2012;15.08.2012;03:00:39;1020;7.756;83.3;12.4
2012;15.08.2012;03:20:39;1019.9;7.755;85.5;12
2012;15.08.2012;03:40:39;1019.8;7.825;87.4;11.8
2012;15.08.2012;04:00:39;1019.9;7.975;87.9;12
2012;15.08.2012;04:20:39;1020;7.867;85.6;12.2
2012;15.08.2012;04:40:38;1020.1;7.727;84.1;12.2
2012;15.08.2012;05:00:39;1020.1;7.653;83.3;12.2
2012;15.08.2012;05:20:40;1020.2;7.546;82.7;12.1
2012;15.08.2012;05:40:38;1020.4;7.412;81.8;12
2012;15.08.2012;06:00:38;1020.6;7.355;81.2;12
2012;15.08.2012;06:20:39;1020.6;7.376;80.9;12.1
2012;15.08.2012;06:40:39;1020.8;7.354;81.2;12
2012;15.08.2012;07:00:39;1020.9;7.384;81;12.1
2012;15.08.2012;07:20:39;1020.9;7.371;79.8;12.3
2012;15.08.2012;07:40:40;1020.9;7.327;78.3;12.5
2012;15.08.2012;08:00:40;1020.9;7.425;78.3;12.7
2012;15.08.2012;08:20:39;1020.8;7.358;75.1;13.2
2012;15.08.2012;08:40:39;1020.8;7.235;72.9;13.4
2012;15.08.2012;09:00:40;1020.9;7.209;73.6;13.2
2012;15.08.2012;09:20:41;1020.9;7.279;74.3;13.2
2012;15.08.2012;09:40:40;1020.8;7.438;76.4;13.1
2012;15.08.2012;10:00:39;1020.9;7.469;73.3;13.8
2012;15.08.2012;10:20:39;1021;7.505;71.3;14.3
2012;15.08.2012;10:40:39;1021.1;7.175;69.1;14.1
2012;15.08.2012;11:00:41;1021.1;7.522;70.1;14.6
2012;15.08.2012;11:20:41;1021.1;7.533;69.3;14.8
2012;15.08.2012;11:40:39;1021.1;7.487;68;15
2012;15.08.2012;12:00:40;1021.1;7.588;69.8;14.8
2012;15.08.2012;12:20:39;1021.2;7.902;73.6;14.6
2012;15.08.2012;12:40:39;1021.2;7.931;76.3;14.1
2012;15.08.2012;13:00:41;1021.4;8.198;80.4;13.8
2012;15.08.2012;13:20:39;1021.4;8.45;82.3;13.9
2012;15.08.2012;13:40:39;1021.4;8.233;79.7;14
2012;15.08.2012;14:00:40;1021.4;8.544;79;14.7
2012;15.08.2012;14:20:40;1021.3;7.987;72.5;15
2012;15.08.2012;14:40:39;1021.3;7.696;69;15.2
2012;15.08.2012;15:00:39;1021.4;7.499;66.4;15.4
2012;15.08.2012;15:20:39;1021.4;7.975;67.9;16
2012;15.08.2012;15:40:40;1021.4;7.647;61.9;16.8
2012;15.08.2012;16:00:39;1021.3;7.275;59.3;16.7
2012;15.08.2012;16:20:39;1021.3;7.403;61.1;16.5
2012;15.08.2012;16:40:39;1021.3;7.241;59.4;16.6
2012;15.08.2012;17:00:39;1021.5;7.258;60.7;16.3
2012;15.08.2012;17:20:39;1021.5;7.367;61.6;16.3
2012;15.08.2012;18:00:40;1021.6;7.415;63.2;16
2012;15.08.2012;18:20:40;1021.7;7.697;66;15.9
2012;15.08.2012;18:40:39;1021.8;7.342;62.2;16.1
2012;15.08.2012;19:00:39;1021.8;7.268;60.8;16.3
2012;15.08.2012;19:20:39;1021.8;7.378;62.1;16.2
2012;15.08.2012;19:40:39;1021.9;7.377;62.5;16.1
2012;15.08.2012;20:00:40;1022;7.553;64.8;15.9
2012;15.08.2012;20:20:40;1022.1;7.499;65.6;15.6
2012;15.08.2012;21:00:40;1022.3;7.478;68;15
2012;15.08.2012;21:40:38;1022.6;7.598;70.9;14.6
2012;15.08.2012;22:00:39;1022.7;7.606;71.9;14.4
2012;15.08.2012;22:20:39;1022.8;7.615;72;14.4
2012;15.08.2012;23:00:42;1022.8;7.558;74.3;13.8
2012;15.08.2012;23:20:40;1022.9;7.563;73.4;14
2012;15.08.2012;23:40:39;1022.9;7.577;74.5;13.8
2012;16.08.2012;00:00:40;1022.9;7.579;75;13.7
2012;16.08.2012;00:20:40;1022.9;7.792;78.6;13.4
2012;16.08.2012;00:40:39;1022.9;8.069;81.9;13.3
2012;16.08.2012;01:00:41;1022.9;8.106;81.2;13.5
2012;16.08.2012;01:20:40;1022.8;8.137;81.5;13.5
2012;16.08.2012;01:40:39;1022.8;8.182;81.4;13.6
2012;16.08.2012;02:00:40;1022.7;8.185;82.5;13.4
2012;16.08.2012;02:20:39;1022.5;8.212;83.3;13.3
2012;16.08.2012;02:40:39;1022.4;8.272;82.8;13.5
2012;16.08.2012;03:00:41;1022.2;8.281;81.8;13.7
2012;16.08.2012;03:20:41;1022.1;8.248;82;13.6
2012;16.08.2012;03:40:39;1021.9;8.27;82.2;13.6
2012;16.08.2012;04:00:39;1021.7;8.251;82;13.6
2012;16.08.2012;04:20:39;1021.6;8.307;82;13.7
2012;16.08.2012;04:40:39;1021.4;8.402;84;13.5
2012;16.08.2012;05:00:38;1021.3;8.493;86;13.3
2012;16.08.2012;05:20:39;1021.2;8.624;87.3;13.3
2012;16.08.2012;05:40:38;1021.2;8.594;87;13.3
2012;16.08.2012;06:00:40;1021.2;8.586;87.5;13.2
2012;16.08.2012;06:20:39;1021.3;8.586;87.5;13.2
2012;16.08.2012;06:40:39;1021.4;8.637;88.6;13.1
2012;16.08.2012;07:00:39;1021.4;8.688;89.7;13
2012;16.08.2012;07:20:39;1021.5;8.783;89.5;13.2
2012;16.08.2012;07:40:40;1021.6;8.862;90.3;13.2
2012;16.08.2012;08:00:39;1021.7;8.839;89.5;13.3
2012;16.08.2012;08:20:39;1021.8;8.936;89.3;13.5
2012;16.08.2012;08:40:39;1021.9;9.197;90.1;13.8
2012;16.08.2012;09:00:40;1022;9.464;90.9;14.1
2012;16.08.2012;09:20:40;1022.2;9.326;86.2;14.7
2012;16.08.2012;09:40:39;1022.3;9.364;86;14.8
2012;16.08.2012;10:00:41;1022.4;9.335;84.1;15.1
2012;16.08.2012;10:20:39;1022.6;9.224;82.6;15.2
2012;16.08.2012;10:40:39;1022.7;9.449;81.4;15.8
2012;16.08.2012;11:00:39;1022.8;9.107;78.5;15.8
2012;16.08.2012;11:20:39;1022.9;9.553;78.2;16.6
2012;16.08.2012;11:40:41;1022.9;8.807;75;16
2012;16.08.2012;12:00:40;1022.9;8.966;73;16.7
2012;16.08.2012;12:20:40;1022.9;8.835;71.5;16.8
2012;16.08.2012;12:40:39;1022.9;8.802;72.6;16.5
2012;16.08.2012;13:00:39;1022.9;8.698;71.3;16.6
2012;16.08.2012;13:40:39;1022.9;8.962;73.9;16.5
2012;16.08.2012;14:00:39;1022.9;8.849;77.3;15.6
2012;16.08.2012;14:20:39;1022.9;9.689;79.3;16.6
2012;16.08.2012;14:40:39;1022.9;9.039;72.2;17
2012;16.08.2012;15:00:42;1022.9;8.729;70.2;16.9
2012;16.08.2012;15:20:39;1022.9;8.772;71.9;16.6
2012;16.08.2012;15:40:39;1022.9;8.891;72.4;16.7
2012;16.08.2012;16:00:39;1022.8;8.957;72;16.9
2012;16.08.2012;16:20:39;1022.7;8.679;64.7;18.1
2012;16.08.2012;16:40:39;1022.6;8.585;64;18.1
2012;16.08.2012;17:00:40;1022.6;8.716;66.2;17.8
2012;16.08.2012;17:20:39;1022.5;8.848;65.1;18.3
2012;16.08.2012;17:40:39;1022.4;8.916;66;18.2
2012;16.08.2012;18:00:39;1022.4;8.805;65.6;18.1
2012;16.08.2012;18:20:39;1022.2;8.849;65.5;18.2
2012;16.08.2012;19:00:39;1021.9;9.044;66.9;18.2
2012;16.08.2012;19:20:39;1021.8;9.278;68.6;18.2
2012;16.08.2012;19:40:41;1021.7;8.968;67.6;17.9
2012;16.08.2012;20:20:40;1021.6;8.904;70.6;17.1
2012;16.08.2012;21:00:41;1021.8;9.001;73.2;16.7
2012;16.08.2012;21:40:41;1022;8.983;76.4;16
2012;16.08.2012;22:00:39;1022;9.09;77.8;15.9
2012;16.08.2012;22:20:39;1022;8.938;78;15.6
2012;16.08.2012;22:40:39;1021.9;8.823;77.5;15.5
2012;16.08.2012;23:00:39;1021.9;8.789;78.2;15.3
2012;16.08.2012;23:20:39;1021.9;8.742;79.3;15
2012;16.08.2012;23:40:39;1021.8;9.043;79.9;15.4
2012;17.08.2012;00:00:42;1021.7;8.665;78.6;15
2012;17.08.2012;00:20:39;1021.7;8.716;80.6;14.7
2012;17.08.2012;00:40:39;1021.7;8.729;80.2;14.8
2012;17.08.2012;01:00:39;1021.7;8.66;80.6;14.6
2012;17.08.2012;01:20:40;1021.6;8.794;81.3;14.7
2012;17.08.2012;01:40:39;1021.5;8.667;83.3;14.1
2012;17.08.2012;02:00:39;1021.3;8.474;84.7;13.5
2012;17.08.2012;02:20:40;1021.1;8.712;83.7;14.1
2012;17.08.2012;02:40:39;1021;8.566;86.7;13.3
2012;17.08.2012;03:00:39;1020.8;8.457;87.3;13
2012;17.08.2012;03:20:39;1020.8;8.349;87.9;12.7
2012;17.08.2012;03:40:40;1020.7;8.334;88.9;12.5
2012;17.08.2012;04:00:40;1020.6;8.624;88.4;13.1
2012;17.08.2012;04:20:39;1020.5;8.782;89.4;13.2
2012;17.08.2012;04:40:39;1020.5;8.346;89.6;12.4
2012;17.08.2012;05:00:39;1020.5;8.582;90.3;12.7
2012;17.08.2012;05:20:40;1020.5;8.742;89;13.2
2012;17.08.2012;05:40:39;1020.5;8.78;88.8;13.3
2012;17.08.2012;06:00:40;1020.5;8.717;91.1;12.8
2012;17.08.2012;06:20:39;1020.4;8.864;91.4;13
2012;17.08.2012;06:40:39;1020.5;8.505;89.5;12.7
2012;17.08.2012;07:00:43;1020.5;8.494;88.8;12.8
2012;17.08.2012;07:40:39;1020.6;8.462;87.9;12.9
2012;17.08.2012;08:00:39;1020.7;8.617;89.5;12.9
2012;17.08.2012;08:20:41;1020.7;8.357;83.5;13.5
2012;17.08.2012;08:40:39;1020.8;8.317;81.5;13.8
2012;17.08.2012;09:00:39;1020.8;8.498;80.6;14.3
2012;17.08.2012;09:20:39;1020.8;8.522;80.3;14.4
2012;17.08.2012;09:40:41;1020.8;9.02;81.7;15
2012;17.08.2012;10:00:39;1020.9;8.832;79;15.2
2012;17.08.2012;10:20:39;1020.8;8.653;74.5;15.8
2012;17.08.2012;10:40:40;1020.8;8.89;74.1;16.3
2012;17.08.2012;11:00:39;1020.7;8.688;72.9;16.2
2012;17.08.2012;11:20:39;1020.7;8.458;71;16.2
2012;17.08.2012;11:40:39;1020.7;8.436;65.2;17.5
2012;17.08.2012;12:00:39;1020.5;8.662;60.9;19
2012;17.08.2012;12:20:41;1020.4;8.168;54;20
2012;17.08.2012;12:40:39;1020.2;8.809;57.1;20.3
2012;17.08.2012;13:00:39;1020.2;9.024;56.7;20.8
2012;17.08.2012;13:20:40;1020.1;9.184;58.4;20.6
2012;17.08.2012;13:40:39;1019.9;9.034;53.7;21.7
2012;17.08.2012;14:00:39;1019.9;9.239;53.9;22
2012;17.08.2012;14:20:39;1019.7;9.197;53;22.2
2012;17.08.2012;14:40:40;1019.7;9.461;54.5;22.2
2012;17.08.2012;15:00:40;1019.5;9.451;54.1;22.3
2012;17.08.2012;15:20:39;1019.4;9.656;52;23.3
2012;17.08.2012;15:40:40;1019.2;10.043;54.7;23.1
2012;17.08.2012;16:00:39;1019.1;10.017;53.9;23.3
2012;17.08.2012;16:20:39;1019;9.743;51.5;23.6
2012;17.08.2012;16:40:39;1018.8;10.83;56.8;23.7
2012;17.08.2012;17:00:39;1018.7;11.268;59.4;23.6
2012;17.08.2012;17:20:39;1018.5;10.922;57.6;23.6
2012;17.08.2012;17:40:40;1018.4;10.914;57.9;23.5
2012;17.08.2012;18:00:40;1018.3;10.781;57.2;23.5
2012;17.08.2012;18:20:40;1018.2;11.162;59.9;23.3
2012;17.08.2012;18:40:39;1018.1;10.978;60;23
2012;17.08.2012;19:00:39;1018.1;11.24;63.3;22.5
2012;17.08.2012;19:40:39;1018.1;11.248;65.7;21.9
2012;17.08.2012;20:00:40;1018.1;11.326;68.2;21.4
2012;17.08.2012;20:20:39;1018.2;11.43;70.1;21.1
2012;17.08.2012;21:00:40;1018.3;10.672;68;20.5
2012;17.08.2012;21:20:39;1018.5;10.67;69.7;20.1
2012;17.08.2012;21:40:39;1018.6;10.443;70.4;19.6
2012;17.08.2012;22:20:39;1018.7;10.255;70.9;19.2
2012;17.08.2012;22:40:39;1018.7;10.198;72.3;18.8
2012;17.08.2012;23:00:39;1018.8;10.173;73.5;18.5
2012;17.08.2012;23:40:39;1018.9;9.943;73.7;18.1
2012;18.08.2012;00:00:40;1018.9;9.875;74.6;17.8
2012;18.08.2012;00:20:40;1018.9;9.851;76.8;17.3
2012;18.08.2012;00:40:41;1019;9.765;78.6;16.8
2012;18.08.2012;01:00:40;1018.9;9.761;81.1;16.3
2012;18.08.2012;01:20:40;1018.9;9.645;81.7;16
2012;18.08.2012;01:40:39;1018.8;9.694;82.1;16
2012;18.08.2012;02:00:42;1018.7;9.614;83;15.7
2012;18.08.2012;02:20:41;1018.6;9.727;84.5;15.6
2012;18.08.2012;02:40:39;1018.5;9.85;85;15.7
2012;18.08.2012;03:00:39;1018.5;9.655;85.5;15.3
2012;18.08.2012;03:20:39;1018.5;9.495;86.3;14.9
2012;18.08.2012;03:40:38;1018.5;9.62;86.3;15.1
2012;18.08.2012;04:00:39;1018.5;9.574;87;14.9
2012;18.08.2012;04:20:40;1018.4;9.41;87.2;14.6
2012;18.08.2012;04:40:39;1018.4;9.316;86.9;14.5
2012;18.08.2012;05:00:40;1018.4;9.494;87.4;14.7
2012;18.08.2012;05:20:39;1018.3;9.546;87.3;14.8
2012;18.08.2012;05:40:39;1018.3;9.69;86.9;15.1
2012;18.08.2012;06:00:39;1018.3;9.656;86.6;15.1
2012;18.08.2012;06:20:39;1018.3;9.69;86.9;15.1
2012;18.08.2012;06:40:39;1018.3;9.771;86.5;15.3
2012;18.08.2012;07:00:40;1018.4;9.794;86.7;15.3
2012;18.08.2012;07:20:39;1018.4;9.846;86.6;15.4
2012;18.08.2012;07:40:39;1018.4;9.898;86.5;15.5
2012;18.08.2012;08:00:39;1018.5;9.74;86.8;15.2
2012;18.08.2012;08:20:39;1018.5;9.921;86.7;15.5
2012;18.08.2012;08:40:39;1018.5;9.856;84.5;15.8
2012;18.08.2012;09:00:39;1018.4;9.757;84.2;15.7
2012;18.08.2012;09:20:39;1018.4;9.694;82.6;15.9
2012;18.08.2012;09:40:40;1018.4;9.754;83.1;15.9
2012;18.08.2012;10:00:40;1018.4;9.814;83.6;15.9
2012;18.08.2012;10:20:39;1018.4;9.873;82.5;16.2
2012;18.08.2012;10:40:39;1018.5;10.028;82.2;16.5
2012;18.08.2012;11:00:39;1018.6;9.859;82.4;16.2
2012;18.08.2012;11:20:40;1018.6;9.956;83.2;16.2
2012;18.08.2012;11:40:40;1018.7;10.044;83.4;16.3
2012;18.08.2012;12:00:40;1018.7;9.815;80.5;16.5
2012;18.08.2012;12:20:39;1018.7;9.954;81.1;16.6
2012;18.08.2012;12:40:39;1018.7;10.179;78.8;17.4
2012;18.08.2012;13:00:39;1018.5;10.418;79.1;17.7
2012;18.08.2012;13:20:39;1018.5;10.302;75.8;18.2
2012;18.08.2012;13:40:40;1018.3;10.442;72.6;19.1
2012;18.08.2012;14:00:41;1018.2;10.286;70.2;19.4
2012;18.08.2012;14:20:39;1018.1;10.683;66.4;20.9
2012;18.08.2012;14:40:39;1018;10.818;64;21.7
2012;18.08.2012;15:40:39;1017.5;11.43;60.9;23.4
2012;18.08.2012;16:00:39;1017.3;11.253;61.8;22.9
2012;18.08.2012;16:20:40;1017.1;10.842;57.8;23.4
2012;18.08.2012;16:40:40;1016.9;10.782;55.1;24.1
2012;18.08.2012;17:20:39;1016.5;10.702;53.7;24.4
2012;18.08.2012;17:40:41;1016.3;9.865;48.1;24.9
2012;18.08.2012;18:00:39;1016.3;10.659;53.8;24.3
2012;18.08.2012;19:00:41;1016;12.291;66.1;23.2
2012;18.08.2012;19:40:39;1016.3;12.555;74.4;21.6
2012;18.08.2012;20:00:43;1016.4;11.111;65.2;21.8
2012;18.08.2012;20:20:38;1016.5;10.76;62.8;21.9
2012;18.08.2012;20:40:39;1016.6;11.674;69.3;21.6
2012;18.08.2012;21:00:40;1016.7;11.913;73.8;20.9
2012;18.08.2012;21:20:39;1016.9;12.135;74.7;21
2012;18.08.2012;21:40:39;1017.1;11.875;73.6;20.9
2012;18.08.2012;22:00:39;1017.4;11.313;71.5;20.6
2012;18.08.2012;22:20:39;1017.5;10.708;65.7;21.1
2012;18.08.2012;22:40:39;1017.6;10.457;63.8;21.2
2012;18.08.2012;23:00:41;1017.7;10.589;65.8;20.9
2012;18.08.2012;23:20:40;1017.8;10.648;67.4;20.6
2012;18.08.2012;23:40:39;1017.9;10.788;71.3;19.9
2012;19.08.2012;00:00:40;1018.1;11.243;72.9;20.2
2012;19.08.2012;00:20:39;1018.2;11.288;74.1;20
2012;19.08.2012;00:40:39;1018.2;11.044;76.7;19.1
2012;19.08.2012;01:00:41;1018.1;11.088;77;19.1
2012;19.08.2012;01:20:39;1018.1;10.835;74.8;19.2
2012;19.08.2012;01:40:40;1018;11.124;78.7;18.8
2012;19.08.2012;02:00:41;1018.1;11.095;78.5;18.8
2012;19.08.2012;02:20:39;1018.1;10.941;78.9;18.5
2012;19.08.2012;02:40:39;1018.1;11.221;81.9;18.3
2012;19.08.2012;03:00:43;1018.1;10.994;81.8;18
2012;19.08.2012;03:20:39;1018.1;10.734;79.4;18.1
2012;19.08.2012;03:40:40;1018.1;10.25;82.9;16.7
2012;19.08.2012;04:00:40;1018.1;10.678;83.6;17.2
2012;19.08.2012;04:20:39;1018.1;10.451;82.9;17
2012;19.08.2012;04:40:39;1018.1;10.276;83.1;16.7
2012;19.08.2012;05:00:39;1018.1;10.538;82;17.3
2012;19.08.2012;05:20:39;1018;10.321;82.4;16.9
2012;19.08.2012;05:40:39;1018;10.398;84.6;16.6
2012;19.08.2012;06:00:41;1018.1;10.222;83.2;16.6
2012;19.08.2012;06:20:39;1018.1;10.16;82.7;16.6
2012;19.08.2012;06:40:39;1018.1;10.444;83.9;16.8
2012;19.08.2012;07:00:39;1018.2;10.278;82.6;16.8
2012;19.08.2012;07:20:39;1018.3;10.337;83.6;16.7
2012;19.08.2012;07:40:39;1018.3;10.423;82.7;17
2012;19.08.2012;08:00:40;1018.4;10.518;82.4;17.2
2012;19.08.2012;08:20:39;1018.5;10.699;83.8;17.2
2012;19.08.2012;08:40:39;1018.6;10.89;82.1;17.8
2012;19.08.2012;09:00:40;1018.6;11.074;85.6;17.4
2012;19.08.2012;09:20:39;1018.7;11.235;85.2;17.7
2012;19.08.2012;09:40:39;1018.7;11.233;83.6;18
2012;19.08.2012;10:00:39;1018.8;11.493;85.5;18
2012;19.08.2012;10:20:39;1018.8;11.336;83.3;18.2
2012;19.08.2012;10:40:39;1018.8;11.724;86.1;18.2
2012;19.08.2012;11:00:39;1018.8;11.866;85.5;18.5
2012;19.08.2012;11:20:39;1018.7;11.84;83.2;18.9
2012;19.08.2012;11:40:41;1018.6;11.729;79.9;19.4
2012;19.08.2012;12:00:39;1018.5;12.324;81.3;19.9
2012;19.08.2012;12:20:39;1018.4;11.821;76.6;20.2
2012;19.08.2012;13:20:40;1018.2;11.937;72.7;21.2
2012;19.08.2012;13:40:39;1018.1;11.659;70.6;21.3
2012;19.08.2012;14:00:39;1018;11.913;69.5;21.9
2012;19.08.2012;14:40:39;1017.8;11.694;69.5;21.6
2012;19.08.2012;15:00:39;1017.7;11.314;63.3;22.6
2012;19.08.2012;16:00:39;1017.5;12.137;67.8;22.6
2012;19.08.2012;16:20:40;1017.5;12.141;67;22.8
2012;19.08.2012;16:40:40;1017.4;12.256;66;23.2
2012;19.08.2012;17:00:41;1017.4;11.183;59.6;23.4
2012;19.08.2012;17:20:40;1017.4;11.833;63;23.4
2012;19.08.2012;17:40:39;1017.3;10.945;58;23.5
2012;19.08.2012;18:00:39;1017.3;10.923;59.3;23.1
2012;19.08.2012;18:20:39;1017.3;10.99;55.5;24.3
2012;19.08.2012;18:40:39;1017.4;10.502;54.7;23.8
2012;19.08.2012;19:00:40;1017.5;10.279;55.2;23.3
2012;19.08.2012;19:20:39;1017.6;10.268;56.5;22.9
2012;19.08.2012;20:00:39;1017.9;10.426;59.5;22.3
2012;19.08.2012;21:20:39;1018.8;11.254;70.8;20.7
2012;19.08.2012;21:40:43;1019;11.324;74.4;20
2012;19.08.2012;22:00:41;1019.2;10.473;70.2;19.7
2012;19.08.2012;22:20:39;1019.5;9.812;67.1;19.4
2012;19.08.2012;23:00:40;1020.2;9.623;74.2;17.5
2012;19.08.2012;23:40:40;1020.9;10.318;84.2;16.6
2012;20.08.2012;00:00:41;1021;10.367;84.6;16.6
2012;20.08.2012;00:20:40;1020.8;10.346;85.5;16.4
2012;20.08.2012;00:40:39;1020.7;10.834;87.2;16.8
2012;20.08.2012;01:00:40;1020.9;10.991;86.8;17.1
2012;20.08.2012;01:20:40;1021.2;10.471;86;16.5
2012;20.08.2012;01:40:41;1021.3;10.169;84.1;16.4
2012;20.08.2012;02:00:40;1021.3;10.541;88.8;16.1
2012;20.08.2012;02:20:40;1021.3;10.625;89.5;16.1
2012;20.08.2012;02:40:39;1021.2;10.871;89.8;16.4
2012;20.08.2012;03:00:39;1021.2;11.079;90.9;16.5
2012;20.08.2012;03:20:39;1021.1;11.086;89.8;16.7
2012;20.08.2012;03:40:39;1021;10.684;87.7;16.5
2012;20.08.2012;04:00:40;1020.9;10.351;87.2;16.1
2012;20.08.2012;04:20:40;1020.8;10.433;89;15.9
2012;20.08.2012;04:40:41;1020.6;10.441;90.2;15.7
2012;20.08.2012;05:20:39;1020.3;10.11;86.8;15.8
2012;20.08.2012;05:40:41;1020.1;10.089;86.6;15.8
2012;20.08.2012;06:00:39;1020;9.628;82.7;15.8
2012;20.08.2012;06:20:40;1019.9;9.357;80.4;15.8
2012;20.08.2012;07:00:39;1020;9.202;79.6;15.7
2012;20.08.2012;07:20:39;1019.9;9.082;80.1;15.4
2012;20.08.2012;07:40:39;1020;9.143;79.1;15.7
2012;20.08.2012;08:00:41;1019.9;9.169;78.3;15.9
2012;20.08.2012;09:00:40;1020;10.127;88.6;15.5
2012;20.08.2012;09:20:40;1020.1;10.052;87.4;15.6
2012;20.08.2012;09:40:39;1020.2;9.82;83.8;15.9
2012;20.08.2012;10:00:39;1020.3;9.739;82.6;16
2012;20.08.2012;10:20:42;1020.3;9.984;84.1;16.1
2012;20.08.2012;10:40:40;1020.4;10.162;84.5;16.3
2012;20.08.2012;11:00:39;1020.3;10.241;84.6;16.4
2012;20.08.2012;11:20:41;1020.4;10.326;85.3;16.4
2012;20.08.2012;11:40:39;1020.4;10.634;85.6;16.8
2012;20.08.2012;12:20:39;1020.3;10.869;85.8;17.1
2012;20.08.2012;12:40:39;1020.2;10.682;83.8;17.2
2012;20.08.2012;13:00:39;1020.1;10.308;79.9;17.4
2012;20.08.2012;13:40:39;1019.9;10.48;77.2;18.2
2012;20.08.2012;14:20:39;1019.7;10.41;76.2;18.3
2012;20.08.2012;14:40:39;1019.6;10.498;75.4;18.6
2012;20.08.2012;15:00:39;1019.5;10.571;75.9;18.6
2012;20.08.2012;15:20:40;1019.3;10.914;75.9;19.1
2012;20.08.2012;16:20:39;1019;10.233;74.4;18.4
2012;20.08.2012;16:40:39;1018.8;10.232;75.8;18.1
2012;20.08.2012;17:00:40;1018.8;10.257;75.5;18.2
2012;20.08.2012;17:40:39;1018.7;10.034;72.5;18.5
2012;20.08.2012;18:20:39;1018.6;10.237;76.3;18
2012;20.08.2012;21:00:40;1018.9;10.111;79.8;17.1
2012;20.08.2012;21:40:39;1018.8;10.221;82.2;16.8
2012;20.08.2012;22:00:39;1018.8;10.259;82.5;16.8
2012;20.08.2012;22:20:39;1018.8;10.231;82.8;16.7
2012;20.08.2012;22:40:38;1018.8;10.344;83.7;16.7
2012;20.08.2012;23:00:39;1018.7;10.266;83.6;16.6
2012;20.08.2012;23:20:39;1018.8;10.088;82.7;16.5
2012;20.08.2012;23:40:39;1019;10.172;83.4;16.5
2012;21.08.2012;00:00:39;1019;9.947;82.1;16.4
2012;21.08.2012;00:20:42;1018.8;9.997;82.5;16.4
2012;21.08.2012;01:00:38;1018.7;10.057;83.5;16.3
2012;21.08.2012;02:20:39;1018.3;10.093;84.3;16.2
2012;21.08.2012;02:40:39;1018.2;10.132;85.7;16
2012;21.08.2012;03:20:40;1018;10.152;86.4;15.9
2012;21.08.2012;05:20:39;1017.2;9.962;84.2;16
2012;21.08.2012;05:40:39;1017.1;10.107;85.4;16
2012;21.08.2012;06:20:39;1016.9;10.127;86.1;15.9
2012;21.08.2012;06:40:39;1016.9;10.067;85.6;15.9
2012;21.08.2012;07:00:40;1016.9;10.008;85.1;15.9
2012;21.08.2012;07:20:39;1016.9;10.049;86;15.8
2012;21.08.2012;07:40:39;1016.9;9.99;85.5;15.8
2012;21.08.2012;08:00:39;1016.9;9.943;85.1;15.8
2012;21.08.2012;08:20:39;1016.9;10.056;85.5;15.9
2012;21.08.2012;08:40:41;1016.8;9.991;85.5;15.8
2012;21.08.2012;09:00:41;1016.7;10.104;87;15.7
2012;21.08.2012;09:20:40;1016.6;10.082;86.8;15.7
2012;21.08.2012;09:40:39;1016.6;10.18;88.2;15.6
2012;21.08.2012;10:00:41;1016.6;10.348;90.2;15.5
2012;21.08.2012;10:20:39;1016.6;10.421;92;15.3
2012;21.08.2012;10:40:40;1016.5;10.377;92.8;15.1
2012;21.08.2012;11:00:39;1016.5;10.355;93.2;15
2012;21.08.2012;11:20:39;1016.3;10.481;93.7;15.1
2012;21.08.2012;11:40:40;1016.2;10.426;93.2;15.1
2012;21.08.2012;12:00:40;1016;10.45;93.4;15.1
2012;21.08.2012;12:20:39;1015.9;10.544;93;15.3
2012;21.08.2012;12:40:39;1015.7;10.523;92.8;15.3
2012;21.08.2012;13:00:39;1015.5;10.479;92.4;15.3
2012;21.08.2012;13:40:40;1015.1;10.679;93.5;15.4
2012;21.08.2012;14:40:39;1014.5;11.16;94.5;15.9
2012;21.08.2012;15:00:39;1014.3;11.283;93.7;16.2
2012;21.08.2012;15:20:39;1014.1;11.347;93;16.4
2012;21.08.2012;15:40:39;1013.8;11.498;93.6;16.5
2012;21.08.2012;16:00:39;1013.6;11.539;94.5;16.4
2012;21.08.2012;17:00:39;1012.9;11.953;94.7;16.9
2012;21.08.2012;17:20:39;1012.6;12.086;94.5;17.1
2012;21.08.2012;18:00:39;1012.4;12.226;92;17.7
2012;21.08.2012;19:40:39;1012.5;11.623;89.8;17.3
2012;21.08.2012;20:20:39;1012.5;11.878;92.9;17.1
2012;21.08.2012;22:20:39;1012.8;11.953;93.5;17.1
2012;21.08.2012;23:00:40;1012.7;12.019;94.6;17
2012;21.08.2012;23:20:39;1012.7;11.955;94.1;17
2012;21.08.2012;23:40:39;1012.7;11.942;94;17
2012;22.08.2012;00:00:39;1012.7;11.942;94.6;16.9
2012;22.08.2012;00:20:39;1012.7;11.904;94.3;16.9
2012;22.08.2012;00:40:41;1012.6;11.891;94.8;16.8
2012;22.08.2012;01:20:40;1012.5;11.855;94.5;16.8
2012;22.08.2012;01:40:41;1012.4;11.739;93;16.9
2012;22.08.2012;02:00:39;1012.4;11.586;91.8;16.9
2012;22.08.2012;02:20:39;1012.2;11.42;90.5;16.9
2012;22.08.2012;02:40:40;1012.1;11.319;89.7;16.9
2012;22.08.2012;03:00:39;1012.1;11.338;91;16.7
2012;22.08.2012;03:20:39;1012.1;11.37;94.2;16.2
2012;22.08.2012;03:40:41;1012;11.47;95;16.2
2012;22.08.2012;04:40:39;1011.7;10.856;94.1;15.5
2012;22.08.2012;05:00:39;1011.8;11.081;93;16
2012;22.08.2012;05:20:39;1011.8;10.889;95;15.4
2012;22.08.2012;05:40:39;1011.7;10.995;95.9;15.4
2012;22.08.2012;06:00:38;1011.7;11.127;96.4;15.5
2012;22.08.2012;06:20:39;1011.6;11.212;96.5;15.6
2012;22.08.2012;07:00:39;1011.6;11.383;96.7;15.8
2012;22.08.2012;07:20:39;1011.5;11.424;95.8;16
2012;22.08.2012;08:00:39;1011.5;11.362;95.9;15.9
2012;22.08.2012;08:20:39;1011.5;11.854;94.4;16.8
2012;22.08.2012;09:00:39;1011.6;11.738;94.7;16.6
2012;22.08.2012;09:20:39;1011.7;11.8;93.4;16.9
2012;22.08.2012;10:20:39;1011.9;11.823;94.2;16.8
2012;22.08.2012;11:00:39;1012.1;11.842;92;17.2
2012;22.08.2012;11:20:39;1012.1;11.971;92.4;17.3
2012;22.08.2012;11:40:39;1012.2;12.005;91.5;17.5
2012;22.08.2012;12:00:39;1012.2;11.867;89.9;17.6
2012;22.08.2012;12:20:40;1012.1;11.89;89.5;17.7
2012;22.08.2012;12:40:40;1012.1;11.909;90.2;17.6
2012;22.08.2012;13:00:41;1012;11.996;89.7;17.8
2012;22.08.2012;13:20:39;1011.9;11.848;87.5;18
2012;22.08.2012;14:00:39;1011.9;11.307;84.1;17.9
2012;22.08.2012;14:20:40;1012;11.332;85.9;17.6
2012;22.08.2012;15:00:40;1012.1;11.668;90.1;17.3
2012;22.08.2012;15:20:39;1012.1;11.664;91.8;17
2012;22.08.2012;16:20:41;1012.3;11.316;89.7;16.9
2012;22.08.2012;17:20:40;1012.6;11.125;88.8;16.8
2012;22.08.2012;18:00:41;1012.9;11.105;89.8;16.6
2012;23.08.2012;07:40:40;1015.2;10.179;89.2;15.4
2012;23.08.2012;08:00:40;1015.5;10.141;88.9;15.4
2012;23.08.2012;08:20:40;1015.7;10.185;89.3;15.4
2012;23.08.2012;08:40:40;1015.9;10.195;89.4;15.4
2012;23.08.2012;09:00:41;1016.1;10.19;88.8;15.5
2012;23.08.2012;09:20:41;1016.3;10.153;88.5;15.5
2012;23.08.2012;09:40:40;1016.5;10.173;88.7;15.5
2012;23.08.2012;19:00:40;1017.4;8.796;63.2;18.6
2012;23.08.2012;20:20:39;1017.7;8.651;65.4;17.8
2012;23.08.2012;21:40:39;1018.3;8.694;70.5;16.7
2012;23.08.2012;22:00:39;1018.5;8.915;73.2;16.5
2012;23.08.2012;23:20:39;1019.1;9.107;74.8;16.5
2012;23.08.2012;23:40:39;1019.2;9.187;77.9;16
2012;24.08.2012;00:00:41;1019.2;9.163;78.7;15.8
2012;24.08.2012;00:20:40;1019.3;8.985;77.7;15.7
2012;24.08.2012;00:40:42;1019.3;9.22;82.3;15.2
2012;24.08.2012;01:00:41;1019.3;9.009;77.9;15.7
2012;24.08.2012;01:20:41;1019.3;9.315;82.6;15.3
2012;24.08.2012;01:40:39;1019.2;9.396;83.3;15.3
2012;24.08.2012;02:00:39;1019.2;9.267;82.7;15.2
2012;24.08.2012;02:20:40;1019.1;9.23;82.9;15.1
2012;24.08.2012;02:40:39;1019;9.314;83.1;15.2
2012;24.08.2012;03:00:39;1019;9.333;83.8;15.1
2012;24.08.2012;03:20:41;1018.9;9.461;81.2;15.8
2012;24.08.2012;03:40:39;1018.8;9.277;81.7;15.4
2012;24.08.2012;04:00:38;1018.7;9.373;83.6;15.2
2012;24.08.2012;04:20:39;1018.6;9.298;86.2;14.6
2012;24.08.2012;04:40:40;1018.6;9.311;88;14.3
2012;24.08.2012;05:00:39;1018.5;9.097;84.9;14.5
2012;24.08.2012;05:20:39;1018.4;9.108;86.1;14.3
2012;24.08.2012;05:40:39;1018.3;8.99;83.9;14.5
2012;24.08.2012;06:00:39;1018.3;9.163;86.6;14.3
2012;24.08.2012;06:20:41;1018.3;9.23;85;14.7
2012;24.08.2012;06:40:39;1018.3;9.241;86.2;14.5
2012;24.08.2012;07:00:39;1018.3;9.374;86.3;14.7
2012;24.08.2012;07:20:39;1018.3;9.285;85.5;14.7
2012;24.08.2012;07:40:40;1018.4;9.257;84.7;14.8
2012;24.08.2012;08:00:40;1018.5;9.245;81.4;15.4
2012;24.08.2012;08:20:41;1018.5;9.185;81.4;15.3
2012;24.08.2012;08:40:40;1018.5;9.429;83;15.4
2012;24.08.2012;09:00:39;1018.5;9.653;84.4;15.5
2012;24.08.2012;09:20:40;1018.6;9.756;82.6;16
2012;24.08.2012;09:40:41;1018.6;10;82.5;16.4
2012;24.08.2012;10:00:39;1018.6;10.073;83.1;16.4
2012;24.08.2012;10:20:39;1018.6;10.404;84.7;16.6
2012;24.08.2012;20:40:39;1015.3;9.976;67.5;19.5
2012;25.08.2012;12:40:42;1012;10.922;71.3;20
2012;25.08.2012;13:00:39;1011.9;11.687;74.8;20.3
2012;25.08.2012;13:20:39;1011.8;10.83;69.4;20.3
2012;25.08.2012;13:40:39;1011.8;11.212;72.7;20.1
2012;25.08.2012;14:00:39;1011.8;11.329;73.9;20
2012;25.08.2012;14:40:40;1011.8;10.779;67.4;20.7
2012;25.08.2012;15:00:39;1012;10.657;67.9;20.4
2012;25.08.2012;15:20:40;1012.2;11.384;70.7;20.8
2012;31.08.2012;14:00:39;1020.3;11.902;67.1;22.5
2012;31.08.2012;14:20:39;1020.2;12.035;66.6;22.8
2012;31.08.2012;14:40:40;1019.9;12.26;65;23.5
2012;31.08.2012;15:00:39;1019.7;12.703;64.9;24.1
2012;31.08.2012;15:20:40;1019.6;12.798;64.2;24.4
2012;31.08.2012;15:40:40;1019.4;12.788;63;24.7
2012;31.08.2012;16:00:39;1019.1;13.101;62.6;25.2
2012;31.08.2012;16:40:39;1018.7;12.912;60.6;25.5
2012;31.08.2012;17:00:39;1018.5;13.023;61.1;25.5
2012;31.08.2012;17:20:41;1018.4;13.314;62.8;25.4
2012;31.08.2012;17:40:38;1018.3;12.855;58.9;25.9
2012;31.08.2012;18:00:40;1018.2;11.927;55.7;25.6
2012;31.08.2012;18:20:39;1018.1;11.147;50.6;26.1
2012;31.08.2012;18:40:39;1018;10.969;49.8;26.1
2012;31.08.2012;19:40:40;1017.8;11.292;53.4;25.4
2012;31.08.2012;20:00:39;1017.8;11.505;55.7;25
2012;31.08.2012;20:20:41;1017.8;12.149;60.9;24.4
2012;31.08.2012;20:40:39;1017.8;12.181;63.3;23.8
2012;31.08.2012;21:00:39;1017.9;12.228;64.7;23.5
2012;31.08.2012;22:00:39;1018;12.903;73.8;22.2
2012;31.08.2012;22:40:38;1018.2;13.367;78.3;21.8
2012;31.08.2012;23:00:39;1018.3;12.934;77.7;21.4
2012;31.08.2012;23:20:39;1018.4;12.712;76.4;21.4
2012;31.08.2012;23:40:40;1018.4;12.543;79.7;20.5
