2012;01.09.2012;00:00:40;1018.4;12.309;79.7;20.2
2012;01.09.2012;00:20:41;1018.4;12.271;76.1;20.9
2012;01.09.2012;00:40:40;1018.4;11.956;75.1;20.7
2012;01.09.2012;01:00:40;1018.4;12.123;82;19.5
2012;01.09.2012;01:20:39;1018.4;11.615;76.7;19.9
2012;01.09.2012;01:40:39;1018.4;11.271;75.4;19.7
2012;01.09.2012;02:00:39;1018.3;10.416;70.2;19.6
2012;01.09.2012;02:20:39;1018.3;9.924;68.2;19.3
2012;01.09.2012;02:40:39;1018.4;9.626;66.6;19.2
2012;01.09.2012;03:00:39;1018.4;9.42;65.6;19.1
2012;01.09.2012;03:20:39;1018.4;9.625;72.7;17.8
2012;01.09.2012;03:40:39;1018.3;9.351;68.9;18.2
2012;01.09.2012;04:00:39;1018.3;9.604;73;17.7
2012;01.09.2012;04:40:40;1018.3;9.147;70.9;17.4
2012;01.09.2012;05:00:39;1018.3;8.769;65.9;17.9
2012;01.09.2012;05:20:38;1018.2;9.011;71.2;17.1
2012;01.09.2012;05:40:39;1018.3;9.092;75.1;16.4
2012;01.09.2012;05:40:39;1018.3;9.092;75.1;16.4
2012;01.09.2012;21:20:39;1020.5;12.771;68.1;23.4
2012;01.09.2012;21:40:39;1020.7;12.405;66.6;23.3
2012;01.09.2012;22:20:40;1021.1;12.035;68.3;22.4
2012;01.09.2012;23:40:39;1021.6;12.177;71.7;21.8
2012;02.09.2012;00:00:40;1021.7;12.137;72.8;21.5
2012;02.09.2012;00:20:40;1021.9;12.034;74;21.1
2012;02.09.2012;00:40:40;1022;11.815;74.5;20.7
2012;02.09.2012;01:00:39;1022.1;11.505;71.7;20.9
2012;02.09.2012;01:20:40;1022.3;11.963;77.8;20.2
2012;02.09.2012;01:40:42;1022.4;11.711;76.2;20.2
2012;02.09.2012;02:00:39;1022.5;11.543;75.6;20.1
2012;02.09.2012;02:20:39;1022.7;11.55;76.6;19.9
2012;02.09.2012;02:40:39;1022.8;11.598;77.4;19.8
2012;02.09.2012;03:00:41;1022.9;11.662;78.8;19.6
2012;02.09.2012;03:20:41;1023;11.737;79.3;19.6
2012;02.09.2012;03:40:39;1023;11.656;77.8;19.8
2012;02.09.2012;04:00:39;1023;11.63;82.1;18.9
2012;02.09.2012;04:20:39;1023.2;11.551;77.6;19.7
2012;02.09.2012;04:40:39;1023.2;11.628;82.1;18.9
2012;02.09.2012;05:00:39;1023.3;11.542;80;19.2
2012;02.09.2012;05:20:39;1023.4;11.541;80;19.2
2012;02.09.2012;05:40:40;1023.5;11.409;80.1;19
2012;02.09.2012;06:00:40;1023.6;11.538;81;19
2012;02.09.2012;06:20:39;1023.8;11.419;81.2;18.8
2012;02.09.2012;06:40:38;1024;11.344;81.2;18.7
2012;02.09.2012;07:00:40;1024;11.373;80.9;18.8
2012;02.09.2012;07:20:39;1024.1;11.43;80.3;19
2012;02.09.2012;07:40:40;1024.2;11.412;81.7;18.7
2012;02.09.2012;08:00:39;1024.5;11.875;83.4;19
2012;02.09.2012;08:40:39;1025.1;11.977;83.1;19.2
2012;02.09.2012;09:00:39;1025.2;12.355;84.1;19.5
2012;02.09.2012;09:20:39;1025.3;12.621;84.3;19.8
2012;02.09.2012;09:40:39;1025.5;12.504;81.5;20.2
2012;02.09.2012;10:00:40;1025.6;12.755;82.6;20.3
2012;02.09.2012;10:20:39;1025.7;13.113;82.3;20.8
2012;02.09.2012;10:40:39;1025.7;13.028;82.8;20.6
2012;02.09.2012;11:00:39;1025.8;12.977;79.5;21.2
2012;02.09.2012;11:20:39;1026;12.919;78.2;21.4
2012;02.09.2012;11:40:39;1026.2;12.8;76.1;21.7
2012;02.09.2012;12:00:39;1026.3;12.752;74.9;21.9
2012;02.09.2012;12:20:39;1026.3;12.645;75.2;21.7
2012;02.09.2012;13:20:39;1026.1;12.808;73.4;22.3
2012;02.09.2012;13:40:39;1026.1;12.626;71.5;22.5
2012;02.09.2012;14:00:40;1026;12.647;67;23.6
2012;02.09.2012;14:20:39;1025.9;12.389;62.2;24.5
2012;02.09.2012;14:40:39;1025.7;12.676;62.1;24.9
2012;02.09.2012;15:00:39;1025.5;12.158;58.2;25.3
2012;02.09.2012;15:20:39;1025.4;12.941;59;26.1
2012;02.09.2012;15:40:39;1025.3;12.227;55.8;26.1
2012;02.09.2012;16:00:39;1025.2;12.408;56.6;26.1
2012;02.09.2012;16:20:39;1025.1;12.491;56.3;26.3
2012;02.09.2012;17:00:43;1025;12.108;52.4;27
2012;02.09.2012;18:00:38;1025.1;12.189;54;26.6
2012;02.09.2012;18:20:40;1025;11.979;53.4;26.5
2012;02.09.2012;18:40:41;1025;12.068;55.4;26
2012;02.09.2012;19:00:40;1025;12.07;56.4;25.7
2012;02.09.2012;19:40:39;1025.3;12.723;62.3;24.9
2012;02.09.2012;20:00:39;1025.5;13.226;65.9;24.6
2012;02.09.2012;20:20:39;1025.7;12.924;65.6;24.3
2012;02.09.2012;20:40:39;1025.8;12.903;65.9;24.2
2012;02.09.2012;21:40:39;1026.2;13.137;73.9;22.6
2012;02.09.2012;22:00:39;1026.3;12.946;75.1;22.1
2012;02.09.2012;22:20:39;1026.4;12.901;74.4;22.2
2012;02.09.2012;22:40:39;1026.6;12.08;68.5;22.5
2012;02.09.2012;23:00:39;1026.7;12.128;69.2;22.4
2012;02.09.2012;23:20:42;1026.7;12.346;72.6;21.9
2012;02.09.2012;23:40:40;1026.7;12.528;76.4;21.3
2012;03.09.2012;00:00:41;1026.7;12.866;78.9;21.2
2012;03.09.2012;00:40:39;1026.7;12.207;79.7;20.2
2012;03.09.2012;01:00:39;1026.8;12.16;79.4;20.2
2012;03.09.2012;01:20:39;1026.8;12.053;81.7;19.6
2012;03.09.2012;02:00:39;1026.9;11.841;84.4;18.8
2012;03.09.2012;02:20:41;1026.8;11.823;84.8;18.7
2012;03.09.2012;02:40:40;1026.7;11.901;84.8;18.8
2012;03.09.2012;03:00:39;1026.6;11.883;85.2;18.7
2012;03.09.2012;03:20:41;1026.6;11.887;86.3;18.5
2012;03.09.2012;03:40:41;1026.5;11.683;87;18.1
2012;03.09.2012;04:00:40;1026.6;11.676;87.5;18
2012;03.09.2012;04:20:40;1026.6;11.675;87.5;18
2012;03.09.2012;04:40:40;1026.6;11.343;88.9;17.3
2012;03.09.2012;05:00:39;1026.7;11.434;89.6;17.3
2012;03.09.2012;05:20:39;1026.7;11.552;87.7;17.8
2012;03.09.2012;05:40:40;1026.7;11.586;87.4;17.9
2012;03.09.2012;06:00:39;1026.7;11.412;87.2;17.7
2012;03.09.2012;06:20:39;1026.8;11.545;87.1;17.9
2012;03.09.2012;06:40:39;1026.9;11.427;89;17.4
2012;03.09.2012;07:00:39;1027;11.565;89.5;17.5
2012;03.09.2012;07:20:39;1027.1;11.63;90;17.5
2012;03.09.2012;07:40:39;1027.2;11.734;89.1;17.8
2012;03.09.2012;08:00:39;1027.3;11.871;89;18
2012;03.09.2012;08:20:39;1027.4;12.16;90;18.2
2012;03.09.2012;08:40:40;1027.5;12.184;87.4;18.7
2012;03.09.2012;09:00:39;1027.7;11.932;85.1;18.8
2012;03.09.2012;09:20:40;1027.7;11.821;83.8;18.9
2012;03.09.2012;09:40:38;1027.8;11.739;81.7;19.2
2012;03.09.2012;10:00:41;1027.9;12.034;78.2;20.3
2012;03.09.2012;10:20:39;1028;11.932;82;19.4
2012;03.09.2012;10:40:40;1028;11.839;78.4;20
2012;03.09.2012;11:00:39;1028.1;11.761;77.9;20
2012;03.09.2012;11:20:40;1028.1;11.257;72.8;20.4
2012;03.09.2012;11:40:39;1028.1;11.258;70.6;20.9
2012;03.09.2012;12:00:38;1028.1;11.811;66.7;22.6
2012;03.09.2012;12:40:40;1027.9;12.072;66.1;23.1
2012;03.09.2012;13:00:41;1027.9;12.681;67.3;23.6
2012;03.09.2012;13:20:38;1027.7;12.717;64.7;24.3
2012;03.09.2012;13:40:40;1027.7;12.657;64.4;24.3
2012;03.09.2012;14:00:39;1027.6;12.448;62.6;24.5
2012;03.09.2012;14:20:39;1027.6;12.688;61.9;25
2012;03.09.2012;14:40:38;1027.5;12.865;62;25.2
2012;03.09.2012;15:00:40;1027.3;12.896;61.4;25.4
2012;03.09.2012;15:20:39;1027.1;12.97;62.1;25.3
2012;03.09.2012;15:40:39;1026.9;13.471;65.6;25
2012;03.09.2012;16:00:39;1026.8;13.745;66.9;25
2012;03.09.2012;16:40:39;1026.7;13.705;66.7;25
2012;03.09.2012;17:00:40;1026.7;13.747;67.7;24.8
2012;03.09.2012;17:20:39;1026.6;13.313;66;24.7
2012;03.09.2012;18:00:40;1026.5;13.085;64.5;24.8
2012;03.09.2012;18:20:39;1026.5;13.64;68.8;24.4
2012;03.09.2012;18:40:39;1026.5;12.994;66.8;24.1
2012;03.09.2012;19:00:40;1026.5;12.716;65.4;24.1
2012;03.09.2012;19:20:39;1026.5;12.752;68.4;23.4
2012;03.09.2012;19:40:39;1026.5;12.765;69.3;23.2
2012;03.09.2012;20:00:40;1026.5;12.623;69.8;22.9
2012;03.09.2012;20:20:39;1026.6;12.608;69.3;23
2012;03.09.2012;21:00:39;1026.7;12.515;70.5;22.6
2012;03.09.2012;21:20:39;1026.8;12.592;71.8;22.4
2012;03.09.2012;21:40:39;1026.9;12.595;72.7;22.2
2012;03.09.2012;22:00:39;1026.9;12.785;75.6;21.8
2012;03.09.2012;22:40:39;1026.9;12.677;77.3;21.3
2012;03.09.2012;23:00:39;1026.8;12.738;79.1;21
2012;03.09.2012;23:20:38;1026.8;12.498;78.6;20.8
2012;03.09.2012;23:40:39;1026.8;12.392;81.9;20
2012;04.09.2012;00:00:40;1026.8;12.323;83.5;19.6
2012;04.09.2012;00:20:41;1026.9;12.274;83.7;19.5
2012;04.09.2012;00:40:39;1026.9;12.19;81.1;19.9
2012;04.09.2012;01:00:39;1026.9;12.016;83;19.3
2012;04.09.2012;01:20:39;1026.9;11.923;83.4;19.1
2012;04.09.2012;01:40:39;1026.8;11.921;83.9;19
2012;04.09.2012;02:00:39;1026.7;11.834;85.4;18.6
2012;04.09.2012;02:20:39;1026.6;11.493;86.7;17.9
2012;04.09.2012;02:40:39;1026.5;11.614;88.7;17.7
2012;04.09.2012;03:00:39;1026.4;11.455;87.5;17.7
2012;04.09.2012;03:20:39;1026.3;11.434;85.7;18
2012;04.09.2012;03:40:39;1026.3;11.317;87;17.6
2012;04.09.2012;04:00:40;1026.2;11.362;85.7;17.9
2012;04.09.2012;04:20:39;1026.2;11.363;85.7;17.9
2012;04.09.2012;04:40:40;1026.1;11.459;87.5;17.7
2012;04.09.2012;05:00:39;1026;11.313;86.4;17.7
2012;04.09.2012;05:20:39;1026;11.332;86;17.8
2012;04.09.2012;05:40:39;1025.9;11.602;86.9;18
2012;04.09.2012;06:00:39;1025.9;11.541;87;17.9
2012;04.09.2012;06:20:40;1025.9;11.461;87.5;17.7
2012;04.09.2012;06:40:39;1025.9;11.387;86.4;17.8
2012;04.09.2012;07:00:39;1026;11.26;86;17.7
2012;04.09.2012;07:20:38;1026.1;11.201;87.2;17.4
2012;04.09.2012;07:40:39;1026.1;11.227;87.4;17.4
2012;04.09.2012;08:00:39;1026.1;11.299;87.4;17.5
2012;04.09.2012;08:20:39;1026.1;11.22;86.8;17.5
2012;04.09.2012;08:40:40;1026.2;11.2;87.2;17.4
2012;04.09.2012;09:00:39;1026.3;11.277;86.7;17.6
2012;04.09.2012;09:20:40;1026.4;11.184;86;17.6
2012;04.09.2012;09:40:39;1026.5;11.187;85.5;17.7
2012;04.09.2012;10:00:40;1026.7;11.15;84.7;17.8
2012;04.09.2012;10:20:39;1026.7;11.181;84.4;17.9
2012;04.09.2012;10:40:39;1026.7;11.167;84.3;17.9
2012;04.09.2012;11:00:39;1026.7;11.198;84;18
2012;04.09.2012;11:20:39;1026.7;11.123;82.4;18.2
2012;04.09.2012;11:40:39;1026.6;11.044;80.8;18.4
2012;04.09.2012;12:00:41;1026.6;11.115;80.8;18.5
2012;04.09.2012;12:20:38;1026.5;11.03;78.2;18.9
2012;04.09.2012;12:40:39;1026.3;11.032;78.2;18.9
2012;04.09.2012;13:20:39;1026.3;10.835;75.4;19.2
2012;04.09.2012;14:20:39;1025.7;11.283;66.8;21.8
2012;04.09.2012;14:40:39;1025.5;11.253;65.4;22.1
2012;04.09.2012;15:00:39;1025.2;11.246;63;22.7
2012;04.09.2012;16:00:38;1024.4;11.716;63.2;23.3
2012;04.09.2012;16:20:39;1024.2;11.705;62;23.6
2012;04.09.2012;16:40:39;1024.1;11.741;60.7;24
2012;04.09.2012;17:00:40;1023.9;11.468;59.3;24
2012;04.09.2012;18:00:39;1023.3;10.97;56.4;24.1
2012;04.09.2012;18:40:39;1023.1;13.375;72.3;23.2
2012;04.09.2012;19:20:39;1022.9;12.295;68.2;22.8
2012;04.09.2012;20:20:39;1022.9;11.334;64.9;22.3
2012;04.09.2012;20:40:40;1022.9;10.575;61;22.2
2012;04.09.2012;21:20:39;1022.9;10.45;63.7;21.3
2012;04.09.2012;21:40:39;1022.9;10.598;66.6;20.8
2012;04.09.2012;22:20:41;1022.7;10.583;70.3;19.9
2012;04.09.2012;23:00:39;1022.7;10.707;73.8;19.3
2012;04.09.2012;23:20:39;1022.6;10.526;74.4;18.9
2012;04.09.2012;23:40:39;1022.6;10.537;78.8;18
2012;05.09.2012;00:00:39;1022.5;10.336;80.3;17.4
2012;05.09.2012;00:40:39;1022.5;10.229;81;17.1
2012;05.09.2012;01:00:39;1022.3;10.166;80.5;17.1
2012;05.09.2012;01:20:41;1022.1;10.099;81.5;16.8
2012;05.09.2012;03:20:39;1021.4;9.325;81.8;15.5
2012;05.09.2012;03:40:39;1021.3;9.38;82.8;15.4
2012;05.09.2012;04:00:39;1021.3;9.236;82.6;15.2
2012;05.09.2012;04:20:39;1021.3;9.236;82.6;15.2
2012;05.09.2012;04:40:39;1021.3;9.259;82.8;15.2
2012;05.09.2012;05:20:39;1021.1;8.976;84;14.5
2012;05.09.2012;05:40:39;1021;8.913;84.5;14.3
2012;05.09.2012;06:00:39;1021;8.977;84;14.5
2012;05.09.2012;06:20:39;1020.9;8.913;83.4;14.5
2012;05.09.2012;06:40:39;1020.9;8.756;84.1;14.1
2012;05.09.2012;07:00:39;1020.8;8.632;84;13.9
2012;05.09.2012;07:20:39;1020.8;8.799;84.5;14.1
2012;05.09.2012;08:20:39;1020.6;9.371;83.2;15.3
2012;05.09.2012;08:40:39;1020.6;9.452;83.9;15.3
2012;05.09.2012;09:00:39;1020.6;9.448;82.8;15.5
2012;05.09.2012;09:20:39;1020.5;9.475;84.1;15.3
2012;05.09.2012;10:00:40;1020.6;9.652;81.9;16
2012;05.09.2012;10:40:41;1020.4;9.681;81.6;16.1
2012;05.09.2012;11:00:39;1020.4;9.805;82.1;16.2
2012;05.09.2012;11:20:39;1020.2;9.902;80.8;16.6
2012;05.09.2012;11:40:40;1020;9.906;77.8;17.2
2012;05.09.2012;12:20:39;1019.6;9.405;70.7;17.9
2012;05.09.2012;12:40:40;1019.4;9.404;69.8;18.1
2012;05.09.2012;13:00:39;1019.3;9.894;66.8;19.6
2012;05.09.2012;13:20:39;1019.1;9.947;65.5;20
2012;05.09.2012;13:40:39;1019;10.197;66.7;20.1
2012;05.09.2012;14:00:39;1018.9;9.694;61.9;20.5
2012;05.09.2012;15:00:40;1018.3;9.831;55.5;22.5
2012;05.09.2012;15:20:39;1018.1;10.058;56.4;22.6
2012;05.09.2012;15:40:39;1017.8;9.958;54.5;23
2012;05.09.2012;16:00:39;1017.6;9.024;47.4;23.7
2012;05.09.2012;16:40:40;1017.2;9.219;46.4;24.4
2012;05.09.2012;17:00:39;1017;10.631;53.7;24.3
2012;05.09.2012;17:20:39;1016.9;10.287;52.3;24.2
2012;05.09.2012;17:40:39;1016.8;10.345;52.9;24.1
2012;05.09.2012;18:00:40;1016.7;10.256;53.4;23.8
2012;05.09.2012;18:20:39;1016.5;10.848;58.5;23.2
2012;05.09.2012;18:40:39;1016.4;10.352;56.2;23.1
2012;05.09.2012;19:00:40;1016.3;10.774;58.8;23
2012;05.09.2012;20:00:39;1016.3;10.605;58.6;22.8
2012;05.09.2012;20:20:39;1016.3;9.875;57;22.1
2012;05.09.2012;21:00:39;1016.4;9.044;53.9;21.6
2012;05.09.2012;21:20:39;1016.4;9.144;58.3;20.5
2012;05.09.2012;21:40:39;1016.5;9.096;58;20.5
2012;05.09.2012;22:00:39;1016.5;9.262;60.9;20
2012;05.09.2012;22:20:39;1016.5;9.342;61.8;19.9
2012;05.09.2012;22:40:39;1016.5;8.916;60.5;19.5
2012;05.09.2012;23:00:39;1016.5;8.802;59;19.7
2012;05.09.2012;23:20:39;1016.5;8.998;62.2;19.2
2012;05.09.2012;23:40:41;1016.6;9.239;66.7;18.5
2012;06.09.2012;00:00:40;1016.6;9.191;67.2;18.3
2012;06.09.2012;00:20:40;1016.6;9.1;64.9;18.7
2012;06.09.2012;00:40:39;1016.6;8.85;61.2;19.2
2012;06.09.2012;01:00:39;1016.6;9.022;66.4;18.2
2012;06.09.2012;01:20:40;1016.7;8.943;68.8;17.5
2012;06.09.2012;01:40:41;1016.8;9.016;69.8;17.4
2012;06.09.2012;02:00:41;1016.9;9.264;70.8;17.6
2012;06.09.2012;02:40:39;1017.2;9.315;74.9;16.8
2012;06.09.2012;03:00:39;1017.1;9.093;71.3;17.2
2012;06.09.2012;03:20:39;1017;9.22;73.2;17
2012;06.09.2012;03:40:39;1017;9.113;71.9;17.1
2012;06.09.2012;04:00:39;1016.9;9.321;75.4;16.7
2012;06.09.2012;04:20:41;1016.8;9.245;78.2;16
2012;06.09.2012;05:00:38;1016.7;9.476;78.6;16.3
2012;06.09.2012;05:20:39;1016.6;9.637;79.4;16.4
2012;06.09.2012;06:00:40;1016.6;9.548;76.7;16.8
2012;06.09.2012;06:20:40;1016.6;9.593;75.6;17.1
2012;06.09.2012;06:40:40;1016.5;9.38;77.8;16.3
2012;06.09.2012;07:00:39;1016.5;9.235;79.1;15.8
2012;06.09.2012;07:20:39;1016.4;9.309;78.7;16
2012;06.09.2012;07:40:39;1016.3;9.455;78.4;16.3
2012;06.09.2012;08:00:41;1016.2;9.692;78.8;16.6
2012;06.09.2012;08:20:40;1016.1;10.072;80.8;16.8
2012;06.09.2012;08:40:39;1016;10.704;83.1;17.3
2012;06.09.2012;09:00:40;1016;10.922;83.7;17.5
2012;06.09.2012;09:20:39;1015.9;10.877;81.8;17.8
2012;06.09.2012;09:40:40;1016;10.656;77.2;18.4
2012;06.09.2012;10:00:39;1016;11.248;80.4;18.6
2012;06.09.2012;10:20:39;1016.1;11.176;79.4;18.7
2012;06.09.2012;11:00:40;1016;10.298;71.9;19
2012;06.09.2012;11:40:39;1015.8;9.947;66.1;19.8
2012;06.09.2012;12:00:40;1015.7;10.353;67.9;20
2012;06.09.2012;12:20:42;1015.5;10.514;68.5;20.1
2012;06.09.2012;12:40:40;1015.3;9.918;60.8;21.1
2012;06.09.2012;13:00:39;1015.1;9.899;61.8;20.8
2012;06.09.2012;13:20:39;1014.9;10.215;61.8;21.3
2012;06.09.2012;13:40:40;1014.7;10.319;60.9;21.7
2012;06.09.2012;14:00:39;1014.6;9.691;56.2;22
2012;06.09.2012;14:20:40;1014.3;8.292;45.9;22.8
2012;06.09.2012;14:40:41;1014.1;9.101;49.1;23.2
2012;06.09.2012;15:00:40;1013.9;9.027;48.4;23.3
2012;06.09.2012;15:20:39;1013.6;8.891;45.7;24
2012;06.09.2012;16:00:39;1013.1;8.479;41.8;24.7
2012;06.09.2012;16:20:39;1012.9;8.634;42.8;24.6
2012;06.09.2012;16:40:40;1012.7;9.018;44.4;24.7
2012;06.09.2012;17:20:40;1012.4;9.553;46.7;24.8
2012;06.09.2012;18:20:41;1012;9.892;48.6;24.7
2012;06.09.2012;19:00:39;1011.9;10.855;52.3;25
2012;06.09.2012;19:40:39;1011.8;9.444;45.6;25
2012;06.09.2012;20:00:40;1011.8;11.007;54.3;24.6
2012;06.09.2012;20:20:40;1011.9;11.247;57.5;24
2012;06.09.2012;20:40:39;1012;10.921;56.2;23.9
2012;06.09.2012;21:00:40;1012.1;8.082;42.8;23.5
2012;06.09.2012;21:40:42;1012.3;6.907;37.1;23.3
2012;06.09.2012;22:00:40;1012.4;6.513;34.8;23.4
2012;06.09.2012;22:20:39;1012.4;6.356;34.8;23
2012;06.09.2012;22:40:41;1012.4;6.611;36.4;22.9
2012;06.09.2012;23:00:39;1012.5;7.052;42;21.6
2012;06.09.2012;23:20:39;1012.5;7.403;46;20.9
2012;06.09.2012;23:40:41;1012.6;8.468;58;19.3
2012;07.09.2012;00:00:42;1012.6;7.393;46.8;20.6
2012;07.09.2012;00:40:39;1012.6;7.396;49.5;19.7
2012;07.09.2012;01:00:42;1012.6;7.319;49.6;19.5
2012;07.09.2012;01:20:39;1012.7;7.285;50;19.3
2012;07.09.2012;01:40:41;1012.8;7.175;50.5;18.9
2012;07.09.2012;02:00:41;1012.9;7.592;55.1;18.4
2012;07.09.2012;02:20:42;1012.9;7.419;57;17.5
2012;07.09.2012;03:00:39;1013.2;7.747;63.4;16.5
2012;07.09.2012;03:20:40;1013.3;7.771;67.8;15.5
2012;07.09.2012;03:40:39;1013.4;7.928;69.6;15.4
2012;07.09.2012;04:00:39;1013.4;7.585;62.9;16.3
2012;07.09.2012;04:40:39;1013.4;7.547;66.3;15.4
2012;07.09.2012;05:00:39;1013.4;7.553;65.5;15.6
2012;07.09.2012;05:20:39;1013.2;7.341;64.5;15.4
2012;07.09.2012;05:40:40;1013.1;7.718;65.2;16
2012;07.09.2012;06:20:39;1012.9;8.274;73.5;15.2
2012;07.09.2012;06:40:39;1012.8;8.613;75;15.5
2012;07.09.2012;07:00:39;1012.8;8.82;75.8;15.7
2012;07.09.2012;07:20:40;1012.9;8.693;75.7;15.5
2012;07.09.2012;07:40:40;1013;8.593;73.9;15.7
2012;07.09.2012;08:00:39;1013.1;8.766;73;16.2
2012;07.09.2012;08:20:39;1013.3;8.782;71.3;16.6
2012;07.09.2012;08:40:39;1013.4;8.75;68.4;17.2
2012;07.09.2012;09:00:39;1013.6;8.99;66.8;18
2012;07.09.2012;09:20:39;1013.7;9.084;64.6;18.7
2012;07.09.2012;09:40:39;1013.8;9.372;65.8;18.9
2012;07.09.2012;10:00:39;1014;9.322;66.7;18.6
2012;07.09.2012;10:20:39;1014.1;9.947;68.5;19.2
2012;07.09.2012;10:40:39;1014.2;10.515;69.7;19.8
2012;07.09.2012;11:00:39;1014.3;10.503;69.2;19.9
2012;07.09.2012;11:20:40;1014.3;10.059;64.3;20.4
2012;07.09.2012;12:20:40;1014.3;10.009;59.8;21.5
2012;07.09.2012;13:00:39;1014.3;9.816;56.9;22
2012;07.09.2012;13:20:41;1014.3;9.536;54.3;22.3
2012;07.09.2012;13:40:39;1014.3;9.363;50.5;23.2
2012;07.09.2012;14:00:40;1014.4;9.038;47.9;23.5
2012;07.09.2012;15:00:39;1014.6;9.074;43.7;25.1
2012;07.09.2012;15:20:39;1014.6;9.265;43.3;25.6
2012;07.09.2012;15:40:39;1014.7;8.96;42.4;25.4
2012;07.09.2012;16:00:39;1014.7;9.035;41.5;25.9
2012;07.09.2012;17:00:39;1014.8;8.505;39.1;25.9
2012;07.09.2012;17:20:39;1014.8;7.355;32.7;26.5
2012;07.09.2012;17:40:39;1014.9;7.124;31.5;26.6
2012;07.09.2012;18:20:41;1015;6.733;29.1;27
2012;07.09.2012;18:40:39;1015.1;6.849;29.6;27
2012;07.09.2012;19:00:39;1015.2;7.935;36.1;26.1
2012;07.09.2012;19:20:39;1015.4;8.586;38.8;26.2
2012;07.09.2012;20:00:42;1015.8;8.661;44.9;23.9
2012;07.09.2012;20:20:39;1016;9.122;49.3;23.2
2012;07.09.2012;21:20:39;1017;9.265;52.6;22.4
2012;07.09.2012;21:40:39;1017.3;9.441;53.6;22.4
2012;07.09.2012;22:00:39;1017.5;9.774;56.5;22.1
2012;07.09.2012;22:40:41;1017.8;9.899;59;21.6
2012;07.09.2012;23:00:40;1018;9.904;59.4;21.5
2012;07.09.2012;23:20:40;1018.1;9.824;60.4;21.1
2012;07.09.2012;23:40:39;1018.3;10.145;63.9;20.7
2012;08.09.2012;00:00:39;1018.4;9.917;62.5;20.7
2012;08.09.2012;00:20:40;1018.5;9.811;63;20.4
2012;08.09.2012;00:40:40;1018.6;9.752;64.2;20
2012;08.09.2012;01:20:41;1018.8;9.658;63.6;20
2012;08.09.2012;01:40:40;1018.8;9.522;64.3;19.6
2012;08.09.2012;02:00:39;1018.8;9.326;65.8;18.9
2012;08.09.2012;02:20:39;1018.8;9.323;68.3;18.3
2012;08.09.2012;02:40:39;1018.9;9.718;71.6;18.2
2012;08.09.2012;03:00:39;1018.9;9.208;67.9;18.2
2012;08.09.2012;03:20:40;1018.9;9.232;70.7;17.6
2012;08.09.2012;03:40:40;1019.1;9.117;68.1;18
2012;08.09.2012;04:00:41;1019.1;8.837;64.4;18.4
2012;08.09.2012;04:20:39;1019.2;9.08;71.8;17.1
2012;08.09.2012;04:40:39;1019.2;9.133;73.6;16.8
2012;08.09.2012;05:00:40;1019.2;9.5;77.5;16.6
2012;08.09.2012;05:20:41;1019.2;9.08;70.9;17.3
2012;08.09.2012;05:40:40;1019.2;9.39;77.1;16.5
2012;08.09.2012;06:00:40;1019.2;8.931;72;16.8
2012;08.09.2012;06:20:41;1019.2;8.774;71.2;16.7
2012;08.09.2012;06:40:40;1019.2;8.767;71.6;16.6
2012;08.09.2012;07:00:39;1019.3;8.704;73.4;16.1
2012;08.09.2012;07:20:39;1019.4;8.743;72.8;16.3
2012;08.09.2012;07:40:39;1019.6;8.756;74.8;15.9
2012;08.09.2012;08:00:40;1019.7;8.846;68.7;17.4
2012;08.09.2012;08:20:40;1019.9;9.03;68.8;17.7
2012;08.09.2012;08:40:40;1020;9.068;67.8;18
2012;08.09.2012;09:00:42;1020;9.407;67.7;18.6
2012;08.09.2012;09:20:40;1020;9.798;69.6;18.8
2012;08.09.2012;09:40:40;1020;10.322;72.8;18.9
2012;08.09.2012;10:20:41;1020.1;9.895;67.7;19.4
2012;08.09.2012;10:40:40;1020.1;10.504;69.6;19.9
2012;08.09.2012;11:00:39;1020;10.385;65.5;20.7
2012;08.09.2012;11:20:39;1020;10.528;66.8;20.6
2012;08.09.2012;12:20:39;1019.5;10.116;60;21.7
2012;08.09.2012;12:40:40;1019.3;10.532;62.8;21.6
2012;08.09.2012;13:00:41;1019.1;10.497;62.2;21.7
2012;08.09.2012;13:20:39;1018.9;9.077;49.2;23.2
2012;08.09.2012;13:40:39;1018.6;9.192;49.5;23.3
2012;08.09.2012;14:20:39;1018.1;9.578;49.1;24.1
2012;08.09.2012;14:40:39;1017.9;9.742;47.3;25
2012;08.09.2012;15:00:39;1017.6;9.863;47.3;25.2
2012;08.09.2012;15:20:39;1017.4;10.105;49.6;24.8
2012;08.09.2012;15:40:39;1017.1;9.984;47;25.5
2012;08.09.2012;16:00:42;1016.9;9.794;44.5;26.1
2012;08.09.2012;16:20:40;1016.6;9.765;44.1;26.2
2012;08.09.2012;16:40:39;1016.3;9.799;44.5;26.1
2012;08.09.2012;17:00:39;1016.2;9.592;42.8;26.4
2012;08.09.2012;17:20:40;1016;9.502;42.9;26.2
2012;08.09.2012;18:00:40;1015.5;9.314;41.8;26.3
2012;08.09.2012;19:00:39;1015.1;11.229;53.6;25.2
2012;08.09.2012;19:20:39;1014.9;12.056;59.2;24.7
2012;08.09.2012;19:40:41;1014.7;11.256;56;24.5
2012;08.09.2012;20:00:39;1014.7;11.134;55.4;24.5
2012;08.09.2012;20:20:39;1014.7;11.511;59.7;23.8
2012;08.09.2012;20:40:40;1014.7;10.661;55.7;23.7
2012;08.09.2012;21:20:40;1014.6;11.392;64.7;22.3
2012;08.09.2012;21:40:39;1014.5;10.84;60.5;22.6
2012;08.09.2012;22:00:39;1014.5;10.599;59.9;22.4
2012;08.09.2012;22:20:39;1014.4;10.14;58.4;22.1
2012;08.09.2012;22:40:39;1014.5;10.165;61.1;21.4
2012;08.09.2012;23:00:40;1014.5;10.225;62.6;21.1
2012;08.09.2012;23:20:40;1014.4;10.16;62.2;21.1
2012;08.09.2012;23:40:40;1014.3;10.275;67.3;20
2012;09.09.2012;00:00:40;1014.2;10.293;67;20.1
2012;09.09.2012;00:20:41;1014.2;10.312;68.8;19.7
2012;09.09.2012;00:40:39;1014.1;10.061;64.7;20.3
2012;09.09.2012;01:00:39;1014.2;9.982;69.6;19
2012;09.09.2012;01:20:41;1014.2;10.016;69.4;19.1
2012;09.09.2012;01:40:39;1014.1;10.093;70.8;18.9
2012;09.09.2012;02:00:41;1014.1;10.139;69.8;19.2
2012;09.09.2012;02:40:39;1014.3;9.564;63.5;19.8
2012;09.09.2012;03:00:39;1014.3;9.475;61;20.3
2012;09.09.2012;03:20:39;1014.4;10.191;69.3;19.4
2012;09.09.2012;03:40:41;1014.4;9.963;68.2;19.3
2012;09.09.2012;04:00:39;1014.3;10.837;75;19.1
2012;09.09.2012;04:20:39;1014.1;10.745;73.9;19.2
2012;09.09.2012;04:40:39;1014.1;10.779;76;18.8
2012;09.09.2012;05:00:39;1013.9;10.833;78.3;18.4
2012;09.09.2012;05:20:39;1013.9;10.78;79.9;18
2012;09.09.2012;05:40:39;1013.9;10.758;82.3;17.5
2012;09.09.2012;06:00:39;1013.9;10.682;80.7;17.7
2012;09.09.2012;06:20:40;1013.9;10.656;79.5;17.9
2012;09.09.2012;06:40:40;1013.8;10.521;79;17.8
2012;09.09.2012;07:00:40;1013.8;10.292;77.3;17.8
2012;09.09.2012;07:20:39;1013.7;10.37;76.9;18
2012;09.09.2012;07:40:39;1013.6;10.27;79.6;17.3
2012;09.09.2012;08:00:39;1013.6;10.532;81.6;17.3
2012;09.09.2012;08:20:39;1013.6;10.481;77.7;18
2012;09.09.2012;08:40:39;1013.5;10.5;75.9;18.4
2012;09.09.2012;09:00:39;1013.4;10.855;76;18.9
2012;09.09.2012;09:20:40;1013.4;10.77;73.1;19.4
2012;09.09.2012;10:00:40;1013.6;10.99;70.1;20.4
2012;09.09.2012;13:20:41;1013.1;11.028;62.2;22.4
2012;09.09.2012;13:40:40;1013;11.131;62;22.6
2012;09.09.2012;14:00:39;1012.8;11.454;59.3;23.8
2012;09.09.2012;14:20:40;1012.7;11.508;58.5;24.1
2012;09.09.2012;14:40:39;1012.6;12.179;64.5;23.4
2012;09.09.2012;15:00:39;1012.4;11.571;58.8;24.1
2012;09.09.2012;15:20:40;1012.2;12.095;61.4;24.1
2012;09.09.2012;15:40:39;1012;12.637;63.7;24.2
2012;09.09.2012;16:00:40;1011.8;13.287;67.3;24.1
2012;09.09.2012;16:20:39;1011.8;11.16;55.7;24.4
2012;09.09.2012;16:40:39;1011.7;10.69;50.3;25.4
2012;09.09.2012;17:00:40;1011.8;10.817;51.5;25.2
2012;09.09.2012;17:20:39;1011.7;10.917;52.9;24.9
2012;09.09.2012;17:40:40;1011.7;11.164;54.4;24.8
2012;09.09.2012;18:00:39;1011.7;11.318;55.8;24.6
2012;09.09.2012;18:20:39;1011.7;11.56;58;24.3
2012;09.09.2012;18:40:39;1011.7;11.63;58.7;24.2
2012;09.09.2012;19:20:44;1011.7;10.27;59.7;21.9
2012;09.09.2012;19:40:39;1011.9;10.835;66.1;21.1
2012;09.09.2012;20:00:39;1012.5;11.025;77.1;18.9
2012;09.09.2012;20:20:39;1013;11.371;85.2;17.8
2012;09.09.2012;20:40:39;1013.4;11.366;83.6;18.1
2012;09.09.2012;21:00:40;1013.8;11.462;83.8;18.2
2012;09.09.2012;21:20:40;1014.1;11.319;82.8;18.2
2012;09.09.2012;21:40:40;1014.4;11.915;88.2;18
2012;09.09.2012;22:00:39;1014.5;12.056;89.8;17.9
2012;09.09.2012;22:20:40;1014.5;11.504;86.3;17.8
2012;09.09.2012;22:40:41;1014.5;11.455;85.4;17.9
2012;09.09.2012;23:00:39;1014.4;11.328;85;17.8
2012;09.09.2012;23:20:39;1014.4;11.22;84.2;17.8
2012;09.09.2012;23:40:39;1014.3;11.128;86.2;17.3
2012;10.09.2012;00:00:40;1014.4;11.068;83.6;17.7
2012;10.09.2012;00:20:40;1014.5;11.134;86.8;17.2
2012;10.09.2012;00:40:40;1014.6;11.093;87.6;17
2012;10.09.2012;01:00:40;1014.6;11.162;88.7;16.9
2012;10.09.2012;01:20:39;1014.7;11.302;89.8;16.9
2012;10.09.2012;01:40:39;1014.8;11.314;89.9;16.9
2012;10.09.2012;02:00:39;1014.8;11.333;91.2;16.7
2012;10.09.2012;02:20:40;1014.8;11.447;92.1;16.7
2012;10.09.2012;02:40:40;1014.8;11.368;90.9;16.8
2012;10.09.2012;03:00:39;1014.8;11.46;92.2;16.7
2012;10.09.2012;03:20:40;1014.7;11.561;92.4;16.8
2012;10.09.2012;03:40:39;1014.7;11.688;93.4;16.8
2012;10.09.2012;04:00:39;1014.6;11.791;94.2;16.8
2012;10.09.2012;04:40:40;1014.5;11.625;92.3;16.9
2012;10.09.2012;05:00:39;1014.4;11.578;93.1;16.7
2012;10.09.2012;05:20:39;1014.3;11.592;93.2;16.7
2012;10.09.2012;05:40:39;1014.2;11.404;91.7;16.7
2012;10.09.2012;06:00:39;1014.1;11.291;90.8;16.7
2012;10.09.2012;06:20:39;1014;11.208;89;16.9
2012;10.09.2012;06:40:39;1014;11.303;87.5;17.3
2012;10.09.2012;07:00:41;1014;11.212;89.6;16.8
2012;10.09.2012;07:20:40;1014;11.416;91.2;16.8
2012;10.09.2012;07:40:39;1014;11.319;89.3;17
2012;10.09.2012;08:00:40;1014;11.067;86.8;17.1
2012;10.09.2012;08:20:39;1014.1;11.181;88.8;16.9
2012;10.09.2012;08:40:40;1014.1;10.963;86;17.1
2012;10.09.2012;09:00:41;1014.2;10.981;85.6;17.2
2012;10.09.2012;09:20:40;1014.2;11.267;87.8;17.2
2012;10.09.2012;09:40:39;1014.3;11.399;87.7;17.4
2012;10.09.2012;10:00:39;1014.4;11.792;90.1;17.5
2012;10.09.2012;10:20:39;1014.5;11.741;88.6;17.7
2012;10.09.2012;10:40:39;1014.5;11.68;87.6;17.8
2012;10.09.2012;11:00:39;1014.5;11.768;86.6;18.1
2012;10.09.2012;11:20:38;1014.5;11.667;84.8;18.3
2012;10.09.2012;11:40:39;1014.5;11.969;84.8;18.7
2012;10.09.2012;12:00:39;1014.5;11.764;83.9;18.6
2012;10.09.2012;12:20:39;1014.5;11.854;84;18.7
2012;10.09.2012;13:00:39;1014.6;11.807;84.2;18.6
2012;10.09.2012;13:20:44;1014.5;11.99;87.1;18.3
2012;10.09.2012;13:40:39;1014.6;11.946;90.7;17.6
2012;10.09.2012;14:00:39;1014.6;12.163;92.9;17.5
2012;10.09.2012;14:20:40;1014.6;12.271;94.3;17.4
2012;10.09.2012;14:40:39;1014.5;12.377;95.1;17.4
2012;10.09.2012;15:00:39;1014.5;12.311;95.2;17.3
2012;10.09.2012;15:40:41;1014.3;12.392;94;17.6
2012;10.09.2012;16:00:39;1014.1;12.102;92.4;17.5
2012;10.09.2012;16:20:39;1014;12.232;89.9;18.1
2012;10.09.2012;16:40:39;1013.8;12.156;85.5;18.8
2012;10.09.2012;17:00:39;1013.7;11.858;82.4;19
2012;10.09.2012;17:20:39;1013.6;12.25;85.6;18.9
2012;10.09.2012;17:40:39;1013.7;12.244;84.5;19.1
2012;10.09.2012;18:20:39;1013.4;12.158;87.1;18.5
2012;10.09.2012;18:40:41;1013.2;12.366;89.1;18.4
2012;10.09.2012;19:00:40;1013;12.255;88.3;18.4
2012;10.09.2012;19:20:39;1012.9;12.313;88.7;18.4
2012;10.09.2012;19:40:39;1013;11.96;87.3;18.2
2012;10.09.2012;20:00:38;1013.2;11.928;86;18.4
2012;10.09.2012;20:20:40;1013.4;11.777;89.9;17.5
2012;10.09.2012;20:40:39;1013.5;11.938;91.7;17.4
2012;10.09.2012;21:00:39;1013.6;11.917;93.3;17.1
2012;10.09.2012;21:20:40;1013.5;11.766;90.4;17.4
2012;10.09.2012;21:40:39;1013.4;11.56;89.4;17.3
2012;10.09.2012;22:00:39;1013.4;11.311;90.9;16.7
2012;10.09.2012;22:20:41;1013.4;11.053;88.3;16.8
2012;10.09.2012;22:40:39;1013.3;11.059;88.9;16.7
2012;10.09.2012;23:00:39;1013.2;10.913;88.3;16.6
2012;10.09.2012;23:40:40;1013.2;10.711;87.8;16.4
2012;11.09.2012;00:20:39;1012.9;10.312;85.1;16.3
2012;11.09.2012;00:40:39;1012.9;10.423;86;16.3
2012;11.09.2012;01:00:40;1012.9;10.191;85.2;16.1
2012;11.09.2012;01:20:39;1012.8;10.258;85.2;16.2
2012;11.09.2012;01:40:40;1012.8;10.389;88.5;15.8
2012;11.09.2012;02:00:39;1012.8;10.501;88.3;16
2012;11.09.2012;02:20:40;1012.7;10.347;88.7;15.7
2012;11.09.2012;02:40:39;1012.6;10.666;90.8;15.8
2012;11.09.2012;03:00:39;1012.4;10.569;87.7;16.2
2012;11.09.2012;03:40:40;1012.1;10.871;89;16.4
2012;11.09.2012;04:00:39;1012;10.881;88.5;16.5
2012;11.09.2012;04:20:40;1011.9;10.562;89.3;15.9
2012;11.09.2012;04:40:40;1011.9;10.462;87.9;16
2012;11.09.2012;05:00:39;1011.8;10.516;88.9;15.9
2012;11.09.2012;05:20:38;1011.8;10.556;88.1;16.1
2012;11.09.2012;05:40:39;1011.7;10.452;87.8;16
2012;11.09.2012;06:00:40;1011.7;10.67;87.9;16.3
2012;11.09.2012;06:20:39;1011.7;10.54;87.4;16.2
2012;11.09.2012;06:40:39;1011.6;10.547;85.8;16.5
2012;11.09.2012;07:00:39;1011.7;10.515;85;16.6
2012;11.09.2012;07:20:39;1011.8;10.564;86.5;16.4
2012;11.09.2012;07:40:40;1011.9;10.712;87.7;16.4
2012;11.09.2012;08:00:39;1012;10.672;88.5;16.2
2012;11.09.2012;08:20:39;1012;10.872;89;16.4
2012;11.09.2012;08:40:40;1012.1;10.781;86.6;16.7
2012;11.09.2012;09:00:39;1012.2;10.773;87.1;16.6
2012;11.09.2012;09:20:42;1012.3;10.556;84.3;16.8
2012;11.09.2012;09:40:39;1012.4;10.188;80.9;16.9
2012;11.09.2012;10:00:40;1012.5;9.956;79.1;16.9
2012;11.09.2012;10:20:39;1012.6;10.285;86.5;16
2012;11.09.2012;10:40:39;1012.7;10.524;90.2;15.7
2012;11.09.2012;11:00:39;1012.7;10.688;88.7;16.2
2012;11.09.2012;11:20:38;1012.7;10.831;86.5;16.8
2012;11.09.2012;12:00:40;1012.5;10.588;75.5;18.6
2012;11.09.2012;12:20:40;1012.3;10.278;71.5;19
2012;11.09.2012;13:00:39;1012.3;10.563;71.2;19.5
2012;11.09.2012;13:20:39;1012.3;10.088;68.9;19.3
2012;11.09.2012;13:40:39;1012.2;10.499;73;19
2012;11.09.2012;14:00:39;1012.2;10.328;70.5;19.3
2012;11.09.2012;14:20:45;1012.1;10.587;73.6;19
2012;11.09.2012;14:40:38;1012.1;11.067;76.4;19.1
2012;11.09.2012;15:00:39;1012.1;10.9;74.8;19.2
2012;11.09.2012;15:20:40;1012;10.634;73;19.2
2012;11.09.2012;15:40:39;1011.9;10.671;73.7;19.1
2012;11.09.2012;16:00:39;1011.7;10.827;72;19.7
2012;11.09.2012;16:20:39;1011.7;10.94;71.4;20
2012;11.09.2012;16:40:39;1011.6;10.76;72.9;19.4
2012;11.09.2012;17:00:40;1011.5;10.782;73.5;19.3
2012;11.09.2012;17:20:39;1011.5;10.752;71.5;19.7
2012;11.09.2012;17:40:39;1011.5;10.745;71.9;19.6
2012;11.09.2012;18:00:40;1011.4;10.678;71.9;19.5
2012;11.09.2012;18:20:39;1011.5;10.637;73.9;19
2012;11.09.2012;18:40:40;1011.6;10.661;75;18.8
2012;11.09.2012;19:00:39;1011.6;10.467;73.2;18.9
2012;11.09.2012;19:40:39;1011.7;10.603;74.6;18.8
2012;11.09.2012;20:20:40;1011.9;10.456;75;18.5
2012;11.09.2012;20:40:39;1012.1;9.715;71.1;18.2
2012;11.09.2012;21:00:39;1012.3;9.609;72.6;17.7
2012;11.09.2012;21:40:40;1012.5;9.688;74.6;17.4
2012;11.09.2012;22:00:39;1012.6;9.533;73.9;17.3
2012;11.09.2012;22:20:39;1012.6;9.446;73.7;17.2
2012;11.09.2012;23:00:39;1012.7;9.594;75.8;17
2012;11.09.2012;23:20:40;1012.8;9.672;76.9;16.9
2012;11.09.2012;23:40:39;1012.8;9.61;76.9;16.8
2012;12.09.2012;00:00:39;1012.8;9.971;81.8;16.4
2012;12.09.2012;00:20:39;1012.7;10.175;85.6;16
2012;12.09.2012;00:40:39;1012.7;10.182;86.2;15.9
2012;12.09.2012;01:00:39;1012.7;10.092;86;15.8
2012;12.09.2012;01:20:39;1012.7;10.121;86.8;15.7
2012;12.09.2012;01:40:39;1012.7;10.151;86.5;15.8
2012;12.09.2012;02:00:39;1012.8;10.043;85.6;15.8
2012;12.09.2012;02:20:39;1012.8;10.02;86.5;15.6
2012;12.09.2012;02:40:40;1012.9;10.007;86.4;15.6
2012;12.09.2012;03:00:39;1013;10.069;87.5;15.5
2012;12.09.2012;03:20:39;1013.2;10.262;90.9;15.2
2012;12.09.2012;03:40:39;1013.2;10.184;90.8;15.1
2012;12.09.2012;04:00:40;1013.3;10.197;92.1;14.9
2012;12.09.2012;04:20:39;1013.3;10.217;91.1;15.1
2012;12.09.2012;04:40:39;1013.4;10.184;91.4;15
2012;12.09.2012;05:00:40;1013.5;10.193;91.5;15
2012;12.09.2012;05:20:39;1013.6;10.258;90.9;15.2
2012;12.09.2012;05:40:39;1013.7;10.236;91.3;15.1
2012;12.09.2012;06:00:39;1013.8;10.08;91.7;14.8
2012;12.09.2012;06:20:40;1014;10.121;90.9;15
2012;12.09.2012;06:40:39;1014.2;9.701;87.2;15
2012;12.09.2012;07:00:41;1014.3;9.759;88.3;14.9
2012;12.09.2012;07:20:39;1014.5;9.872;89.9;14.8
2012;12.09.2012;07:20:39;1014.5;9.872;89.9;14.8
2012;12.09.2012;08:20:40;1014.9;10.065;88.2;15.4
2012;12.09.2012;08:40:40;1015.2;10.025;86.2;15.7
2012;12.09.2012;09:00:40;1015.4;10.01;85;15.9
2012;12.09.2012;09:20:40;1015.6;9.994;83.8;16.1
2012;12.09.2012;09:40:39;1015.9;10.142;84.5;16.2
2012;12.09.2012;10:00:39;1016.1;10.133;81.8;16.7
2012;12.09.2012;10:20:39;1016.3;10.242;78.6;17.5
2012;12.09.2012;10:40:39;1016.4;9.963;76.5;17.5
2012;12.09.2012;11:00:39;1016.6;9.989;77.2;17.4
2012;12.09.2012;11:20:39;1016.8;9.946;76.4;17.5
2012;12.09.2012;11:40:39;1017;9.379;73.5;17.2
2012;12.09.2012;12:00:39;1017.2;9.091;70.4;17.4
2012;12.09.2012;12:20:39;1017.4;9.092;69.1;17.7
2012;12.09.2012;12:40:39;1017.5;8.859;66.1;18
2012;12.09.2012;13:00:39;1017.6;9.116;68;18
2012;12.09.2012;13:20:39;1017.7;9.084;66.5;18.3
2012;12.09.2012;13:40:39;1017.7;9.414;67.6;18.6
2012;12.09.2012;15:20:40;1017.8;9.333;59.2;20.6
2012;12.09.2012;15:40:39;1017.8;9.198;58;20.7
2012;12.09.2012;16:20:42;1017.9;8.948;57.5;20.4
2012;12.09.2012;16:40:39;1018;8.963;57.6;20.4
2012;12.09.2012;17:00:39;1018.1;8.987;56.7;20.7
2012;12.09.2012;17:40:39;1018.2;9.03;58.4;20.3
2012;12.09.2012;18:00:39;1018.3;8.713;57.8;19.9
2012;12.09.2012;18:20:40;1018.5;8.605;57.1;19.9
2012;12.09.2012;18:40:39;1018.6;8.563;57.9;19.6
2012;12.09.2012;19:00:39;1018.8;8.84;60.5;19.4
2012;12.09.2012;19:20:39;1018.9;8.791;61.7;19
2012;12.09.2012;19:40:39;1019.1;8.851;64.1;18.5
2012;12.09.2012;20:00:39;1019.4;8.927;66.3;18.1
2012;12.09.2012;20:20:40;1019.6;9.104;73.4;16.8
2012;12.09.2012;20:40:39;1019.9;8.976;72.4;16.8
2012;12.09.2012;21:00:39;1020.1;9.07;76.5;16.1
2012;12.09.2012;21:40:42;1020.7;8.915;77.7;15.6
2012;12.09.2012;22:00:40;1020.9;8.854;76.7;15.7
2012;12.09.2012;22:20:39;1021.2;8.876;78.4;15.4
2012;12.09.2012;22:40:39;1021.4;8.886;77.5;15.6
2012;12.09.2012;23:00:41;1021.5;8.85;78.2;15.4
2012;12.09.2012;23:40:39;1021.8;8.766;79;15.1
2012;13.09.2012;00:20:41;1022;8.615;79.7;14.7
2012;13.09.2012;00:40:41;1022.2;8.582;78.9;14.8
2012;13.09.2012;01:00:39;1022.3;8.522;79.9;14.5
2012;13.09.2012;01:20:40;1022.4;8.732;84;14.1
2012;13.09.2012;01:40:40;1022.5;8.41;79.9;14.3
2012;13.09.2012;02:00:43;1022.5;8.353;80.4;14.1
2012;13.09.2012;02:40:40;1022.7;8.219;82.3;13.5
2012;13.09.2012;03:00:40;1022.7;8.301;81.5;13.8
2012;13.09.2012;03:20:39;1022.7;8.193;78.9;14.1
2012;13.09.2012;03:40:39;1022.8;8.023;76.8;14.2
2012;13.09.2012;04:00:39;1022.8;8.085;78.9;13.9
2012;13.09.2012;04:20:39;1022.9;8.093;81.6;13.4
2012;13.09.2012;04:40:41;1023;8.128;80.9;13.6
2012;13.09.2012;05:00:40;1023.1;8.114;79.2;13.9
2012;13.09.2012;05:20:40;1023.1;8.167;79.2;14
2012;13.09.2012;05:40:40;1023.2;8.177;79.3;14
2012;13.09.2012;06:00:39;1023.3;8.26;80.1;14
2012;13.09.2012;06:20:40;1023.3;8.364;82.7;13.7
2012;13.09.2012;06:40:41;1023.5;8.227;79.8;14
2012;13.09.2012;07:00:40;1023.6;8.29;79.9;14.1
2012;13.09.2012;07:20:39;1023.8;8.354;80;14.2
2012;13.09.2012;07:40:39;1024.1;8.28;76.8;14.7
2012;13.09.2012;08:00:39;1024.2;8.377;78.2;14.6
2012;13.09.2012;08:40:39;1024.4;8.578;74.6;15.7
2012;13.09.2012;09:20:39;1024.6;9.257;78.4;16.1
2012;13.09.2012;09:40:39;1024.7;9.35;76.7;16.6
2012;13.09.2012;10:00:41;1024.9;9.503;76;17
2012;13.09.2012;10:40:39;1025.2;9.61;74;17.6
2012;13.09.2012;11:00:41;1025.3;9.49;73.1;17.6
2012;13.09.2012;11:20:39;1025.3;9.738;72.2;18.2
2012;13.09.2012;11:40:39;1025.3;9.831;73.8;18
2012;13.09.2012;12:00:40;1025.3;9.993;73.6;18.3
2012;13.09.2012;13:00:39;1025.3;10.459;74.6;18.8
2012;13.09.2012;13:40:40;1025.2;10.548;72.9;19.3
2012;13.09.2012;14:20:39;1025;10.346;68.9;19.9
2012;13.09.2012;14:40:39;1024.9;9.86;61.4;21
2012;13.09.2012;15:00:39;1024.8;9.22;60;20.3
2012;13.09.2012;15:20:39;1024.8;9.905;63.2;20.6
2012;13.09.2012;16:20:42;1024.5;10.834;65.7;21.4
2012;13.09.2012;16:40:40;1024.4;10.683;64.4;21.5
2012;13.09.2012;17:00:39;1024.4;10.568;61.8;22
2012;13.09.2012;17:40:39;1024.5;11.148;68.4;21.2
2012;13.09.2012;18:00:39;1024.5;10.875;68;20.9
2012;13.09.2012;18:40:39;1024.6;11.12;70.8;20.6
2012;13.09.2012;19:00:39;1024.6;11.375;73.3;20.4
2012;13.09.2012;19:20:39;1024.7;11.279;73.6;20.2
2012;13.09.2012;20:00:39;1024.9;11.095;76.6;19.3
2012;13.09.2012;20:20:39;1025.1;11.011;77;19.1
2012;13.09.2012;20:40:39;1025.4;10.687;76.2;18.8
2012;13.09.2012;21:00:40;1025.7;10.701;76.8;18.7
2012;13.09.2012;21:20:39;1025.9;10.549;76.7;18.5
2012;13.09.2012;21:40:41;1026.1;10.565;77.8;18.3
2012;13.09.2012;22:00:39;1026.3;10.427;77.3;18.2
2012;13.09.2012;22:20:39;1026.4;10.484;79.2;17.9
2012;13.09.2012;22:40:40;1026.5;10.309;78.4;17.8
2012;13.09.2012;23:00:39;1026.7;10.36;79.8;17.6
2012;13.09.2012;23:20:40;1026.8;10.492;80.3;17.7
2012;13.09.2012;23:40:39;1026.9;10.371;80.4;17.5
2012;14.09.2012;00:00:40;1027;10.331;79.6;17.6
2012;14.09.2012;00:20:39;1027;10.41;80.2;17.6
2012;14.09.2012;00:40:39;1027;10.252;79.5;17.5
2012;14.09.2012;01:00:39;1027;10.356;80.3;17.5
2012;14.09.2012;01:20:40;1027;10.463;80.6;17.6
2012;14.09.2012;01:40:39;1027;10.527;81.6;17.5
2012;14.09.2012;02:00:42;1026.9;10.541;81.7;17.5
2012;14.09.2012;02:20:39;1026.7;10.58;82.5;17.4
2012;14.09.2012;02:40:40;1026.6;10.613;83.8;17.2
2012;14.09.2012;03:00:40;1026.5;10.483;83.3;17.1
2012;14.09.2012;03:20:40;1026.3;10.526;83.1;17.2
2012;14.09.2012;03:40:39;1026.2;10.563;83.9;17.1
2012;14.09.2012;04:00:39;1026.1;10.555;84.9;16.9
2012;14.09.2012;04:20:39;1026.1;10.402;86.4;16.4
2012;14.09.2012;04:40:39;1026.1;10.341;87;16.2
2012;14.09.2012;05:00:39;1026;10.166;87.2;15.9
2012;14.09.2012;05:20:39;1026;10.185;85.7;16.2
2012;14.09.2012;05:40:39;1026;10.178;85.1;16.3
2012;14.09.2012;06:00:39;1026;10.085;83.8;16.4
2012;14.09.2012;06:20:40;1026;10.015;84.3;16.2
2012;14.09.2012;06:40:40;1026;9.895;83.3;16.2
2012;14.09.2012;07:00:39;1026.1;9.849;82.4;16.3
2012;14.09.2012;07:20:39;1026.2;9.802;81.5;16.4
2012;14.09.2012;07:40:39;1026.5;9.791;80.4;16.6
2012;14.09.2012;08:00:40;1026.6;9.696;81.7;16.2
2012;14.09.2012;08:20:39;1026.7;9.603;79.4;16.5
2012;14.09.2012;08:40:40;1027;9.649;77.3;17
2012;14.09.2012;09:00:39;1027.2;9.581;76.3;17.1
2012;14.09.2012;09:20:39;1027.3;9.549;75.1;17.3
2012;14.09.2012;09:40:43;1027.5;9.631;77.2;17
2012;14.09.2012;11:00:41;1027.9;9.739;74.7;17.7
2012;14.09.2012;11:20:39;1027.9;9.921;75.6;17.8
2012;14.09.2012;11:40:39;1028;10.048;75.6;18
2012;14.09.2012;12:20:39;1028;10.092;76.4;17.9
2012;14.09.2012;12:40:39;1027.9;10.117;76.1;18
2012;14.09.2012;13:00:40;1027.8;10.424;75;18.7
2012;14.09.2012;13:20:44;1027.5;10.479;74.9;18.8
2012;14.09.2012;14:00:39;1027.2;10.638;73.2;19.4
2012;14.09.2012;14:20:39;1027;10.579;75.1;18.9
2012;14.09.2012;14:40:41;1026.8;10.766;74.5;19.3
2012;14.09.2012;16:00:39;1026.3;10.67;72;19.7
2012;14.09.2012;16:40:40;1026.3;10.889;69.9;20.5
2012;14.09.2012;17:40:40;1026.2;10.108;67;20
2012;14.09.2012;18:00:39;1026.2;10.563;70.4;19.9
2012;14.09.2012;18:20:39;1026.2;10.664;72.4;19.6
2012;14.09.2012;18:40:40;1026.1;10.762;72.6;19.7
2012;14.09.2012;19:40:40;1026.1;10.693;73.5;19.4
2012;14.09.2012;20:20:39;1026.4;10.765;75.4;19.1
2012;14.09.2012;20:40:39;1026.5;10.674;76.2;18.8
2012;14.09.2012;21:00:39;1026.7;10.835;79.3;18.4
2012;14.09.2012;21:20:39;1026.9;10.874;79.6;18.4
2012;14.09.2012;21:40:39;1027.1;10.815;81.2;18
2012;14.09.2012;22:20:40;1027.4;9.696;70.7;18.5
2012;14.09.2012;22:40:39;1027.5;9.537;70;18.4
2012;14.09.2012;23:00:39;1027.6;9.647;71.7;18.2
2012;14.09.2012;23:20:43;1027.7;9.654;72.2;18.1
2012;14.09.2012;23:40:41;1027.6;9.62;72.4;18
2012;15.09.2012;00:20:39;1027.6;9.634;75.3;17.4
2012;15.09.2012;00:40:40;1027.6;9.692;77.2;17.1
2012;15.09.2012;01:00:39;1027.4;9.461;74.9;17.2
2012;15.09.2012;01:20:40;1027.3;9.247;72.3;17.4
2012;15.09.2012;01:40:40;1027.2;9.156;72.5;17.2
2012;15.09.2012;02:00:40;1027;9.129;73.2;17
2012;15.09.2012;02:20:39;1026.8;9.072;73.2;16.9
2012;15.09.2012;02:40:40;1026.7;8.759;71.6;16.7
2012;15.09.2012;03:00:41;1026.6;8.759;71.6;16.7
2012;15.09.2012;03:20:40;1026.5;8.669;74.1;16
2012;15.09.2012;03:40:39;1026.4;8.593;71.6;16.4
2012;15.09.2012;04:00:39;1026.2;8.626;71.4;16.5
2012;15.09.2012;04:20:42;1026;8.808;73.8;16.3
2012;15.09.2012;04:40:39;1025.8;8.797;73.7;16.3
2012;15.09.2012;05:00:39;1025.8;8.732;72.7;16.4
2012;15.09.2012;05:20:39;1025.7;8.762;73.4;16.3
2012;15.09.2012;05:40:39;1025.6;8.736;71.8;16.6
2012;15.09.2012;06:00:39;1025.6;9.223;77.2;16.3
2012;15.09.2012;06:20:39;1025.6;9.105;77.7;16
2012;15.09.2012;06:40:40;1025.6;8.928;76.7;15.9
2012;15.09.2012;07:00:39;1025.6;8.976;78.6;15.6
2012;15.09.2012;07:20:39;1025.7;9.055;79.8;15.5
2012;15.09.2012;07:40:39;1025.7;9.022;78.5;15.7
2012;15.09.2012;08:00:39;1025.8;8.939;77.8;15.7
2012;15.09.2012;08:20:39;1025.8;8.891;76.4;15.9
2012;15.09.2012;08:40:39;1025.8;9.17;75.8;16.5
2012;15.09.2012;09:00:39;1025.7;9.455;75.2;17.1
2012;15.09.2012;09:20:39;1025.7;9.613;75;17.4
2012;15.09.2012;09:40:39;1025.7;9.921;73.1;18.3
2012;15.09.2012;10:20:39;1025.4;9.737;67.4;19.3
2012;15.09.2012;10:40:39;1025.3;8.359;54.5;20.3
2012;15.09.2012;11:00:40;1025.2;8.445;53.7;20.7
2012;15.09.2012;11:20:40;1025.1;8.532;52.6;21.2
2012;15.09.2012;11:40:39;1024.8;8.505;52.1;21.3
2012;15.09.2012;12:00:39;1024.5;8.365;50;21.7
2012;15.09.2012;12:20:39;1024.2;9.944;65;20.2
2012;15.09.2012;13:00:40;1023.6;9.777;63.1;20.4
2012;15.09.2012;13:20:41;1023.4;10.062;65.7;20.2
2012;15.09.2012;14:00:41;1022.9;10.005;64.9;20.3
2012;15.09.2012;14:20:39;1022.6;10.223;62.7;21.2
2012;15.09.2012;14:40:39;1022.3;10.226;62.7;21.2
2012;15.09.2012;15:00:40;1022.1;10.252;61.7;21.5
2012;15.09.2012;15:20:39;1021.8;9.924;61.6;21
2012;15.09.2012;15:40:40;1021.6;9.841;59.6;21.4
2012;15.09.2012;16:00:39;1021.3;9.875;58.7;21.7
2012;15.09.2012;16:20:41;1021;10.279;60.3;21.9
2012;15.09.2012;18:20:39;1019.8;8.881;50.9;22.3
2012;15.09.2012;19:00:39;1019.6;8.937;54.1;21.4
2012;15.09.2012;19:20:39;1019.5;9.087;56.7;20.9
2012;15.09.2012;19:40:39;1019.4;9.159;58.2;20.6
2012;15.09.2012;20:20:40;1019.1;9.498;66.6;19
2012;15.09.2012;20:40:39;1019;9.136;65.3;18.7
2012;15.09.2012;21:20:39;1018.9;9.167;64.3;19
2012;15.09.2012;21:40:39;1018.8;9.288;67.2;18.5
2012;15.09.2012;22:20:40;1018.4;9.387;69.6;18.1
2012;15.09.2012;22:40:39;1018.2;9.219;70.1;17.7
2012;15.09.2012;23:00:40;1017.9;9.199;69.5;17.8
2012;15.09.2012;23:20:38;1017.8;9.236;70.2;17.7
2012;15.09.2012;23:40:38;1017.5;9.285;71.9;17.4
2012;16.09.2012;00:00:40;1017.2;9.208;72.2;17.2
2012;16.09.2012;00:20:39;1017;9.31;71.6;17.5
2012;16.09.2012;00:40:41;1016.7;9.266;71.7;17.4
2012;16.09.2012;01:00:39;1016.4;9.361;72.4;17.4
2012;16.09.2012;01:40:39;1015.9;9.228;71.8;17.3
2012;16.09.2012;02:00:39;1015.6;9.181;69.2;17.8
2012;16.09.2012;02:20:41;1015.2;9.193;69.7;17.7
2012;16.09.2012;02:40:40;1014.9;9.173;69.1;17.8
2012;16.09.2012;03:00:39;1014.6;9.099;68.1;17.9
2012;16.09.2012;03:20:39;1014.3;9.129;68.3;17.9
2012;16.09.2012;03:40:42;1014;9.047;69.4;17.5
2012;16.09.2012;04:00:39;1013.7;9.051;72.1;16.9
2012;16.09.2012;04:20:39;1013.4;9.12;71.7;17.1
2012;16.09.2012;04:40:40;1013.2;9.168;71.6;17.2
2012;16.09.2012;05:00:39;1013;9.064;69.9;17.4
2012;16.09.2012;05:20:40;1012.9;8.925;76.7;15.7
2012;16.09.2012;05:40:39;1012.8;9.148;79.6;15.5
2012;16.09.2012;06:00:39;1012.7;9.079;77;15.9
2012;16.09.2012;06:20:40;1012.6;9.085;75.1;16.3
2012;16.09.2012;06:40:39;1012.6;9.048;74.8;16.3
2012;16.09.2012;07:00:39;1012.6;9.082;74.6;16.4
2012;16.09.2012;07:20:39;1012.5;9.095;74.7;16.4
2012;16.09.2012;07:40:40;1012.3;9.123;71.2;17.2
2012;16.09.2012;08:00:40;1012.1;9.095;67.9;17.9
2012;16.09.2012;08:20:39;1011.9;9.056;65.1;18.5
2012;16.09.2012;08:40:39;1011.7;9.059;63.1;19
2012;16.09.2012;09:00:40;1011.5;9.051;59.6;19.9
2012;16.09.2012;09:20:39;1011.3;8.848;56.5;20.4
2012;16.09.2012;09:40:40;1011.1;8.993;56.7;20.6
2012;16.09.2012;10:00:40;1011;8.859;54.5;21
2012;16.09.2012;10:20:39;1010.8;8.63;51.5;21.5
2012;16.09.2012;10:40:39;1010.7;8.71;50.4;22
2012;16.09.2012;11:00:39;1010.5;8.465;48.4;22.2
2012;16.09.2012;11:20:41;1010.3;8.264;46.4;22.5
2012;16.09.2012;11:40:39;1010.1;8.04;43.8;23
2012;16.09.2012;12:20:39;1009.8;7.745;42.2;23
2012;16.09.2012;13:00:39;1009.4;8.237;45.1;22.9
2012;16.09.2012;13:20:39;1009.1;8.299;45.7;22.8
2012;16.09.2012;13:40:40;1008.8;8.287;44.8;23.1
2012;16.09.2012;16:40:40;1007.3;7.804;41.4;23.4
2012;16.09.2012;17:00:41;1007.4;8.939;48.5;23
2012;16.09.2012;17:40:39;1007.8;8.495;53.1;20.7
2012;16.09.2012;18:20:39;1007.9;9.113;61.3;19.5
2012;16.09.2012;18:40:39;1008.1;9.714;68.2;18.8
2012;16.09.2012;19:20:39;1008.2;9.062;64.5;18.6
2012;16.09.2012;19:40:42;1008.3;8.96;65;18.3
2012;16.09.2012;20:00:39;1008.5;9.091;67.2;18
2012;16.09.2012;20:20:39;1008.7;9.374;71.5;17.5
2012;16.09.2012;20:40:40;1008.9;9.456;75.4;16.8
2012;16.09.2012;21:00:40;1009.3;9.646;78.4;16.5
2012;16.09.2012;21:20:40;1009.4;9.614;81.2;15.9
2012;16.09.2012;21:40:41;1009.6;9.583;82;15.7
2012;16.09.2012;22:20:39;1009.9;9.882;87.3;15.2
2012;16.09.2012;22:40:39;1010.2;9.274;87.5;14.2
2012;16.09.2012;23:00:40;1010.5;8.986;88.8;13.5
2012;16.09.2012;23:20:39;1010.9;8.61;88;13
2012;17.09.2012;00:00:40;1011.5;8.262;88.5;12.3
2012;17.09.2012;00:20:39;1011.8;8.449;90.5;12.3
2012;17.09.2012;00:40:39;1011.9;8.298;90.7;12
2012;17.09.2012;01:00:40;1012;8.288;90.6;12
2012;17.09.2012;01:20:41;1012.3;8.139;89.6;11.9
2012;17.09.2012;01:40:42;1012.7;7.805;88.9;11.4
2012;17.09.2012;02:00:43;1012.9;7.778;89.2;11.3
2012;17.09.2012;02:20:39;1013.1;7.691;90;11
2012;17.09.2012;02:40:40;1013.3;7.367;88.6;10.6
2012;17.09.2012;03:00:39;1013.5;6.956;86;10.2
2012;17.09.2012;03:20:39;1013.7;6.656;82.9;10.1
2012;17.09.2012;03:40:41;1013.9;6.701;84.6;9.9
2012;17.09.2012;04:00:39;1014.1;6.652;85.7;9.6
2012;17.09.2012;04:20:40;1014.2;6.561;85.7;9.4
2012;17.09.2012;04:40:39;1014.3;6.615;86.4;9.4
2012;17.09.2012;05:00:40;1014.4;6.815;88.4;9.5
2012;17.09.2012;05:20:40;1014.5;6.83;89.2;9.4
2012;17.09.2012;05:40:39;1014.7;6.813;88.4;9.5
2012;17.09.2012;06:00:40;1014.9;6.741;87.5;9.5
2012;17.09.2012;06:20:40;1015.2;6.697;85.8;9.7
2012;17.09.2012;06:40:40;1015.4;6.813;86.7;9.8
2012;17.09.2012;07:00:40;1015.6;6.788;86.4;9.8
2012;17.09.2012;07:20:40;1015.8;6.615;84.8;9.7
2012;17.09.2012;07:40:39;1016;6.714;85.5;9.8
2012;17.09.2012;08:00:39;1016.2;6.649;84.7;9.8
2012;17.09.2012;08:20:40;1016.4;6.536;83.3;9.8
2012;17.09.2012;08:40:39;1016.7;6.432;82;9.8
2012;17.09.2012;09:00:40;1016.9;6.43;79.3;10.3
2012;17.09.2012;09:20:39;1017.2;6.582;80.1;10.5
2012;17.09.2012;10:00:39;1017.7;6.485;79.5;10.4
2012;17.09.2012;10:20:40;1017.9;6.167;77.7;10
2012;17.09.2012;10:40:40;1018;6.063;74.9;10.3
2012;17.09.2012;11:00:39;1018.2;5.876;73.6;10.1
2012;17.09.2012;11:20:39;1018.3;5.988;75.5;10
2012;17.09.2012;11:40:39;1018.5;6.182;76.9;10.2
2012;17.09.2012;12:00:39;1018.5;6.077;74.6;10.4
2012;17.09.2012;12:20:39;1018.5;6.302;74.8;10.9
2012;17.09.2012;12:40:39;1018.6;6.209;74.7;10.7
2012;17.09.2012;13:00:39;1018.7;5.992;70.7;11
2012;17.09.2012;14:00:39;1018.9;6.134;71.9;11.1
2012;17.09.2012;15:00:40;1019.3;6.052;72.4;10.8
2012;17.09.2012;15:20:39;1019.4;6.132;71.9;11.1
2012;17.09.2012;15:40:40;1019.5;5.953;70.3;11
2012;17.09.2012;16:00:39;1019.6;6.001;70.4;11.1
2012;17.09.2012;16:20:39;1019.6;6.237;71.7;11.4
2012;17.09.2012;16:40:39;1019.5;5.834;67.1;11.4
2012;17.09.2012;17:00:39;1019.5;5.952;67.1;11.7
2012;17.09.2012;17:20:38;1019.6;5.969;67.3;11.7
2012;17.09.2012;17:40:40;1019.8;6.044;68.6;11.6
2012;17.09.2012;18:00:40;1019.9;6.215;71;11.5
2012;17.09.2012;18:20:39;1020.1;6.127;71.9;11.1
2012;17.09.2012;19:00:39;1020.3;6.086;70.5;11.3
2012;17.09.2012;19:40:39;1020.6;6.175;70.6;11.5
2012;17.09.2012;20:20:39;1021;6.259;71.1;11.6
2012;17.09.2012;20:40:39;1021.2;6.089;69.2;11.6
2012;17.09.2012;21:00:39;1021.3;6.03;69;11.5
2012;17.09.2012;21:40:39;1021.6;6.208;70.1;11.7
2012;17.09.2012;22:00:39;1021.7;6.134;70.2;11.5
2012;17.09.2012;22:20:39;1021.7;6.163;71;11.4
2012;17.09.2012;22:40:39;1021.8;6.224;70.3;11.7
2012;17.09.2012;23:20:39;1022;5.949;69.5;11.2
2012;17.09.2012;23:40:39;1022.1;5.621;65.7;11.2
2012;18.09.2012;00:00:39;1022;5.662;65.3;11.4
2012;18.09.2012;00:20:39;1022;5.837;67.3;11.4
2012;18.09.2012;00:40:39;1022;5.789;69;10.9
2012;18.09.2012;01:00:39;1022;6.122;71.5;11.2
2012;18.09.2012;01:20:39;1022;5.893;70.7;10.8
2012;18.09.2012;01:40:40;1022;5.652;69.2;10.5
2012;18.09.2012;02:00:39;1021.9;5.858;71.7;10.5
2012;18.09.2012;02:20:39;1021.8;5.975;74.1;10.3
2012;18.09.2012;03:00:39;1021.8;5.895;75.6;9.8
2012;18.09.2012;03:20:39;1021.8;6.215;78.6;10
2012;18.09.2012;03:40:39;1021.8;6.16;79.5;9.7
2012;18.09.2012;04:20:39;1021.7;6.155;80.5;9.5
2012;18.09.2012;04:40:39;1021.6;6.187;80.9;9.5
2012;18.09.2012;05:00:39;1021.5;6.096;81.9;9.1
2012;18.09.2012;05:20:39;1021.5;6.055;81.9;9
2012;18.09.2012;05:40:38;1021.4;6.07;82.1;9
2012;18.09.2012;06:00:39;1021.4;6.211;82.3;9.3
2012;18.09.2012;06:40:39;1021.5;6.253;85.7;8.8
2012;18.09.2012;07:00:39;1021.5;6.201;85;8.8
2012;18.09.2012;07:20:39;1021.6;6.278;84.9;9
2012;18.09.2012;07:40:39;1021.7;6.323;83.8;9.3
2012;18.09.2012;08:00:39;1021.8;6.224;82.5;9.3
2012;18.09.2012;08:20:39;1022;6.257;82.4;9.4
2012;18.09.2012;08:40:39;1022;6.408;83.8;9.5
2012;18.09.2012;09:20:39;1022.2;6.476;83;9.8
2012;18.09.2012;09:40:39;1022.2;6.468;81.8;10
2012;18.09.2012;10:00:39;1022.2;6.525;79.8;10.5
2012;18.09.2012;10:20:39;1022.3;6.308;77.7;10.4
2012;18.09.2012;10:40:39;1022.3;6.454;77.9;10.7
2012;18.09.2012;11:00:39;1022.3;6.58;76.3;11.3
2012;18.09.2012;11:20:38;1022.2;6.475;71.7;12
2012;18.09.2012;11:40:39;1022.1;6.424;70.2;12.2
2012;18.09.2012;12:00:39;1022.2;6.4;66.8;12.9
2012;18.09.2012;12:20:38;1022.1;6.603;68;13.1
2012;18.09.2012;12:40:39;1022;6.515;67.1;13.1
2012;18.09.2012;13:20:40;1022;6.227;60.9;13.9
2012;18.09.2012;13:40:39;1022.1;6.276;60.2;14.2
2012;18.09.2012;14:40:39;1021.9;6.222;57.4;14.8
2012;18.09.2012;15:00:38;1021.8;6.852;64.8;14.4
2012;18.09.2012;15:40:39;1021.7;6.252;58.8;14.5
2012;18.09.2012;16:00:39;1021.7;6.076;57.9;14.3
2012;18.09.2012;16:20:39;1021.7;6.487;60.2;14.7
2012;18.09.2012;17:00:39;1021.8;6.236;57.9;14.7
2012;18.09.2012;17:20:39;1021.9;6.184;57.8;14.6
2012;18.09.2012;17:40:39;1022.1;6.278;61.4;13.9
2012;18.09.2012;18:00:39;1022.2;6.236;61;13.9
2012;18.09.2012;18:20:39;1022.3;6.212;59.6;14.2
2012;18.09.2012;18:40:39;1022.4;6.317;61.4;14
2012;18.09.2012;19:00:39;1022.6;6.183;61.7;13.6
2012;18.09.2012;19:20:39;1022.7;6.421;64.9;13.4
2012;18.09.2012;20:00:39;1022.8;6.216;64.1;13.1
2012;18.09.2012;20:20:39;1023;6.076;63.5;12.9
2012;18.09.2012;20:40:39;1023.1;6.115;63.5;13
2012;18.09.2012;21:00:39;1023.2;6.142;64.2;12.9
2012;18.09.2012;21:20:39;1023.2;5.998;64.8;12.4
2012;18.09.2012;22:00:39;1023.2;5.981;64.2;12.5
2012;18.09.2012;22:20:39;1023.2;6.057;65;12.5
2012;18.09.2012;22:40:39;1023.1;5.901;64.6;12.2
2012;18.09.2012;23:00:39;1022.9;6.218;66.7;12.5
2012;18.09.2012;23:20:39;1022.9;6.021;64.6;12.5
2012;18.09.2012;23:40:39;1022.8;6.374;67.9;12.6
2012;19.09.2012;00:00:39;1022.7;6.252;66.6;12.6
2012;19.09.2012;00:20:39;1022.5;6.154;67.3;12.2
2012;19.09.2012;00:40:39;1022.4;6.024;64.6;12.5
2012;19.09.2012;01:00:39;1022.4;5.954;64.7;12.3
2012;19.09.2012;01:20:39;1022.2;6.113;66.4;12.3
2012;19.09.2012;01:40:39;1022.2;5.958;66.9;11.8
2012;19.09.2012;02:00:39;1022.2;5.831;66.8;11.5
2012;19.09.2012;02:20:39;1022.1;5.771;67;11.3
2012;19.09.2012;02:40:39;1022.1;5.999;67.8;11.7
2012;19.09.2012;03:00:39;1022;6.012;69.3;11.4
2012;19.09.2012;03:20:39;1021.9;6.019;70.3;11.2
2012;19.09.2012;03:40:39;1021.8;6.045;70.6;11.2
2012;19.09.2012;04:00:39;1021.8;6.126;72;11.1
2012;19.09.2012;04:20:39;1021.6;6.198;74.3;10.8
2012;19.09.2012;04:40:39;1021.6;6.132;74.5;10.6
2012;19.09.2012;05:00:39;1021.5;6.224;75.6;10.6
2012;19.09.2012;05:20:39;1021.4;6.108;75.2;10.4
2012;19.09.2012;05:40:39;1021.4;6.14;76.6;10.2
2012;19.09.2012;06:00:39;1021.3;6.06;75.6;10.2
2012;19.09.2012;06:20:39;1021.3;6.134;75.5;10.4
2012;19.09.2012;06:40:39;1021.3;6.167;75.4;10.5
2012;19.09.2012;07:00:40;1021.4;6.158;74.3;10.7
2012;19.09.2012;07:20:39;1021.5;5.951;72.8;10.5
2012;19.09.2012;07:40:39;1021.6;6.197;73.3;11
2012;19.09.2012;08:00:40;1021.7;6.084;70.1;11.4
2012;19.09.2012;08:20:39;1021.7;6.14;75.1;10.5
2012;19.09.2012;08:40:39;1021.8;6.304;77.1;10.5
2012;19.09.2012;09:00:39;1021.9;6.153;76.8;10.2
2012;19.09.2012;09:20:41;1022;6.302;77.6;10.4
2012;19.09.2012;09:40:40;1022.1;6.296;76;10.7
2012;19.09.2012;10:00:40;1022.2;6.075;72.4;10.9
2012;19.09.2012;10:20:39;1022.3;5.92;72;10.6
2012;19.09.2012;11:00:39;1022.5;5.945;72.8;10.5
2012;19.09.2012;11:20:41;1022.6;5.94;71.3;10.8
2012;19.09.2012;11:40:39;1022.7;5.939;71.3;10.8
2012;19.09.2012;12:00:39;1022.7;6.178;72.2;11.2
2012;19.09.2012;12:20:41;1022.7;5.934;70.3;11
2012;19.09.2012;12:40:39;1022.8;6.065;70.9;11.2
2012;19.09.2012;13:00:39;1023;5.919;68.3;11.4
2012;19.09.2012;13:40:39;1023;6.016;68.5;11.6
2012;19.09.2012;14:20:40;1023;6.033;65.6;12.3
2012;19.09.2012;15:40:39;1023.1;5.938;65;12.2
2012;19.09.2012;16:00:41;1023.1;6.039;66.1;12.2
2012;19.09.2012;16:20:39;1023.1;5.924;64;12.4
2012;19.09.2012;16:40:39;1023.1;5.95;62.2;12.9
2012;19.09.2012;17:20:39;1023;5.97;62;13
2012;19.09.2012;17:40:39;1023.1;6.027;63;12.9
2012;19.09.2012;18:00:39;1023.2;5.937;62.9;12.7
2012;19.09.2012;18:20:39;1023.2;6.099;64.6;12.7
2012;19.09.2012;18:40:39;1023.3;5.918;62.3;12.8
2012;19.09.2012;19:00:40;1023.4;5.887;62.8;12.6
2012;19.09.2012;19:20:40;1023.5;6.024;63;12.9
2012;19.09.2012;20:20:40;1023.7;5.81;62;12.6
2012;19.09.2012;20:40:39;1023.8;5.724;61.1;12.6
2012;19.09.2012;20:40:39;1023.8;5.724;61.1;12.6
2012;19.09.2012;22:00:39;1024.1;5.953;64.8;12.3
2012;19.09.2012;22:20:39;1024.1;5.964;64.5;12.4
2012;19.09.2012;22:40:39;1024.1;6.005;65.8;12.2
2012;19.09.2012;23:00:39;1024.1;6.108;67.8;12
2012;19.09.2012;23:20:39;1024.1;6.321;72.5;11.5
2012;19.09.2012;23:40:39;1024.1;6.463;74.6;11.4
2012;20.09.2012;00:00:40;1024.1;6.464;75.1;11.3
2012;20.09.2012;00:20:40;1024;6.438;75.3;11.2
2012;20.09.2012;00:40:39;1023.9;6.534;75.9;11.3
2012;20.09.2012;01:00:39;1023.9;6.473;76.2;11.1
2012;20.09.2012;01:20:40;1023.9;6.516;76.7;11.1
2012;20.09.2012;01:40:42;1023.9;6.514;77.7;10.9
2012;20.09.2012;02:00:39;1023.9;6.541;79.6;10.6
2012;20.09.2012;02:20:39;1023.9;6.516;79.3;10.6
2012;20.09.2012;02:40:39;1023.9;6.471;77.2;10.9
2012;20.09.2012;03:00:39;1023.9;6.452;78;10.7
2012;20.09.2012;03:20:40;1023.9;6.462;77.6;10.8
2012;20.09.2012;03:40:41;1023.8;6.448;79;10.5
2012;20.09.2012;04:00:39;1023.8;6.495;80.1;10.4
2012;20.09.2012;04:20:40;1023.8;6.49;79.5;10.5
2012;20.09.2012;04:40:39;1023.8;6.498;79.6;10.5
2012;20.09.2012;05:00:39;1023.9;6.448;79;10.5
2012;20.09.2012;05:20:39;1023.9;6.423;78.7;10.5
2012;20.09.2012;05:40:40;1023.9;6.423;78.7;10.5
2012;20.09.2012;06:00:40;1024;6.546;80.2;10.5
2012;20.09.2012;06:20:39;1024.1;6.529;80;10.5
2012;20.09.2012;06:40:39;1024.1;6.562;80.4;10.5
2012;20.09.2012;07:00:39;1024.2;6.6;79.8;10.7
2012;20.09.2012;07:20:39;1024.3;6.6;79.8;10.7
2012;20.09.2012;07:40:40;1024.4;6.638;79.2;10.9
2012;20.09.2012;08:00:39;1024.5;6.639;78.7;11
2012;20.09.2012;08:20:39;1024.6;6.565;75.8;11.4
2012;20.09.2012;08:40:39;1024.7;6.672;79.1;11
2012;20.09.2012;09:00:39;1024.7;6.677;77.6;11.3
2012;20.09.2012;09:20:39;1024.8;6.572;75.9;11.4
2012;20.09.2012;09:40:41;1024.9;6.441;74.9;11.3
2012;20.09.2012;10:00:39;1025.1;6.461;72.7;11.8
2012;20.09.2012;10:40:40;1025.2;6.296;70.4;11.9
2012;20.09.2012;11:00:41;1025.2;6.347;70.5;12
2012;20.09.2012;11:20:39;1025.2;6.204;66.7;12.5
2012;20.09.2012;11:40:39;1025.1;5.981;63.9;12.6
2012;20.09.2012;12:00:39;1025;6.003;63.7;12.7
2012;20.09.2012;12:20:39;1024.9;6.078;61.6;13.4
2012;20.09.2012;12:40:40;1024.9;6.088;61.7;13.4
2012;20.09.2012;13:00:40;1024.8;5.842;60.4;13.1
2012;20.09.2012;13:20:39;1024.8;5.868;59.1;13.5
2012;20.09.2012;13:40:39;1024.7;5.996;59.2;13.8
2012;20.09.2012;14:00:39;1024.6;6.025;59.1;13.9
2012;20.09.2012;14:20:39;1024.5;6.436;59.9;14.7
2012;20.09.2012;14:40:40;1024.4;6.05;56.7;14.6
2012;20.09.2012;15:00:40;1024.4;6.123;57;14.7
2012;20.09.2012;15:20:41;1024.3;6.438;58;15.2
2012;20.09.2012;15:40:40;1024.3;6.355;58;15
2012;20.09.2012;16:00:39;1024.3;6.357;58.4;14.9
2012;20.09.2012;16:20:39;1024.3;6.363;57.7;15.1
2012;20.09.2012;16:40:39;1024.3;6.348;57.2;15.2
2012;20.09.2012;17:00:40;1024.4;6.157;55.5;15.2
2012;20.09.2012;17:40:39;1024.5;6.163;55.2;15.3
2012;20.09.2012;18:00:39;1024.5;6.317;57.3;15.1
2012;20.09.2012;18:20:40;1024.5;6.083;53.8;15.5
2012;20.09.2012;18:40:39;1024.5;6.205;56.3;15.1
2012;20.09.2012;19:00:40;1024.5;6.32;57.7;15
2012;20.09.2012;20:20:40;1024.7;6.637;70.8;12.6
2012;20.09.2012;20:40:39;1024.8;6.538;72.1;12.1
2012;20.09.2012;21:20:39;1025;6.553;71.8;12.2
2012;20.09.2012;21:40:41;1025.1;6.506;71.3;12.2
2012;20.09.2012;22:00:41;1025.2;6.611;73.4;12
2012;20.09.2012;22:40:39;1025.2;6.5;75.6;11.3
2012;20.09.2012;23:00:39;1025.1;6.535;75;11.5
2012;20.09.2012;23:20:40;1025.1;6.388;74.3;11.3
2012;20.09.2012;23:40:41;1025;6.352;73.4;11.4
2012;21.09.2012;00:00:41;1025;6.334;77.7;10.5
2012;21.09.2012;00:20:43;1024.9;6.31;77.4;10.5
2012;21.09.2012;00:40:40;1024.8;6.313;76.4;10.7
2012;21.09.2012;01:00:41;1024.7;6.293;79.8;10
2012;21.09.2012;01:20:39;1024.5;6.222;78.9;10
2012;21.09.2012;01:40:40;1024.5;6.249;80.3;9.8
2012;21.09.2012;02:00:41;1024.4;6.161;83;9.1
2012;21.09.2012;02:20:41;1024.3;6.236;82.3;9.4
2012;21.09.2012;02:40:39;1024.2;6.298;80.9;9.8
2012;21.09.2012;03:00:39;1024.1;6.295;82.5;9.5
2012;21.09.2012;03:20:39;1024;6.271;83.3;9.3
2012;21.09.2012;03:40:43;1023.9;6.052;84.3;8.6
2012;21.09.2012;04:00:41;1023.8;6.002;85.9;8.2
2012;21.09.2012;04:20:40;1023.6;6.107;83.9;8.8
2012;21.09.2012;04:40:42;1023.5;6.112;85.1;8.6
2012;21.09.2012;05:00:39;1023.4;6.113;83.4;8.9
2012;21.09.2012;05:20:40;1023.3;6.053;83.7;8.7
2012;21.09.2012;05:40:39;1023.3;6.367;84.5;9.3
2012;21.09.2012;06:00:39;1023.3;6.416;84;9.5
2012;21.09.2012;06:20:39;1023.2;6.666;85.5;9.8
2012;21.09.2012;06:40:39;1023.2;6.727;85.7;9.9
2012;21.09.2012;07:00:39;1023.2;6.847;84.9;10.3
2012;21.09.2012;07:20:42;1023.2;6.751;86;9.9
2012;21.09.2012;07:40:39;1023.2;6.853;86.7;10
2012;21.09.2012;08:00:39;1023.2;6.959;85.7;10.4
2012;21.09.2012;08:20:39;1023.2;6.887;85.4;10.3
2012;21.09.2012;08:40:41;1023.2;6.975;84.2;10.7
2012;21.09.2012;09:00:40;1023.2;7.065;84.7;10.8
2012;21.09.2012;09:20:40;1023.2;7.036;83.8;10.9
2012;21.09.2012;09:40:40;1023.1;6.99;82.7;11
2012;21.09.2012;10:00:40;1023;6.894;80.5;11.2
2012;21.09.2012;10:20:40;1023;6.834;79.8;11.2
2012;21.09.2012;10:40:40;1022.9;6.851;77.9;11.6
2012;21.09.2012;11:00:40;1022.8;6.632;72.5;12.2
2012;21.09.2012;11:20:39;1022.7;6.541;71.5;12.2
2012;21.09.2012;11:40:39;1022.5;6.688;69.8;12.9
2012;21.09.2012;12:00:40;1022.3;6.699;68.1;13.3
2012;21.09.2012;12:20:39;1022.1;6.519;61.7;14.4
2012;21.09.2012;12:40:39;1021.9;5.95;52.5;15.5
2012;21.09.2012;13:20:41;1021.7;6.222;52.8;16.1
2012;21.09.2012;13:40:40;1021.6;6.183;50.5;16.7
2012;21.09.2012;14:00:40;1021.5;5.951;47.1;17.2
2012;21.09.2012;14:40:39;1021.2;5.834;45.3;17.5
2012;21.09.2012;15:00:39;1021.1;6.145;46.5;17.9
2012;21.09.2012;15:20:40;1021;6.466;46.8;18.6
2012;21.09.2012;16:00:40;1020.8;7.567;55.7;18.3
2012;21.09.2012;16:20:39;1020.7;7.263;54.5;18
2012;21.09.2012;17:00:39;1020.7;7.338;55.4;17.9
2012;21.09.2012;17:20:44;1020.7;7.655;58.5;17.7
2012;21.09.2012;17:40:41;1020.7;7.369;56.7;17.6
2012;21.09.2012;18:00:40;1020.8;7.564;59.3;17.3
2012;21.09.2012;18:20:39;1020.9;7.154;57.2;17
2012;21.09.2012;18:40:39;1020.9;7.256;59.5;16.6
2012;21.09.2012;19:00:41;1020.9;7.175;59.6;16.4
2012;21.09.2012;19:20:38;1021;6.918;58.6;16.1
2012;21.09.2012;19:40:40;1021;7.229;61.6;16
2012;21.09.2012;20:00:39;1021.1;7.206;62.6;15.7
2012;21.09.2012;20:20:39;1021.2;6.884;61;15.4
2012;21.09.2012;20:40:39;1021.2;6.761;60.7;15.2
2012;21.09.2012;21:00:40;1021.3;6.73;61.6;14.9
2012;21.09.2012;21:20:39;1021.4;6.631;61.9;14.6
2012;21.09.2012;21:40:39;1021.5;6.703;63.8;14.3
2012;21.09.2012;22:00:38;1021.5;6.805;66.9;13.8
2012;21.09.2012;22:20:42;1021.5;6.572;65.9;13.5
2012;21.09.2012;22:40:39;1021.6;6.749;68.1;13.4
2012;21.09.2012;23:00:40;1021.6;6.807;70.5;13
2012;21.09.2012;23:40:39;1021.5;6.601;71.6;12.3
2012;22.09.2012;00:00:39;1021.6;6.628;74.3;11.8
2012;22.09.2012;00:20:40;1021.6;6.605;78.6;10.9
2012;22.09.2012;00:40:40;1021.7;6.487;76.2;11.1
2012;22.09.2012;01:00:40;1021.6;6.453;75.8;11.1
2012;22.09.2012;01:20:40;1021.6;6.368;75.8;10.9
2012;22.09.2012;01:40:41;1021.5;6.342;75.5;10.9
2012;22.09.2012;02:00:39;1021.5;6.315;76.7;10.6
2012;22.09.2012;02:20:41;1021.5;6.269;78.2;10.2
2012;22.09.2012;02:40:39;1021.5;6.283;78.9;10.1
2012;22.09.2012;03:00:40;1021.4;6.351;79.2;10.2
2012;22.09.2012;03:20:40;1021.3;6.47;77.5;10.8
2012;22.09.2012;03:40:39;1021.3;6.213;79.6;9.8
2012;22.09.2012;04:00:39;1021.2;6.189;80.9;9.5
2012;22.09.2012;04:20:39;1021.2;6.181;80.8;9.5
2012;22.09.2012;04:40:41;1021.2;6.155;81;9.4
2012;22.09.2012;05:00:39;1021.2;6.193;81.5;9.4
2012;22.09.2012;05:20:39;1021.2;6.124;81.7;9.2
2012;22.09.2012;05:40:39;1021.3;6.094;81.3;9.2
2012;22.09.2012;06:00:40;1021.4;6.173;81.8;9.3
2012;22.09.2012;06:20:38;1021.5;6.005;82.9;8.7
2012;22.09.2012;06:40:39;1021.5;6.049;83.5;8.7
2012;22.09.2012;07:00:41;1021.6;6.183;81.4;9.4
2012;22.09.2012;07:20:39;1021.7;6.103;80.9;9.3
2012;22.09.2012;07:40:40;1021.7;6.129;81.8;9.2
2012;22.09.2012;08:00:39;1021.7;6.181;80.3;9.6
2012;22.09.2012;08:20:39;1021.8;6.246;80.6;9.7
2012;22.09.2012;08:40:40;1021.9;6.235;81;9.6
2012;22.09.2012;09:00:40;1021.9;6.258;81.3;9.6
2012;22.09.2012;09:20:40;1022;6.28;80.5;9.8
2012;22.09.2012;09:40:39;1022.1;6.217;77.6;10.2
2012;22.09.2012;10:00:39;1022.2;6.299;78.1;10.3
2012;22.09.2012;10:20:39;1022.2;6.312;76.2;10.7
2012;22.09.2012;10:40:39;1022.3;6.287;75.4;10.8
2012;22.09.2012;11:20:39;1022.3;6.358;72.3;11.6
2012;22.09.2012;11:40:39;1022.3;6.45;71.9;11.9
2012;22.09.2012;12:00:40;1022.3;6.373;69.2;12.3
2012;22.09.2012;12:20:39;1022.3;6.449;68.2;12.7
2012;22.09.2012;12:40:39;1022.2;6.585;64.8;13.8
2012;22.09.2012;13:00:39;1022.1;6.328;62.7;13.7
2012;22.09.2012;13:20:39;1022;6.299;62;13.8
2012;22.09.2012;13:40:40;1021.9;6.499;62.3;14.2
2012;22.09.2012;14:00:39;1021.8;6.573;63;14.2
2012;22.09.2012;14:40:40;1021.6;6.483;57.5;15.4
2012;22.09.2012;15:00:40;1021.5;6.571;56.8;15.8
2012;22.09.2012;15:20:39;1021.4;6.51;55.2;16.1
2012;22.09.2012;15:40:39;1021.3;6.346;51.8;16.7
2012;22.09.2012;16:00:39;1021.2;6.562;50.9;17.5
2012;22.09.2012;16:20:40;1021.2;6.964;53.3;17.7
2012;22.09.2012;16:40:39;1021.1;6.866;53.9;17.3
2012;22.09.2012;17:00:39;1021;7.215;54.5;17.9
2012;22.09.2012;17:20:39;1021;7.071;54.1;17.7
2012;22.09.2012;17:40:39;1020.9;6.93;52.7;17.8
2012;22.09.2012;18:20:39;1020.8;7.317;55.6;17.8
2012;22.09.2012;19:00:39;1020.8;7.204;55.8;17.5
2012;22.09.2012;19:20:40;1020.9;7.455;59.2;17.1
2012;22.09.2012;19:40:39;1020.9;7.971;67.4;16.1
2012;22.09.2012;21:20:39;1021.5;7.676;73.9;14.1
2012;22.09.2012;21:40:39;1021.5;7.736;72.1;14.6
2012;22.09.2012;22:00:39;1021.6;7.671;71.5;14.6
2012;22.09.2012;22:20:39;1021.6;7.61;72.8;14.2
2012;22.09.2012;22:40:39;1021.5;7.669;74.8;13.9
2012;22.09.2012;23:00:39;1021.5;7.569;74.8;13.7
2012;22.09.2012;23:20:39;1021.5;7.597;74.1;13.9
2012;22.09.2012;23:40:41;1021.4;7.591;80.6;12.6
2012;23.09.2012;00:00:40;1021.4;7.619;82.5;12.3
2012;23.09.2012;00:20:39;1021.3;7.501;80.7;12.4
2012;23.09.2012;00:40:39;1021.3;7.374;82;11.9
2012;23.09.2012;01:00:39;1021.3;7.33;82.6;11.7
2012;23.09.2012;01:20:41;1021.4;7.291;81.1;11.9
2012;23.09.2012;01:40:40;1021.5;7.276;80.4;12
2012;23.09.2012;02:00:42;1021.5;7.28;82.6;11.6
2012;23.09.2012;02:20:40;1021.5;7.545;83.9;11.9
2012;23.09.2012;02:40:39;1021.4;7.936;87.6;12
2012;23.09.2012;03:00:39;1021.3;7.807;88.5;11.6
2012;23.09.2012;03:20:39;1021.2;7.365;87.5;10.9
2012;23.09.2012;03:40:39;1021.2;7.329;81.5;11.9
2012;23.09.2012;04:00:40;1021.1;7.17;80.8;11.7
2012;23.09.2012;04:20:40;1021;7.082;82.5;11.2
2012;23.09.2012;04:40:39;1021;7.155;80.1;11.8
2012;23.09.2012;05:00:39;1020.9;7.037;79.3;11.7
2012;23.09.2012;05:20:39;1020.8;7.392;83.8;11.6
2012;23.09.2012;05:40:39;1020.7;7.324;84.7;11.3
2012;23.09.2012;06:00:41;1020.7;7.441;86.6;11.2
2012;23.09.2012;06:20:40;1020.6;7.447;89.6;10.7
2012;23.09.2012;06:40:39;1020.7;7.518;92.9;10.3
2012;23.09.2012;07:00:39;1020.7;7.536;92.5;10.4
2012;23.09.2012;07:20:39;1020.7;7.465;93.5;10.1
2012;23.09.2012;07:40:39;1020.8;7.656;94.6;10.3
2012;23.09.2012;08:00:40;1021;7.776;94.8;10.5
2012;23.09.2012;08:20:42;1021;7.873;94.7;10.7
2012;23.09.2012;08:40:39;1021;8.09;94.1;11.2
2012;23.09.2012;09:00:44;1021.1;8.111;93.1;11.4
2012;23.09.2012;09:20:39;1021.2;8.302;93.4;11.7
2012;23.09.2012;09:40:39;1021.3;8.34;92.6;11.9
2012;23.09.2012;10:00:40;1021.4;8.34;91.4;12.1
2012;23.09.2012;10:20:39;1021.5;8.302;90.4;12.2
2012;23.09.2012;10:40:39;1021.5;8.128;89.7;12
2012;23.09.2012;11:40:39;1021.3;8.365;86.4;13
2012;23.09.2012;12:20:40;1021.1;8.459;82.9;13.8
2012;23.09.2012;12:40:40;1020.9;8.421;83.6;13.6
2012;23.09.2012;13:20:39;1020.7;8.677;82.8;14.2
2012;23.09.2012;14:20:39;1020.2;8.168;71.7;15.5
2012;23.09.2012;14:40:40;1019.9;8.495;71.7;16.1
2012;23.09.2012;15:00:39;1019.7;8.712;72.1;16.4
2012;23.09.2012;15:20:39;1019.5;8.493;68.1;16.9
2012;23.09.2012;15:40:41;1019.3;8.402;66.1;17.2
2012;23.09.2012;16:00:39;1019.2;8.21;62.2;17.8
2012;23.09.2012;16:20:39;1019;7.984;57.9;18.5
2012;23.09.2012;16:40:39;1018.9;7.946;56.9;18.7
2012;23.09.2012;17:00:39;1018.8;8.308;60.2;18.5
2012;23.09.2012;17:20:41;1018.6;8.151;58.7;18.6
2012;23.09.2012;17:40:41;1018.5;8.114;58.8;18.5
2012;23.09.2012;18:00:39;1018.5;8.676;63.6;18.3
2012;23.09.2012;18:20:39;1018.5;8.73;64.8;18.1
2012;23.09.2012;19:00:41;1018.6;7.765;58.1;18
2012;23.09.2012;19:20:39;1018.7;7.207;53.3;18.2
2012;23.09.2012;19:40:39;1018.8;8.241;63.6;17.5
2012;23.09.2012;20:00:39;1018.9;8.844;72.2;16.6
2012;23.09.2012;20:20:39;1019;8.951;72.6;16.7
2012;23.09.2012;20:40:39;1019.2;8.879;73.9;16.3
2012;23.09.2012;21:00:39;1019.3;8.948;74;16.4
2012;23.09.2012;21:20:39;1019.4;9.171;76.8;16.2
2012;23.09.2012;21:40:39;1019.5;9.007;77.9;15.7
2012;23.09.2012;22:00:39;1019.6;8.936;77.3;15.7
2012;23.09.2012;22:20:39;1019.7;8.935;77.8;15.6
2012;23.09.2012;22:40:38;1019.8;8.819;78.3;15.3
2012;23.09.2012;23:00:39;1019.8;8.635;79.2;14.8
2012;23.09.2012;23:20:39;1019.9;8.677;75.6;15.6
2012;23.09.2012;23:40:39;1020;8.661;81;14.5
2012;24.09.2012;00:00:39;1020.1;8.586;79.8;14.6
2012;24.09.2012;00:20:39;1020.2;8.579;82.9;14
2012;24.09.2012;00:40:39;1020.3;8.371;83.6;13.5
2012;24.09.2012;01:00:39;1020.3;8.025;84.5;12.7
2012;24.09.2012;01:20:39;1020.4;8.206;83.6;13.2
2012;24.09.2012;02:00:40;1020.5;8.065;82.2;13.2
2012;24.09.2012;02:20:39;1020.6;8.361;86.3;13
2012;24.09.2012;02:40:39;1020.6;7.968;82.3;13
2012;24.09.2012;03:00:39;1020.7;7.908;80.1;13.3
2012;24.09.2012;03:20:39;1020.7;7.793;80;13.1
2012;24.09.2012;03:40:39;1020.8;7.745;83.8;12.3
2012;24.09.2012;04:00:39;1020.9;7.678;82;12.5
2012;24.09.2012;04:20:39;1020.9;7.74;84.3;12.2
2012;24.09.2012;04:40:39;1020.9;7.763;82.9;12.5
2012;24.09.2012;05:00:40;1020.9;7.871;84.6;12.4
2012;24.09.2012;05:20:39;1021;7.844;86;12.1
2012;24.09.2012;05:40:39;1021;7.865;86.8;12
2012;24.09.2012;06:00:39;1021.1;7.634;85.4;11.8
2012;24.09.2012;06:20:39;1021.1;7.622;84.7;11.9
2012;24.09.2012;06:40:39;1021.1;7.37;86.4;11.1
2012;24.09.2012;07:00:39;1021;7.632;83.7;12.1
2012;24.09.2012;07:20:39;1021.1;7.989;85.3;12.5
2012;24.09.2012;07:40:39;1021.1;8.214;87.1;12.6
2012;24.09.2012;08:00:39;1021.2;7.885;87.6;11.9
2012;24.09.2012;08:20:39;1021.2;8.204;91.1;11.9
2012;24.09.2012;08:40:39;1021.3;8.368;92.3;12
2012;24.09.2012;09:00:40;1021.4;8.594;92.3;12.4
2012;24.09.2012;09:20:39;1021.5;8.815;92.8;12.7
2012;24.09.2012;09:40:39;1021.6;8.774;93;12.6
2012;24.09.2012;10:00:39;1021.7;8.929;93.4;12.8
2012;24.09.2012;10:20:39;1021.8;9.099;93.3;13.1
2012;24.09.2012;10:40:40;1021.8;9.109;91.6;13.4
2012;24.09.2012;11:00:39;1021.8;9.097;90.3;13.6
2012;24.09.2012;11:20:39;1021.8;8.926;89.2;13.5
2012;24.09.2012;11:40:39;1021.8;8.835;88.3;13.5
2012;24.09.2012;12:00:40;1021.6;9.167;85.8;14.5
2012;24.09.2012;12:20:39;1021.5;9.205;86.7;14.4
2012;24.09.2012;13:20:39;1021.1;9.315;84.9;14.9
2012;24.09.2012;13:40:41;1020.9;9.489;84.8;15.2
2012;24.09.2012;14:00:39;1020.7;9.633;82.8;15.8
2012;24.09.2012;14:20:39;1020.5;9.763;79.2;16.7
2012;24.09.2012;14:40:39;1020.3;9.029;69.7;17.5
2012;24.09.2012;15:00:39;1020.1;9.152;68;18.1
2012;24.09.2012;15:20:39;1019.9;9.233;67.3;18.4
2012;24.09.2012;15:40:39;1019.7;8.328;57.1;19.4
2012;24.09.2012;16:00:39;1019.6;8.754;59.6;19.5
2012;24.09.2012;16:20:39;1019.5;8.149;54.5;19.8
2012;24.09.2012;16:40:39;1019.3;8.018;53.3;19.9
2012;24.09.2012;17:20:39;1019.2;7.273;47.8;20.1
2012;24.09.2012;17:40:39;1019.1;7.859;51.6;20.1
2012;24.09.2012;18:00:39;1019;7.149;46.7;20.2
2012;24.09.2012;18:20:39;1018.9;7.568;49.7;20.1
2012;24.09.2012;18:40:39;1018.8;7.337;47.9;20.2
2012;24.09.2012;19:00:39;1018.7;7.833;52.7;19.7
2012;24.09.2012;19:20:39;1018.6;8.021;56;19.1
2012;24.09.2012;19:40:39;1018.5;8.187;61.6;17.9
2012;24.09.2012;20:00:39;1018.5;7.956;61.8;17.4
2012;24.09.2012;20:20:39;1018.5;7.818;62.3;17
2012;24.09.2012;20:40:39;1018.6;7.655;64.2;16.2
2012;24.09.2012;21:00:39;1018.6;7.718;66.4;15.8
2012;24.09.2012;21:20:39;1018.6;7.437;62.4;16.2
2012;24.09.2012;22:00:39;1018.7;7.522;66;15.5
2012;24.09.2012;22:20:39;1018.7;7.573;67.3;15.3
2012;24.09.2012;22:40:39;1018.7;7.453;70.2;14.4
2012;24.09.2012;23:00:39;1018.7;7.534;68.7;14.9
2012;24.09.2012;23:20:41;1018.6;7.556;73.5;13.9
2012;24.09.2012;23:40:39;1018.6;7.478;73.7;13.7
2012;25.09.2012;00:00:39;1018.5;7.437;70.5;14.3
2012;25.09.2012;00:20:39;1018.5;7.37;71.7;13.9
2012;25.09.2012;00:40:39;1018.4;7.328;77.1;12.7
2012;25.09.2012;01:00:39;1018.3;7.427;77.1;12.9
2012;25.09.2012;01:20:39;1018.2;7.279;74.6;13.1
2012;25.09.2012;01:40:39;1018.1;7.375;74.1;13.4
2012;25.09.2012;02:00:39;1018.1;7.295;73.3;13.4
2012;25.09.2012;02:20:39;1018.1;7.478;76.6;13.1
2012;25.09.2012;02:40:39;1018;7.282;75.1;13
2012;25.09.2012;03:00:39;1018;7.39;77.2;12.8
2012;25.09.2012;03:20:39;1017.9;7.41;77.4;12.8
2012;25.09.2012;03:40:39;1017.8;7.682;81.8;12.5
2012;25.09.2012;04:00:39;1017.7;7.721;82.2;12.5
2012;25.09.2012;04:20:39;1017.6;7.444;79.8;12.4
2012;25.09.2012;04:40:39;1017.6;7.349;80.9;12
2012;25.09.2012;05:00:39;1017.6;7.662;83.2;12.2
2012;25.09.2012;05:20:39;1017.6;7.402;83.1;11.7
2012;25.09.2012;05:40:38;1017.6;7.602;83.1;12.1
2012;25.09.2012;06:00:38;1017.6;7.779;83.9;12.3
2012;25.09.2012;06:20:39;1017.6;7.748;85.8;11.9
2012;25.09.2012;06:40:40;1017.6;7.368;85.5;11.2
2012;25.09.2012;07:00:39;1017.5;7.591;86.9;11.4
2012;25.09.2012;07:20:39;1017.6;7.633;85.1;11.8
2012;25.09.2012;07:40:39;1017.7;7.632;85.1;11.8
2012;25.09.2012;08:00:39;1017.9;7.691;86.9;11.6
2012;25.09.2012;08:20:39;1018;7.576;86.2;11.5
2012;25.09.2012;08:40:39;1018.1;7.731;86.8;11.7
2012;25.09.2012;09:20:39;1018.3;8.215;86.3;12.7
2012;25.09.2012;09:40:39;1018.3;8.558;86.4;13.3
2012;25.09.2012;10:00:39;1018.3;8.615;86.4;13.4
2012;25.09.2012;10:20:39;1018.3;8.783;85.8;13.8
2012;25.09.2012;11:00:39;1018.3;8.884;84;14.3
2012;25.09.2012;11:40:39;1018.2;8.766;81.3;14.6
2012;25.09.2012;12:00:38;1018.1;8.81;79.1;15.1
2012;25.09.2012;12:40:39;1017.9;8.973;79.5;15.3
2012;25.09.2012;13:20:39;1017.8;8.971;73.6;16.5
2012;25.09.2012;13:40:39;1017.7;8.876;71;16.9
2012;25.09.2012;14:00:39;1017.5;8.541;65.8;17.5
2012;25.09.2012;14:20:39;1017.3;8.521;64;17.9
2012;25.09.2012;14:40:39;1017.1;8.895;65.1;18.3
2012;25.09.2012;15:00:39;1017;8.911;64.8;18.4
2012;25.09.2012;15:20:39;1016.8;8.798;62.4;18.8
2012;25.09.2012;15:40:39;1016.7;8.483;58.7;19.2
2012;25.09.2012;16:00:39;1016.6;8.488;58;19.4
2012;25.09.2012;16:20:39;1016.5;8.626;58.2;19.6
2012;25.09.2012;16:40:39;1016.4;8.606;57.7;19.7
2012;25.09.2012;17:00:39;1016.3;9.112;61.8;19.5
2012;25.09.2012;17:20:39;1016.2;8.523;57.5;19.6
2012;25.09.2012;17:40:39;1016.2;8.728;59.6;19.4
2012;25.09.2012;18:20:39;1016.2;8.817;60.2;19.4
2012;25.09.2012;18:40:39;1016.2;8.688;59.7;19.3
2012;25.09.2012;19:20:39;1016.5;8.887;63;18.8
2012;25.09.2012;19:40:39;1016.6;9.295;67.1;18.5
2012;25.09.2012;20:00:39;1016.8;9.412;71;17.8
2012;25.09.2012;20:20:39;1017;9.087;68.6;17.8
2012;25.09.2012;20:40:39;1017.1;8.937;70.1;17.2
2012;25.09.2012;21:00:39;1017.3;9.11;71.9;17.1
2012;25.09.2012;21:20:39;1017.4;9.157;74.6;16.6
2012;25.09.2012;22:00:39;1017.8;9.646;81.1;16.1
2012;25.09.2012;22:20:39;1018;9.222;78.6;15.9
2012;25.09.2012;22:40:39;1018.1;9.1;76.6;16.1
2012;25.09.2012;23:00:39;1018.3;9.158;77.1;16.1
2012;25.09.2012;23:20:39;1018.4;9.111;77.7;15.9
2012;25.09.2012;23:40:39;1018.5;8.955;76.4;15.9
2012;26.09.2012;00:00:39;1018.7;9.154;83.8;14.8
2012;26.09.2012;00:20:39;1018.9;9.067;82.5;14.9
2012;26.09.2012;00:40:39;1019;8.931;84.5;14.3
2012;26.09.2012;01:00:38;1019.1;8.861;85.5;14
2012;26.09.2012;01:20:39;1019.2;8.991;82.9;14.7
2012;26.09.2012;01:40:39;1019.2;8.863;82.8;14.5
2012;26.09.2012;02:00:39;1019.4;8.769;84.1;14.1
2012;26.09.2012;02:20:40;1019.4;8.878;83.5;14.4
2012;26.09.2012;02:40:39;1019.5;8.705;84.6;13.9
2012;26.09.2012;03:00:39;1019.6;8.493;84.2;13.6
2012;26.09.2012;03:20:39;1019.7;8.587;82.4;14.1
2012;26.09.2012;03:40:39;1019.8;8.307;80.8;13.9
2012;26.09.2012;04:00:39;1019.8;8.497;84.8;13.5
2012;26.09.2012;04:20:39;1019.9;8.41;84.5;13.4
2012;26.09.2012;04:40:39;1020;8.356;86.2;13
2012;26.09.2012;05:00:39;1020.1;8.28;87.7;12.6
2012;26.09.2012;05:20:39;1020.2;8.205;87.5;12.5
2012;26.09.2012;05:40:39;1020.4;8.225;84.9;13
2012;26.09.2012;06:00:39;1020.6;8.091;83;13.1
2012;26.09.2012;06:20:39;1020.8;8.041;84.7;12.7
2012;26.09.2012;06:40:39;1021;8.005;84.9;12.6
2012;26.09.2012;07:00:39;1021.3;7.826;83.6;12.5
2012;26.09.2012;07:20:39;1021.4;7.858;87.9;11.8
2012;26.09.2012;07:40:39;1021.6;8.034;84.7;12.7
2012;26.09.2012;08:00:39;1021.9;8.169;85;12.9
2012;26.09.2012;08:20:40;1022.1;8.167;83.9;13.1
2012;26.09.2012;08:40:39;1022.4;8.209;83.8;13.2
2012;26.09.2012;09:00:40;1022.7;8.342;81.9;13.8
2012;26.09.2012;09:20:39;1023.1;8.397;81.4;14
2012;26.09.2012;09:40:39;1023.4;8.625;79.9;14.7
2012;26.09.2012;10:00:41;1023.7;8.756;80.6;14.8
2012;26.09.2012;10:20:40;1023.8;9.101;83.2;14.9
2012;26.09.2012;10:40:41;1023.9;9.318;83;15.3
2012;26.09.2012;11:00:41;1024;9.516;82.6;15.7
2012;26.09.2012;11:20:41;1024;9.493;78.3;16.5
2012;26.09.2012;11:40:39;1024;9.866;73.5;18.1
2012;26.09.2012;12:00:39;1023.9;9.758;75.5;17.5
2012;26.09.2012;12:20:39;1023.8;10.112;77.7;17.6
2012;26.09.2012;13:00:40;1023.7;9.867;76.8;17.4
2012;26.09.2012;13:20:41;1023.7;9.658;75.2;17.4
2012;26.09.2012;13:40:39;1023.7;9.506;73.1;17.6
2012;26.09.2012;14:00:39;1023.7;9.697;75.5;17.4
2012;26.09.2012;14:20:39;1023.8;9.864;74.4;17.9
2012;26.09.2012;14:40:40;1023.7;9.689;73.1;17.9
2012;26.09.2012;15:00:39;1023.7;9.761;71.8;18.3
2012;26.09.2012;15:20:39;1023.6;9.673;69.4;18.7
2012;26.09.2012;15:40:39;1023.6;9.9;71;18.7
2012;26.09.2012;16:20:39;1023.6;9.447;67.8;18.7
2012;26.09.2012;16:40:40;1023.6;9.729;68.5;19
2012;26.09.2012;17:00:40;1023.6;9.556;67.3;19
2012;26.09.2012;17:20:40;1023.5;9.803;71.2;18.5
2012;26.09.2012;17:40:39;1023.5;10.005;70.4;19
2012;26.09.2012;18:00:40;1023.6;9.826;69.6;18.9
2012;26.09.2012;18:20:39;1023.6;9.922;71.6;18.6
2012;26.09.2012;18:40:39;1023.6;9.922;72.5;18.4
2012;26.09.2012;19:00:39;1023.6;10.162;74.7;18.3
2012;26.09.2012;19:20:39;1023.7;10.361;77.1;18.1
2012;26.09.2012;20:00:39;1023.8;9.856;72.5;18.3
2012;26.09.2012;20:40:39;1024.1;9.502;76.9;16.8
2012;26.09.2012;21:00:39;1024.3;9.664;78.2;16.8
2012;26.09.2012;21:20:39;1024.4;9.427;77.3;16.6
2012;26.09.2012;21:40:39;1024.5;9.35;76.2;16.7
2012;26.09.2012;22:20:40;1024.7;9.384;76;16.8
2012;26.09.2012;22:40:40;1024.7;9.14;75;16.6
2012;26.09.2012;23:00:39;1024.6;9.233;77.7;16.2
2012;26.09.2012;23:20:39;1024.6;9.257;78.9;16
2012;26.09.2012;23:40:39;1024.6;9.02;74.5;16.5
2012;27.09.2012;00:00:39;1024.6;9.33;83.7;15.2
2012;27.09.2012;00:20:41;1024.6;9.302;80.3;15.8
2012;27.09.2012;00:40:40;1024.5;9.136;79.9;15.6
2012;27.09.2012;01:00:39;1024.5;9.219;80.1;15.7
2012;27.09.2012;01:20:40;1024.5;9.136;79.9;15.6
2012;27.09.2012;01:40:39;1024.6;9.079;82;15.1
2012;27.09.2012;02:00:39;1024.6;9.191;83;15.1
2012;27.09.2012;02:20:41;1024.6;9.131;83;15
2012;27.09.2012;02:40:40;1024.5;9.236;81.8;15.4
2012;27.09.2012;03:00:39;1024.4;9.5;84.1;15.4
2012;27.09.2012;03:20:40;1024.3;9.402;85.4;15
2012;27.09.2012;03:40:39;1024.4;9.234;82.3;15.3
2012;27.09.2012;04:00:39;1024.4;9.211;82.1;15.3
2012;27.09.2012;04:20:40;1024.4;9.111;80.7;15.4
2012;27.09.2012;04:40:39;1024.3;9.126;82.4;15.1
2012;27.09.2012;05:00:40;1024.1;9.135;83;15
2012;27.09.2012;05:20:39;1024;9.05;81.7;15.1
2012;27.09.2012;05:40:39;1023.9;8.912;81.5;14.9
2012;27.09.2012;06:00:39;1023.9;8.971;83.1;14.7
2012;27.09.2012;06:20:40;1023.8;8.93;80.1;15.2
2012;27.09.2012;06:40:39;1023.8;8.859;82.6;14.6
2012;27.09.2012;07:00:39;1023.8;8.873;82.2;14.7
2012;27.09.2012;07:20:39;1023.8;8.91;84.7;14.3
2012;27.09.2012;07:40:39;1024;8.835;82.4;14.6
2012;27.09.2012;08:00:39;1024.1;8.89;80.8;15
2012;27.09.2012;08:20:39;1024.2;8.793;81.5;14.7
2012;27.09.2012;08:40:39;1024.3;8.955;81.4;15
2012;27.09.2012;09:00:39;1024.4;8.921;81.1;15
2012;27.09.2012;09:20:39;1024.5;9.103;84.9;14.6
2012;27.09.2012;09:40:40;1024.6;9.027;80.5;15.3
2012;27.09.2012;10:00:39;1024.7;9.39;82.1;15.6
2012;27.09.2012;10:20:39;1024.6;9.722;85.5;15.5
2012;27.09.2012;10:40:39;1024.6;9.791;86.1;15.5
2012;27.09.2012;11:00:39;1024.6;9.838;85.4;15.7
2012;27.09.2012;11:20:40;1024.6;9.983;87.2;15.6
2012;27.09.2012;11:40:39;1024.6;10.162;87.6;15.8
2012;27.09.2012;12:00:39;1024.6;10.232;88.2;15.8
2012;27.09.2012;12:20:39;1024.6;10.24;87.7;15.9
2012;27.09.2012;12:40:39;1024.6;10.284;86.4;16.2
2012;27.09.2012;13:00:39;1024.6;10.277;86.9;16.1
2012;27.09.2012;13:40:39;1024.6;10.175;85.5;16.2
2012;27.09.2012;14:20:40;1024.5;10.348;84.2;16.7
2012;27.09.2012;14:40:39;1024.4;10.287;83.7;16.7
2012;27.09.2012;15:20:39;1024.2;10.296;82.7;16.9
2012;27.09.2012;15:40:39;1024;10.131;81.9;16.8
2012;27.09.2012;16:00:40;1023.8;10.114;79.7;17.2
2012;27.09.2012;16:20:39;1023.7;9.718;77.6;17
2012;27.09.2012;16:40:39;1023.6;9.897;79.5;16.9
2012;27.09.2012;17:00:39;1023.4;10.066;79.8;17.1
2012;27.09.2012;17:20:39;1023.3;10.182;80.7;17.1
2012;27.09.2012;17:40:41;1023.2;10.337;81.9;17.1
2012;27.09.2012;18:20:39;1023;10.254;82.8;16.8
2012;27.09.2012;18:40:40;1022.9;10.157;81.5;16.9
2012;27.09.2012;19:00:40;1022.9;10.092;81.5;16.8
2012;27.09.2012;19:20:39;1022.9;10.202;82.9;16.7
2012;27.09.2012;19:40:39;1022.9;10.182;83.8;16.5
2012;27.09.2012;20:00:39;1022.9;10.102;85.3;16.1
2012;27.09.2012;20:20:39;1022.9;10.101;87.5;15.7
2012;27.09.2012;20:40:40;1023;10.057;87.7;15.6
2012;27.09.2012;21:00:41;1023.1;9.78;83.7;15.9
2012;27.09.2012;21:20:39;1023.1;9.744;83.4;15.9
2012;27.09.2012;22:00:40;1023.2;9.181;80.7;15.5
2012;27.09.2012;22:40:39;1023.3;8.96;76.8;15.9
2012;27.09.2012;23:00:38;1023.3;8.857;78.4;15.4
2012;27.09.2012;23:20:39;1023.4;9.015;80.3;15.3
2012;27.09.2012;23:40:40;1023.4;8.651;78.1;15.1
2012;28.09.2012;00:00:39;1023.5;8.666;85.1;13.8
2012;28.09.2012;00:20:41;1023.6;8.954;86.2;14.1
2012;28.09.2012;00:40:39;1023.6;9.078;84.6;14.6
2012;28.09.2012;01:00:42;1023.6;9.046;84.3;14.6
2012;28.09.2012;01:20:39;1023.6;9.094;84.2;14.7
2012;28.09.2012;01:40:41;1023.7;8.852;83.6;14.4
2012;28.09.2012;02:00:39;1023.7;8.805;83.7;14.3
2012;28.09.2012;02:20:40;1023.7;8.785;84.6;14.1
2012;28.09.2012;03:00:40;1023.7;8.666;80.3;14.7
2012;28.09.2012;03:20:41;1023.6;8.66;81.8;14.4
2012;28.09.2012;03:40:39;1023.5;8.649;83.3;14.1
2012;28.09.2012;04:00:39;1023.5;8.567;83.6;13.9
2012;28.09.2012;04:20:39;1023.4;8.6;85;13.7
2012;28.09.2012;04:40:39;1023.3;8.657;85;13.8
2012;28.09.2012;05:00:39;1023.2;9.001;85.5;14.3
2012;28.09.2012;05:20:40;1023.2;8.825;85.5;14
2012;28.09.2012;05:40:40;1023.3;8.835;85.6;14
2012;28.09.2012;06:00:39;1023.3;8.891;86.7;13.9
2012;28.09.2012;06:20:39;1023.3;9.111;87.1;14.2
2012;28.09.2012;06:40:39;1023.3;8.881;86.6;13.9
2012;28.09.2012;07:00:39;1023.4;8.904;87.4;13.8
2012;28.09.2012;07:20:39;1023.5;8.587;87.7;13.2
2012;28.09.2012;07:40:40;1023.6;8.837;86.2;13.9
2012;28.09.2012;08:00:39;1023.7;8.746;83.7;14.2
2012;28.09.2012;08:20:40;1023.9;8.811;82.7;14.5
2012;28.09.2012;08:40:39;1024;8.671;84.1;14
2012;28.09.2012;09:00:40;1024.2;9.138;85.2;14.6
2012;28.09.2012;09:20:39;1024.4;9.334;84.8;15
2012;28.09.2012;09:40:39;1024.6;9.365;86.2;14.8
2012;28.09.2012;10:00:40;1024.7;9.442;84.7;15.2
2012;28.09.2012;10:20:39;1024.9;9.493;83;15.6
2012;28.09.2012;10:40:41;1024.9;9.679;83;15.9
2012;28.09.2012;11:00:40;1024.9;10.094;82.2;16.7
2012;28.09.2012;11:20:39;1024.9;9.707;72.4;18.1
2012;28.09.2012;11:40:39;1024.9;10.18;80.3;17.2
2012;28.09.2012;12:00:39;1024.8;10.247;78.3;17.7
2012;28.09.2012;12:20:39;1024.7;10.117;78.3;17.5
2012;28.09.2012;12:40:40;1024.6;10.081;75.6;18
2012;28.09.2012;13:00:39;1024.5;10.229;76.2;18.1
2012;28.09.2012;13:20:40;1024.5;9.748;75;17.6
2012;28.09.2012;13:40:39;1024.5;10.012;72.3;18.6
2012;28.09.2012;14:00:39;1024.4;9.706;71.9;18.2
2012;28.09.2012;14:40:39;1024.2;9.849;69.8;18.9
2012;28.09.2012;15:00:40;1024.2;9.859;73;18.2
2012;28.09.2012;15:20:39;1024;9.688;71.3;18.3
2012;28.09.2012;15:40:39;1023.9;9.307;66;18.9
2012;28.09.2012;16:40:39;1023.5;8.096;54.7;19.7
2012;28.09.2012;17:00:41;1023.3;8.255;56.1;19.6
2012;28.09.2012;17:20:40;1023.2;8.32;57.6;19.3
2012;28.09.2012;17:40:39;1023.1;8.044;56.4;19.1
2012;28.09.2012;18:00:41;1023;8.174;57.3;19.1
2012;28.09.2012;18:20:39;1023;8.196;58.9;18.7
2012;28.09.2012;18:40:39;1023;8.069;59.1;18.4
2012;28.09.2012;19:00:39;1023;8.025;59.9;18.1
2012;28.09.2012;19:20:40;1023.1;8.15;61.6;17.9
2012;28.09.2012;20:20:39;1023.5;9.043;73.2;16.8
2012;28.09.2012;20:40:39;1023.7;8.914;73.1;16.6
2012;28.09.2012;21:20:39;1023.8;8.509;72.1;16.1
2012;28.09.2012;21:40:39;1023.8;7.92;70.7;15.3
2012;28.09.2012;22:20:39;1023.6;7.932;73.1;14.8
2012;28.09.2012;22:40:39;1023.5;8.223;74.3;15.1
2012;28.09.2012;23:20:39;1023.3;8.558;79.8;14.6
2012;28.09.2012;23:40:40;1023.1;8.058;74.7;14.7
2012;29.09.2012;00:00:40;1023;8.171;76.7;14.5
2012;29.09.2012;00:20:39;1022.8;8.288;79.3;14.2
2012;29.09.2012;00:40:39;1022.7;8.376;79.6;14.3
2012;29.09.2012;01:00:40;1022.7;8.368;78;14.62012;29.09.2012;01:20:40;1022.7;8.27;77.1;14.62012;29.09.2012;01:40:40;1022.6;8.248;78.9;14.22012;29.09.2012;02:00:41;1022.4;8.358;81.5;13.92012;29.09.2012;02:20:41;1022.4;8.514;83;"13.9);"2012;29.09.2012;02:40:39;1022.2;8.127;80.3;13.72012;29.09.2012;03:00:39;1022;7.934;78.4;13.72012;29.09.2012;03:20:41;1021.9;7.781;76.9;13.72012;29.09.2012;03:40:39;1021.8;7.67;76.3;13.62012;29.09.2012;04:00:40;1021.8;7.864;77.7;13.72012;29.09.2012;04:20:40;1021.8;7.993;80;13.52012;29.09.2012;04:40:39;1021.8;8.223;82.8;13.42012;29.09.2012;05:00:39;1021.7;8.332;86.1;132012;29.09.2012;05:20:40;1021.7;8.085;85.8;12.62012;29.09.2012;05:40:39;1021.7;8.145;87;12.52012;29.09.2012;06:00:39;1021.7;8.216;86.6;12.72012;29.09.2012;06:20:39;1021.7;8.108;86.6;12.5
2012;29.09.2012;06:40:39;1021.7;8.207;86.5;12.7
2012;29.09.2012;07:00:40;1021.7;8.066;85.6;12.6
2012;29.09.2012;07:20:39;1021.7;8.063;83.9;12.9
2012;29.09.2012;07:40:39;1021.8;8.234;85.1;13
2012;29.09.2012;08:00:41;1021.9;8.291;87.4;12.7
2012;29.09.2012;08:20:39;1021.9;8.466;90.4;12.5
2012;29.09.2012;08:40:40;1022;8.684;90.3;12.9
2012;29.09.2012;09:00:40;1022;8.183;84.6;13
2012;29.09.2012;09:20:39;1022.2;8.28;84.5;13.2
2012;29.09.2012;09:40:40;1022.3;8.114;82.3;13.3
2012;29.09.2012;10:00:39;1022.4;7.924;80.4;13.3
2012;29.09.2012;10:40:40;1022.5;7.695;76.1;13.7
2012;29.09.2012;11:00:39;1022.5;7.685;76.5;13.6
2012;29.09.2012;11:20:39;1022.5;7.754;75.2;14
2012;29.09.2012;11:40:39;1022.5;7.867;75.3;14.2
2012;29.09.2012;12:00:39;1022.4;7.881;76.4;14
2012;29.09.2012;12:20:39;1022.3;7.974;75.8;14.3
2012;29.09.2012;12:40:39;1022.3;7.762;69.2;15.3
2012;29.09.2012;13:00:39;1022.3;7.507;66.1;15.5
2012;29.09.2012;13:20:39;1022.2;7.363;62.4;16.1
2012;29.09.2012;14:00:39;1021.8;6.575;52;17.2
2012;29.09.2012;14:40:39;1021.4;6.317;50.6;17
2012;29.09.2012;15:00:39;1021.4;5.901;47.9;16.8
2012;29.09.2012;16:00:39;1021.3;5.775;48.4;16.3
2012;29.09.2012;16:20:39;1021.5;6.285;54.7;15.7
2012;29.09.2012;16:40:39;1021.6;6.667;59.5;15.3
2012;29.09.2012;17:00:39;1021.7;6.826;62.1;15
2012;29.09.2012;17:20:40;1021.8;6.884;65.1;14.4
2012;29.09.2012;17:40:40;1021.8;7.19;70.2;13.9
2012;29.09.2012;18:00:39;1022.1;7.09;69.7;13.8
2012;29.09.2012;18:20:39;1022.3;7.222;72.4;13.5
2012;29.09.2012;18:40:39;1022.5;7.143;72.1;13.4
2012;29.09.2012;19:00:40;1022.7;7.234;73.5;13.3
2012;29.09.2012;19:20:39;1023.1;7.538;80.7;12.5
2012;29.09.2012;19:40:39;1023.4;7.6;84.1;12
2012;29.09.2012;20:00:40;1023.5;7.816;85.9;12.1
2012;29.09.2012;20:20:39;1023.7;7.965;88.7;11.9
2012;29.09.2012;20:40:39;1024;7.512;82.1;12.2
2012;29.09.2012;21:20:39;1024.7;7.086;79.1;11.9
2012;29.09.2012;21:40:40;1025.1;6.993;78.1;11.9
2012;29.09.2012;22:00:39;1025.3;6.864;77.2;11.8
2012;29.09.2012;22:20:40;1025.6;6.926;77.4;11.9
2012;29.09.2012;22:40:39;1025.8;6.922;78.4;11.7
2012;29.09.2012;23:00:39;1026;6.957;78.8;11.7
2012;29.09.2012;23:20:39;1026;6.923;77.4;11.9
2012;29.09.2012;23:40:41;1026.1;6.858;77.7;11.7
2012;30.09.2012;00:00:41;1026.1;6.879;79.5;11.4
2012;30.09.2012;00:20:39;1026.3;6.95;83.6;10.8
2012;30.09.2012;00:40:40;1026.4;6.314;80.2;10
2012;30.09.2012;01:00:40;1026.5;6.759;85.8;10
2012;30.09.2012;01:20:39;1026.6;6.81;88.2;9.7
2012;30.09.2012;01:40:39;1026.6;6.692;84.4;10.1
2012;30.09.2012;02:00:41;1026.7;6.525;85.7;9.5
2012;30.09.2012;02:20:40;1026.7;6.439;86.9;9.1
2012;30.09.2012;02:40:39;1026.7;6.343;86.2;9
2012;30.09.2012;03:00:39;1026.6;6.286;86;8.9
2012;30.09.2012;03:20:41;1026.5;6.278;85.3;9
2012;30.09.2012;03:40:39;1026.5;6.228;85.2;8.9
2012;30.09.2012;04:00:39;1026.5;6.201;86;8.7
2012;30.09.2012;04:20:39;1026.6;6.35;85.7;9.1
2012;30.09.2012;04:40:39;1026.6;6.06;83.5;8.8
2012;30.09.2012;05:00:41;1026.6;5.996;84.9;8.4
2012;30.09.2012;05:20:39;1026.7;6.054;86.3;8.3
2012;30.09.2012;05:40:39;1026.7;6.067;85.9;8.4
2012;30.09.2012;06:00:39;1026.8;6.105;84.7;8.7
2012;30.09.2012;06:20:39;1026.8;6.127;83.3;9
2012;30.09.2012;06:40:40;1026.9;6.12;82.1;9.2
2012;30.09.2012;07:00:40;1027;6.082;82.7;9
2012;30.09.2012;07:20:39;1027;6.084;83.3;8.9
2012;30.09.2012;07:40:39;1027.2;6.123;84.4;8.8
2012;30.09.2012;08:00:39;1027.3;6.282;86;8.9
2012;30.09.2012;08:20:39;1027.5;6.303;84;9.3
2012;30.09.2012;08:40:39;1027.7;6.099;79.7;9.6
2012;30.09.2012;09:20:40;1027.9;6.249;77.4;10.4
2012;30.09.2012;09:40:39;1028;6.183;73.6;11
2012;30.09.2012;10:00:40;1028.1;5.83;66.3;11.7
2012;30.09.2012;10:20:39;1028.1;5.612;63;11.9
2012;30.09.2012;11:00:39;1028.2;5.762;63.4;12.2
2012;30.09.2012;11:40:40;1028.1;5.793;62.5;12.5
2012;30.09.2012;12:00:39;1028;5.746;59.6;13.1
2012;30.09.2012;12:20:39;1027.9;5.738;61.9;12.5
2012;30.09.2012;12:40:39;1027.8;5.759;60.9;12.8
2012;30.09.2012;13:20:40;1027.6;5.921;59.4;13.6
2012;30.09.2012;13:40:39;1027.5;5.911;57.4;14.1
2012;30.09.2012;14:00:40;1027.5;5.753;58.1;13.5
2012;30.09.2012;14:20:39;1027.4;5.817;57.6;13.8
2012;30.09.2012;15:00:39;1027.1;5.325;53.1;13.7
2012;30.09.2012;15:20:39;1027;5.44;52.5;14.2
2012;30.09.2012;15:40:39;1027;5.304;51.2;14.2
2012;30.09.2012;16:00:39;1026.8;5.193;49.8;14.3
2012;30.09.2012;16:20:41;1026.7;5.268;51.5;14
2012;30.09.2012;16:40:39;1026.6;5.168;50.2;14.1
2012;30.09.2012;17:00:39;1026.5;5.233;52.5;13.6
2012;30.09.2012;17:20:41;1026.5;5.184;49.7;14.3
2012;30.09.2012;17:40:41;1026.5;5.046;48.7;14.2
2012;30.09.2012;18:00:39;1026.6;4.933;49.2;13.7
2012;30.09.2012;18:20:39;1026.5;5.179;52.3;13.5
2012;30.09.2012;18:40:40;1026.4;5.334;54.2;13.4
2012;30.09.2012;19:00:39;1026.5;5.283;54.4;13.2
2012;30.09.2012;19:20:39;1026.5;5.388;56.2;13
2012;30.09.2012;19:40:39;1026.5;5.358;57;12.7
2012;30.09.2012;20:00:39;1026.5;5.401;58.6;12.4
2012;30.09.2012;20:20:40;1026.5;5.468;60.5;12.1
2012;30.09.2012;20:40:39;1026.5;5.798;65.4;11.8
2012;30.09.2012;21:00:39;1026.6;5.735;64.7;11.8
2012;30.09.2012;21:20:40;1026.5;5.771;65.1;11.8
2012;30.09.2012;21:40:39;1026.5;5.749;64;12
2012;30.09.2012;22:00:39;1026.4;5.799;65.4;11.8
2012;30.09.2012;22:20:40;1026.2;6.068;68.4;11.8
2012;30.09.2012;22:40:40;1026.1;6.029;68.4;11.7
2012;30.09.2012;23:00:40;1025.9;6.226;70.6;11.7
2012;30.09.2012;23:20:40;1025.8;6.16;69.4;11.8
2012;30.09.2012;23:40:40;1025.7;6.236;70.7;11.7
