2012;01.11.2012;00:00:40;1016.2;8.135;91.7;11.6
2012;01.11.2012;00:20:39;1016;8.028;91.7;11.4
2012;01.11.2012;00:40:40;1016;7.886;90.7;11.3
2012;01.11.2012;01:00:39;1015.8;7.888;91.3;11.2
2012;01.11.2012;02:00:40;1015.7;7.775;90;11.2
2012;01.11.2012;02:20:40;1016;7.539;88.5;11
2012;01.11.2012;02:40:40;1016.3;7.682;89;11.2
2012;01.11.2012;03:00:39;1016.8;7.724;86.6;11.7
2012;01.11.2012;03:20:39;1017;7.727;88.4;11.4
2012;01.11.2012;03:40:39;1017.2;7.733;87.9;11.5
2012;01.11.2012;04:00:39;1017.4;7.765;85.4;12
2012;01.11.2012;04:20:39;1017.5;7.705;83.1;12.3
2012;01.11.2012;04:40:39;1017.8;7.749;84.7;12.1
2012;01.11.2012;05:00:39;1018.2;8.035;88.4;12
2012;01.11.2012;05:20:38;1018.5;8.364;90.8;12.2
2012;01.11.2012;05:40:39;1018.9;8.222;89.9;12.1
2012;01.11.2012;06:00:39;1019.1;8.193;89.6;12.1
2012;01.11.2012;06:20:39;1019.3;8.17;84.8;12.9
2012;01.11.2012;06:40:39;1019.5;7.917;74.1;14.5
2012;01.11.2012;07:00:39;1019.8;7.939;72.9;14.8
2012;01.11.2012;07:20:39;1020.1;7.885;71.5;15
2012;01.11.2012;07:40:39;1020.2;7.862;71.3;15
2012;01.11.2012;08:00:39;1020.2;7.855;71.7;14.9
2012;01.11.2012;08:20:39;1020.4;7.886;73.4;14.6
2012;01.11.2012;08:40:40;1020.5;8.009;76;14.3
2012;01.11.2012;09:00:39;1020.8;8.112;78.5;14
2012;01.11.2012;09:20:39;1021.1;8.335;81.7;13.8
2012;01.11.2012;09:40:40;1021.3;8.402;82.9;13.7
2012;01.11.2012;10:00:39;1021.4;8.45;82.3;13.9
2012;01.11.2012;10:40:39;1021.7;8.549;82.2;14.1
2012;01.11.2012;11:00:41;1021.7;8.396;79.2;14.4
2012;01.11.2012;11:20:41;1021.7;8.646;87;13.4
2012;01.11.2012;12:00:39;1021.9;8.768;88.8;13.3
2012;01.11.2012;12:40:39;1021.9;8.031;77.3;14.1
2012;01.11.2012;13:00:39;1021.9;8.165;79.6;13.9
2012;01.11.2012;13:20:39;1021.8;8.188;79.3;14
2012;01.11.2012;14:00:40;1021.7;8.9;90.1;13.3
2012;01.11.2012;14:20:39;1021.7;8.989;90.4;13.4
2012;01.11.2012;15:40:39;1021.6;8.881;89.9;13.3
2012;01.11.2012;16:00:40;1021.5;9.042;92.1;13.2
2012;01.11.2012;16:20:39;1021.4;9.123;92.3;13.3
2012;01.11.2012;16:40:39;1021.4;8.931;89.8;13.4
2012;01.11.2012;17:00:39;1021.5;9.132;92.4;13.3
2012;01.11.2012;17:20:39;1021.5;8.933;91.6;13.1
2012;01.11.2012;17:40:40;1021.6;8.912;91.4;13.1
2012;01.11.2012;18:00:39;1021.7;8.813;91;13
2012;01.11.2012;18:20:39;1021.8;8.643;88.7;13.1
2012;01.11.2012;18:40:39;1022;8.006;79.1;13.7
2012;01.11.2012;19:20:39;1022.4;7.644;75.6;13.7
2012;01.11.2012;19:40:39;1022.5;7.694;78.1;13.3
2012;01.11.2012;20:20:39;1022.5;7.878;83.7;12.6
2012;01.11.2012;21:00:39;1022.4;7.944;87.2;12.1
2012;01.11.2012;21:20:41;1022.5;8.037;88.8;12
2012;01.11.2012;21:40:39;1022.6;7.753;88;11.6
2012;01.11.2012;22:20:39;1022.6;7.514;83.1;12
2012;01.11.2012;22:40:39;1022.6;7.486;81.7;12.2
2012;01.11.2012;23:20:38;1022.3;7.34;83.9;11.5
2012;01.11.2012;23:40:39;1022.3;7.304;86.3;11
2012;02.11.2012;00:20:40;1022.3;7.212;85.8;10.9
2012;02.11.2012;00:40:41;1022.3;7.024;87;10.3
2012;02.11.2012;01:00:41;1022.3;6.965;85.7;10.4
2012;02.11.2012;01:20:39;1022.3;7.393;90.3;10.5
2012;02.11.2012;01:40:39;1022.2;7.813;96;10.4
2012;02.11.2012;02:00:39;1022.2;7.842;97;10.3
2012;02.11.2012;02:20:39;1022.2;7.9;97.7;10.3
2012;02.11.2012;02:40:41;1022.2;7.879;98.1;10.2
2012;02.11.2012;03:00:40;1022.2;7.842;98.3;10.1
2012;02.11.2012;03:20:40;1022.2;7.752;98.5;9.9
2012;02.11.2012;03:40:39;1022.3;7.508;98.7;9.4
2012;02.11.2012;04:00:39;1022.4;7.348;98.6;9.1
2012;02.11.2012;04:20:38;1022.4;7.086;98.4;8.6
2012;02.11.2012;04:40:39;1022.5;7.1;98.6;8.6
2012;02.11.2012;05:00:39;1022.6;7.019;97.5;8.6
2012;02.11.2012;05:20:39;1022.6;6.905;97.9;8.3
2012;02.11.2012;05:40:39;1022.6;6.858;97.9;8.2
2012;02.11.2012;06:00:41;1022.6;6.799;98.4;8
2012;02.11.2012;06:20:39;1022.6;6.81;97.9;8.1
2012;02.11.2012;06:40:39;1022.7;6.971;96.2;8.7
2012;02.11.2012;07:00:39;1022.7;6.765;95.3;8.4
2012;02.11.2012;07:20:40;1022.8;6.656;91.9;8.7
2012;02.11.2012;07:40:41;1023;6.471;90;8.6
2012;02.11.2012;08:00:39;1023.2;6.624;91.5;8.7
2012;02.11.2012;08:20:39;1023.3;6.603;90;8.9
2012;02.11.2012;08:40:39;1023.3;6.729;91.7;8.9
2012;02.11.2012;09:00:39;1023.2;7.07;93.1;9.4
2012;02.11.2012;09:20:39;1023;7.247;94.1;9.6
2012;02.11.2012;09:40:39;1023;7.296;94.1;9.7
2012;02.11.2012;10:00:39;1022.9;7.457;93.6;10.1
2012;02.11.2012;10:40:41;1022.9;7.585;93.3;10.4
2012;02.11.2012;11:00:39;1022.8;7.666;92.4;10.7
2012;02.11.2012;11:20:39;1022.8;7.481;91.4;10.5
2012;02.11.2012;11:40:39;1022.9;7.574;90.7;10.8
2012;02.11.2012;12:40:39;1022.7;7.617;89.4;11.1
2012;02.11.2012;13:00:39;1022.6;7.667;88.2;11.4
2012;02.11.2012;13:20:39;1022.6;7.701;88;11.5
2012;02.11.2012;13:40:39;1022.4;7.788;87.8;11.7
2012;02.11.2012;14:00:40;1022.3;7.846;86.7;12
2012;02.11.2012;14:40:40;1022.2;7.747;85.6;12
2012;02.11.2012;15:00:41;1022.1;7.697;84.5;12.1
2012;02.11.2012;15:40:39;1021.9;7.948;87.2;12.1
2012;02.11.2012;16:00:39;1021.7;8.051;88.3;12.1
2012;02.11.2012;16:40:39;1021.7;8.071;89.1;12
2012;02.11.2012;17:00:39;1021.7;7.989;88.2;12
2012;02.11.2012;17:20:41;1021.6;8.1;90;11.9
2012;02.11.2012;17:40:41;1021.5;7.938;88.8;11.8
2012;02.11.2012;18:00:39;1021.4;7.906;90.2;11.5
2012;02.11.2012;18:20:39;1021.4;7.756;89.1;11.4
2012;02.11.2012;18:40:39;1021.4;7.679;90;11.1
2012;02.11.2012;19:00:39;1021.3;7.731;90;11.2
2012;02.11.2012;19:20:39;1021.3;7.676;87.6;11.5
2012;02.11.2012;19:40:39;1021.3;7.483;84.3;11.7
2012;02.11.2012;20:00:39;1021.2;7.432;91.9;10.3
2012;02.11.2012;20:20:40;1021.2;7.42;84.7;11.5
2012;02.11.2012;21:20:39;1021.2;7.418;90.5;10.5
2012;02.11.2012;21:40:40;1021.1;7.379;86.5;11.1
2012;02.11.2012;22:00:39;1020.9;7.256;86.2;10.9
2012;02.11.2012;22:40:39;1020.6;7.172;86.9;10.6
2012;02.11.2012;23:00:39;1020.4;7.016;89.1;9.9
2012;02.11.2012;23:20:39;1020.2;7.104;87.8;10.3
2012;02.11.2012;23:40:39;1020;7.443;90.7;10.5
2012;03.11.2012;00:00:39;1019.9;7.419;90.4;10.5
2012;03.11.2012;00:20:39;1019.8;7.222;89.2;10.3
2012;03.11.2012;00:40:39;1019.7;7.496;90.1;10.7
2012;03.11.2012;01:00:39;1019.7;7.504;90.8;10.6
2012;03.11.2012;01:20:41;1019.7;7.165;88.5;10.3
2012;03.11.2012;01:40:40;1019.5;7.078;89.8;9.9
2012;03.11.2012;02:00:40;1019.5;7.256;89;10.4
2012;03.11.2012;02:20:39;1019.5;7.581;91.7;10.6
2012;03.11.2012;02:40:40;1019.5;7.505;91.4;10.5
2012;03.11.2012;03:00:39;1019.6;7.612;92.7;10.5
2012;03.11.2012;03:20:40;1019.8;7.594;92.5;10.5
2012;03.11.2012;03:40:39;1020.1;6.906;84.8;10.4
2012;03.11.2012;04:00:40;1020.5;6.829;83.9;10.4
2012;03.11.2012;04:20:39;1021.1;7.042;83.7;10.9
2012;03.11.2012;04:40:39;1021.5;7.048;82.7;11.1
2012;03.11.2012;05:00:39;1021.8;6.725;76.4;11.6
2012;03.11.2012;05:20:39;1022;6.746;78.7;11.2
2012;03.11.2012;05:40:39;1021.9;7.428;84.3;11.6
2012;03.11.2012;06:00:40;1021.6;7.921;91.6;11.3
2012;03.11.2012;06:20:39;1021.5;7.896;90.7;11.4
2012;03.11.2012;06:40:39;1021.4;7.902;87.8;11.9
2012;03.11.2012;07:00:39;1021.4;7.776;87;11.8
2012;03.11.2012;07:20:39;1021.4;7.698;86.7;11.7
2012;03.11.2012;07:40:41;1021.5;7.739;90.7;11.1
2012;03.11.2012;08:00:39;1021.6;7.503;87.4;11.2
2012;03.11.2012;08:20:39;1021.8;7.659;89.8;11.1
2012;03.11.2012;08:40:40;1022;7.614;89.9;11
2012;03.11.2012;09:00:39;1022.1;7.777;90.6;11.2
2012;03.11.2012;09:20:39;1022.2;7.763;87.5;11.7
2012;03.11.2012;09:40:40;1022.2;7.992;87.7;12.1
2012;03.11.2012;10:00:39;1022.2;8.09;87.6;12.3
2012;03.11.2012;10:20:40;1022.2;8.106;87.2;12.4
2012;03.11.2012;10:40:40;1022.3;8.093;86.5;12.5
2012;03.11.2012;11:00:40;1022.3;8.319;88.3;12.6
2012;03.11.2012;11:20:39;1022.3;8.367;86.5;13
2012;03.11.2012;12:00:39;1022;8.16;80.6;13.7
2012;03.11.2012;12:20:39;1021.9;7.957;77.6;13.9
2012;03.11.2012;12:40:39;1021.7;7.969;76.2;14.2
2012;03.11.2012;13:00:39;1021.5;7.801;74.6;14.2
2012;03.11.2012;13:40:39;1021;7.329;69.2;14.4
2012;03.11.2012;14:00:41;1020.7;7.209;65.9;14.9
2012;03.11.2012;14:20:39;1020.5;7.182;66.5;14.7
2012;03.11.2012;14:40:39;1020.4;7.648;69.4;15
2012;03.11.2012;15:00:40;1020.3;7.533;68.8;14.9
2012;03.11.2012;16:20:39;1020.4;7.699;69.4;15.1
2012;03.11.2012;16:40:39;1020.3;7.715;70.9;14.8
2012;03.11.2012;17:00:40;1020.4;7.566;69.1;14.9
2012;03.11.2012;17:40:39;1020.4;7.538;67.1;15.3
2012;03.11.2012;18:00:40;1020.4;7.223;62.7;15.7
2012;03.11.2012;18:40:42;1020.4;7.354;70.3;14.2
2012;03.11.2012;19:20:41;1020.6;7.994;83.1;12.9
2012;03.11.2012;20:00:39;1021.1;7.742;86.6;11.8
2012;03.11.2012;20:40:39;1020.9;7.725;83.6;12.3
2012;03.11.2012;21:00:39;1021.1;7.883;82;12.9
2012;03.11.2012;21:20:38;1021.2;7.741;84.9;12.1
2012;03.11.2012;21:40:39;1021.2;7.944;87.1;12.1
2012;03.11.2012;22:40:38;1021;7.336;82.1;11.8
2012;03.11.2012;23:00:39;1020.7;7.068;87.4;10.3
2012;03.11.2012;23:20:39;1020.4;7.042;85.9;10.5
2012;03.11.2012;23:40:39;1020.1;7.422;85.2;11.4
2012;04.11.2012;00:00:39;1020;7.012;85.5;10.5
2012;04.11.2012;00:20:40;1019.7;7.27;88;10.6
2012;04.11.2012;00:40:41;1019.4;7.356;84.4;11.4
2012;04.11.2012;01:00:39;1019.1;7.258;87.8;10.6
2012;04.11.2012;01:20:39;1018.8;7.425;88;10.9
2012;04.11.2012;01:40:43;1018.6;7.237;88.1;10.5
2012;04.11.2012;02:00:41;1018.4;6.919;87.7;9.9
2012;04.11.2012;02:20:41;1018.2;7.119;89;10.1
2012;04.11.2012;02:40:39;1017.9;6.973;92.6;9.2
2012;04.11.2012;03:20:39;1017.6;7.09;87.4;10.3
2012;04.11.2012;03:40:39;1017.3;6.702;87.2;9.5
2012;04.11.2012;04:00:40;1017.2;6.943;87.9;9.9
2012;04.11.2012;04:20:39;1016.9;6.743;87.1;9.6
2012;04.11.2012;04:40:39;1016.5;6.893;87.8;9.8
2012;04.11.2012;05:00:39;1016.4;7.013;89.3;9.8
2012;04.11.2012;05:20:39;1016.7;6.769;88.6;9.4
2012;04.11.2012;05:40:39;1016.9;6.867;90.5;9.3
2012;04.11.2012;06:00:39;1017.1;7.015;88.2;10
2012;04.11.2012;06:20:38;1017.2;6.972;86.5;10.2
2012;04.11.2012;06:40:39;1017.2;6.918;84.7;10.4
2012;04.11.2012;07:00:42;1017.3;6.975;82.6;10.9
2012;04.11.2012;07:20:39;1017.5;6.917;81.4;11
2012;04.11.2012;07:40:39;1017.8;6.84;82.7;10.6
2012;04.11.2012;08:00:39;1018.3;6.819;81.4;10.8
2012;04.11.2012;08:40:39;1019;7.012;79.4;11.6
2012;04.11.2012;09:00:40;1019.2;7.159;83.8;11.1
2012;04.11.2012;09:20:40;1019.4;7.779;88.6;11.5
2012;04.11.2012;10:00:39;1019.6;7.917;88.4;11.8
2012;04.11.2012;10:20:39;1019.8;7.981;86.8;12.2
2012;04.11.2012;11:00:39;1020.1;7.803;83.8;12.4
2012;04.11.2012;11:20:39;1020;7.789;83.1;12.5
2012;04.11.2012;12:00:40;1019.6;7.894;82;12.9
2012;04.11.2012;12:20:40;1019.4;7.97;83.3;12.8
2012;04.11.2012;12:40:39;1019;8.05;84.1;12.8
2012;04.11.2012;13:00:39;1018.8;8.069;82.1;13.2
2012;04.11.2012;13:20:39;1018.5;7.896;79.3;13.4
2012;04.11.2012;13:40:39;1018.1;7.942;79.2;13.5
2012;04.11.2012;14:00:39;1017.8;8.084;78.5;13.9
2012;04.11.2012;14:20:39;1017.4;8.322;79.2;14.2
2012;04.11.2012;14:40:39;1017.4;8.228;80.9;13.7
2012;04.11.2012;15:00:40;1017.6;8.306;80.1;14
2012;04.11.2012;15:20:40;1017.9;8.299;78;14.4
2012;04.11.2012;15:40:42;1018.1;8.252;76.1;14.7
2012;04.11.2012;16:00:39;1018.4;8.293;76;14.8
2012;04.11.2012;16:40:39;1018.9;8.215;77.8;14.3
2012;04.11.2012;17:00:39;1018.9;8.086;77.1;14.2
2012;04.11.2012;17:40:39;1019.1;7.886;73.3;14.6
2012;04.11.2012;18:20:40;1019.2;7.915;76;14.1
2012;04.11.2012;18:40:42;1019.2;8.371;81.9;13.8
2012;04.11.2012;19:00:39;1019.2;8.394;83.2;13.6
2012;04.11.2012;19:20:39;1019.2;8.384;83.1;13.6
2012;04.11.2012;19:40:40;1019.4;8.03;77.1;14.1
2012;04.11.2012;20:20:39;1019.3;7.76;77;13.6
2012;04.11.2012;20:40:40;1019.5;7.657;76.5;13.5
2012;04.11.2012;21:00:43;1019.7;7.525;76.2;13.3
2012;04.11.2012;21:40:39;1020.1;7.43;78.8;12.6
2012;04.11.2012;22:00:39;1020.3;7.393;76.4;13
2012;04.11.2012;22:40:39;1020.7;7.488;76.4;13.2
2012;04.11.2012;23:00:39;1020.8;7.583;78.9;12.9
2012;04.11.2012;23:40:39;1021.1;7.568;79.8;12.7
2012;05.11.2012;00:00:39;1021.3;7.415;76.2;13.1
2012;05.11.2012;00:20:39;1021.5;7.433;76.9;13
2012;05.11.2012;00:40:39;1021.6;7.581;80.5;12.6
2012;05.11.2012;01:00:39;1021.7;7.828;84.2;12.4
2012;05.11.2012;01:40:39;1022;7.989;89.4;11.8
2012;05.11.2012;02:00:41;1022.1;7.877;87.6;11.9
2012;05.11.2012;02:20:39;1022.3;7.996;91.9;11.4
2012;05.11.2012;02:40:40;1022.3;7.885;87.7;11.9
2012;05.11.2012;03:00:42;1022.4;7.912;88;11.9
2012;05.11.2012;03:20:40;1022.4;7.714;86.4;11.8
2012;05.11.2012;03:40:40;1022.6;7.577;84.9;11.8
2012;05.11.2012;04:00:38;1022.8;7.437;85.6;11.4
2012;05.11.2012;04:20:39;1023.2;7.246;85.7;11
2012;05.11.2012;04:40:41;1023.5;7.17;85.4;10.9
2012;05.11.2012;05:00:39;1023.7;7.321;87.2;10.9
2012;05.11.2012;05:20:40;1024;7.219;86.6;10.8
2012;05.11.2012;05:40:39;1024.1;7.126;85.5;10.8
2012;05.11.2012;06:00:39;1024.3;7.091;85.1;10.8
2012;05.11.2012;06:20:39;1024.4;7.105;87;10.5
2012;05.11.2012;06:40:42;1024.6;7.146;88.1;10.4
2012;05.11.2012;07:40:39;1025.4;7.101;89.4;10.1
2012;05.11.2012;08:00:39;1025.7;7.02;89.6;9.9
2012;05.11.2012;08:20:40;1025.9;6.892;88;9.9
2012;05.11.2012;08:40:39;1026.1;6.818;86.5;10
2012;05.11.2012;09:00:40;1026.2;6.786;81.1;10.9
2012;05.11.2012;09:20:39;1026.4;6.724;82;10.6
2012;05.11.2012;09:40:40;1026.6;6.624;81.9;10.4
2012;05.11.2012;10:00:39;1026.8;6.846;88.1;9.8
2012;05.11.2012;10:20:38;1027.1;6.72;87.1;9.7
2012;05.11.2012;10:40:39;1027.3;6.79;88.6;9.6
2012;05.11.2012;11:40:39;1027.9;7.092;90.7;9.9
2012;05.11.2012;12:20:39;1028.1;7.064;87.4;10.4
2012;05.11.2012;12:40:39;1028.3;6.817;86.1;10.1
2012;05.11.2012;13:00:39;1028.4;6.746;85.8;10
2012;05.11.2012;13:40:39;1028.6;6.411;81.6;10
2012;05.11.2012;14:00:39;1028.6;6.429;80.2;10.3
2012;05.11.2012;14:20:39;1028.6;6.421;80.1;10.3
2012;05.11.2012;14:40:39;1028.6;6.164;74.4;10.8
2012;05.11.2012;15:20:39;1028.9;6.006;74;10.5
2012;05.11.2012;15:40:39;1029.1;5.907;72.8;10.5
2012;05.11.2012;16:00:38;1029.1;5.669;69.9;10.5
2012;05.11.2012;16:20:39;1029.2;5.737;69.8;10.7
2012;05.11.2012;16:40:38;1029.3;5.812;73.6;10.1
2012;05.11.2012;17:00:38;1029.5;5.714;71.9;10.2
2012;05.11.2012;17:40:39;1029.8;5.642;71.5;10.1
2012;05.11.2012;18:00:39;1030;5.708;74.3;9.7
2012;05.11.2012;19:20:38;1030.7;5.611;75.1;9.3
2012;05.11.2012;20:00:39;1030.8;5.52;74.4;9.2
2012;05.11.2012;20:40:39;1030.7;5.697;82.7;8.1
2012;05.11.2012;21:20:39;1030.7;5.712;85.2;7.7
2012;05.11.2012;21:40:39;1030.8;5.581;82.7;7.8
2012;05.11.2012;22:00:39;1030.9;5.398;82.8;7.3
2012;05.11.2012;22:20:39;1031;5.378;82.5;7.3
2012;05.11.2012;22:40:39;1031;5.321;78.9;7.8
2012;05.11.2012;23:20:39;1031;5.194;80.8;7.1
2012;06.11.2012;00:00:39;1030.9;5.028;82.1;6.4
2012;06.11.2012;00:20:39;1030.9;5.065;79.9;6.9
2012;06.11.2012;00:40:39;1030.9;5.017;79.7;6.8
2012;06.11.2012;01:00:39;1030.9;4.976;78.5;6.9
2012;06.11.2012;01:20:39;1030.9;4.941;81.8;6.2
2012;06.11.2012;01:40:39;1030.9;4.928;83.3;5.9
2012;06.11.2012;02:00:39;1030.8;4.801;80.6;6
2012;06.11.2012;02:20:39;1030.8;4.868;84.6;5.5
2012;06.11.2012;02:40:38;1030.8;4.96;82.1;6.2
2012;06.11.2012;03:00:39;1030.7;5.034;80.5;6.7
2012;06.11.2012;03:20:39;1030.6;4.975;79;6.8
2012;06.11.2012;03:40:39;1030.5;5.171;83.8;6.5
2012;06.11.2012;04:00:39;1030.4;4.863;83.9;5.6
2012;06.11.2012;04:20:39;1030.3;4.899;85.1;5.5
2012;06.11.2012;04:40:38;1030.3;5.152;86.4;6
2012;06.11.2012;05:00:38;1030.3;5.232;83.6;6.7
2012;06.11.2012;05:20:39;1030.2;5.39;87.3;6.5
2012;06.11.2012;05:40:39;1030.1;5.644;90.1;6.7
2012;06.11.2012;06:00:39;1029.9;5.789;90.5;7
2012;06.11.2012;06:20:38;1029.7;5.817;90.3;7.1
2012;06.11.2012;06:40:39;1029.6;5.812;89.6;7.2
2012;06.11.2012;07:00:38;1029.6;5.697;90.9;6.7
2012;06.11.2012;07:20:39;1029.6;5.788;91.7;6.8
2012;06.11.2012;07:40:40;1029.5;5.934;92.7;7
2012;06.11.2012;08:00:39;1029.4;5.954;93;7
2012;06.11.2012;08:20:39;1029.4;5.921;92.5;7
2012;06.11.2012;08:40:38;1029.2;5.907;92.9;6.9
2012;06.11.2012;09:00:38;1029.2;5.916;92.4;7
2012;06.11.2012;09:20:38;1029.1;5.749;89.8;7
2012;06.11.2012;09:40:39;1029;5.697;89;7
2012;06.11.2012;10:00:39;1028.8;5.785;87.9;7.4
2012;06.11.2012;10:20:39;1028.7;5.805;88.2;7.4
2012;06.11.2012;10:40:39;1028.6;5.733;86.5;7.5
2012;06.11.2012;11:00:39;1028.5;5.779;86;7.7
2012;06.11.2012;11:20:39;1028.3;5.861;87.2;7.7
2012;06.11.2012;11:40:39;1028.2;5.847;85.8;7.9
2012;06.11.2012;12:40:39;1027.6;5.93;85.2;8.2
2012;06.11.2012;13:00:39;1027.5;5.816;83;8.3
2012;06.11.2012;13:20:39;1027.4;5.923;82.8;8.6
2012;06.11.2012;14:20:39;1027.3;6.06;84.7;8.6
2012;06.11.2012;14:40:38;1027.3;5.978;83;8.7
2012;06.11.2012;15:20:38;1027.3;6.053;82.9;8.9
2012;06.11.2012;15:40:39;1027.3;6.039;82.7;8.9
2012;06.11.2012;16:00:39;1027.2;6.068;83.1;8.9
2012;06.11.2012;17:20:40;1027.1;6.05;85.7;8.4
2012;06.11.2012;17:40:38;1027.2;6.029;85.4;8.4
2012;06.11.2012;18:20:39;1027.3;6.106;86.5;8.4
2012;06.11.2012;19:00:38;1027.5;6.092;86.9;8.3
2012;06.11.2012;19:20:39;1027.5;6.084;86.8;8.3
2012;06.11.2012;19:40:39;1027.5;6.127;87.4;8.3
2012;06.11.2012;20:20:39;1027.4;6.064;86.5;8.3
2012;06.11.2012;20:40:39;1027.4;6.097;85.8;8.5
2012;06.11.2012;21:00:39;1027.4;6.138;85.2;8.7
2012;06.11.2012;21:20:39;1027.4;6.119;86.1;8.5
2012;06.11.2012;21:40:38;1027.3;6.183;86.4;8.6
2012;06.11.2012;22:00:39;1027.3;6.156;87.2;8.4
2012;06.11.2012;22:20:39;1027.2;6.156;86.6;8.5
2012;06.11.2012;22:40:39;1027.1;6.122;86.7;8.4
2012;06.11.2012;23:00:39;1027.1;6.071;85.4;8.5
2012;06.11.2012;23:40:39;1027;6.044;85.6;8.4
2012;07.11.2012;00:00:39;1027;6.044;85.6;8.4
2012;07.11.2012;00:20:39;1027;6.102;87;8.3
2012;07.11.2012;01:00:39;1026.8;5.685;80;8.5
2012;07.11.2012;01:20:39;1026.8;5.583;77;8.8
2012;07.11.2012;01:40:39;1026.8;5.468;77.5;8.4
2012;07.11.2012;02:20:39;1026.8;5.408;77.7;8.2
2012;07.11.2012;02:40:39;1026.8;5.381;76.8;8.3
2012;07.11.2012;03:00:39;1026.7;5.364;77.6;8.1
2012;07.11.2012;03:20:39;1026.6;5.367;78.7;7.9
2012;07.11.2012;03:40:39;1026.6;5.464;80.1;7.9
2012;07.11.2012;04:00:39;1026.6;5.419;80;7.8
2012;07.11.2012;04:20:38;1026.7;5.321;77.5;8
2012;07.11.2012;04:40:39;1026.8;5.293;78.7;7.7
2012;07.11.2012;05:00:40;1026.9;5.256;78.7;7.6
2012;07.11.2012;05:20:39;1027;5.233;78.9;7.5
2012;07.11.2012;05:40:38;1027.1;5.176;78.6;7.4
2012;07.11.2012;06:00:39;1027.1;5.171;79.6;7.2
2012;07.11.2012;06:20:41;1027.1;5.142;79.7;7.1
2012;07.11.2012;06:40:39;1027.1;5.027;80.1;6.7
2012;07.11.2012;07:00:39;1027.1;5.014;81;6.5
2012;07.11.2012;07:40:39;1027.4;4.968;79.2;6.7
2012;07.11.2012;08:00:41;1027.7;4.897;83.1;5.8
2012;07.11.2012;08:20:40;1027.9;4.982;78.9;6.8
2012;07.11.2012;08:40:39;1028.2;5.072;79.8;6.9
2012;07.11.2012;09:20:39;1028.6;5.18;80.4;7.1
2012;07.11.2012;09:40:41;1028.8;5.148;78.3;7.4
2012;07.11.2012;10:00:41;1028.8;5.184;76.2;7.9
2012;07.11.2012;10:20:39;1028.8;5.096;73.4;8.2
2012;07.11.2012;10:40:39;1028.9;5.258;74.2;8.5
2012;07.11.2012;11:00:42;1028.9;5.258;73.2;8.7
2012;07.11.2012;11:20:42;1028.9;5.208;73;8.6
2012;07.11.2012;11:40:40;1028.9;5.337;72.3;9.1
2012;07.11.2012;12:00:39;1028.8;5.374;72.8;9.1
2012;07.11.2012;12:20:42;1028.7;5.464;73.5;9.2
2012;07.11.2012;13:00:39;1028.7;5.403;72.2;9.3
2012;07.11.2012;13:20:39;1028.8;5.447;72.3;9.4
2012;07.11.2012;13:40:39;1028.7;5.501;73.5;9.3
2012;07.11.2012;14:00:39;1028.7;5.531;74.4;9.2
2012;07.11.2012;14:40:39;1028.7;5.744;76.2;9.4
2012;07.11.2012;15:00:39;1028.7;5.682;75.9;9.3
2012;07.11.2012;15:20:40;1028.6;5.768;76;9.5
2012;07.11.2012;15:40:40;1028.5;5.831;76.8;9.5
2012;07.11.2012;16:00:40;1028.4;5.785;76.2;9.5
2012;07.11.2012;16:20:39;1028.5;5.836;77.4;9.4
2012;07.11.2012;16:40:39;1028.5;5.855;78.7;9.2
2012;07.11.2012;17:00:39;1028.4;5.818;79.8;8.9
2012;07.11.2012;17:20:39;1028.6;5.86;79.3;9.1
2012;07.11.2012;17:40:39;1028.7;5.792;81.1;8.6
2012;07.11.2012;18:40:41;1029.2;5.805;84.7;8
2012;07.11.2012;19:20:39;1029.5;5.59;86.2;7.2
2012;07.11.2012;19:40:39;1029.7;5.785;83.3;8.2
2012;07.11.2012;20:00:39;1029.8;5.658;84.9;7.6
2012;07.11.2012;20:20:39;1029.9;5.649;84.2;7.7
2012;07.11.2012;21:40:39;1030.2;5.683;85.9;7.5
2012;07.11.2012;22:00:39;1030.3;5.478;83.4;7.4
2012;07.11.2012;22:20:40;1030.3;5.529;81.9;7.8
2012;07.11.2012;22:40:40;1030.3;5.347;87.2;6.4
2012;07.11.2012;23:20:40;1030.1;5.207;86.1;6.2
2012;07.11.2012;23:40:39;1030;5.04;85.7;5.8
2012;08.11.2012;00:00:39;1030;5.205;84.3;6.5
2012;08.11.2012;00:20:41;1029.9;5.618;84.9;7.5
2012;08.11.2012;00:40:39;1029.8;5.699;86.1;7.5
2012;08.11.2012;01:20:40;1029.6;5.668;88;7.1
2012;08.11.2012;01:40:41;1029.5;5.728;88.3;7.2
2012;08.11.2012;02:00:39;1029.4;5.758;90.6;6.9
2012;08.11.2012;02:20:39;1029.3;5.922;89.4;7.5
2012;08.11.2012;02:40:39;1029.2;5.86;90.3;7.2
2012;08.11.2012;03:00:41;1029.2;5.968;91.3;7.3
2012;08.11.2012;03:20:39;1029;5.484;88.7;6.5
2012;08.11.2012;03:40:40;1028.8;5.435;86.7;6.7
2012;08.11.2012;04:00:40;1028.7;5.572;90.7;6.4
2012;08.11.2012;04:20:39;1028.6;5.771;90.1;7
2012;08.11.2012;04:40:39;1028.5;5.762;93.1;6.5
2012;08.11.2012;05:00:39;1028.3;5.738;94;6.3
2012;08.11.2012;05:20:38;1028.3;5.667;92.2;6.4
2012;08.11.2012;05:40:39;1028.2;5.528;91.2;6.2
2012;08.11.2012;06:00:41;1028.1;5.498;90.7;6.2
2012;08.11.2012;06:20:39;1028.1;5.606;91.2;6.4
2012;08.11.2012;06:40:41;1028.1;5.628;90.3;6.6
2012;08.11.2012;07:00:39;1028.2;5.587;90.9;6.4
2012;08.11.2012;07:20:39;1028.3;5.52;91.7;6.1
2012;08.11.2012;07:40:39;1028.4;5.559;93;6
2012;08.11.2012;08:00:41;1028.6;5.585;92.8;6.1
2012;08.11.2012;08:20:40;1028.7;5.605;93.8;6
2012;08.11.2012;08:40:39;1028.8;5.51;93.5;5.8
2012;08.11.2012;09:00:39;1028.8;5.512;92.9;5.9
2012;08.11.2012;09:20:39;1028.8;5.499;91.4;6.1
2012;08.11.2012;09:40:39;1028.8;5.45;90.6;6.1
2012;08.11.2012;10:00:39;1028.7;5.412;90.6;6
2012;08.11.2012;10:40:39;1028.7;5.411;88.1;6.4
2012;08.11.2012;11:00:40;1028.7;5.405;88;6.4
2012;08.11.2012;11:20:41;1028.5;5.38;85.2;6.8
2012;08.11.2012;11:40:39;1028.3;5.268;84;6.7
2012;08.11.2012;12:00:39;1028.1;5.519;82.7;7.6
2012;08.11.2012;12:20:41;1027.8;5.623;84.8;7.5
2012;08.11.2012;12:40:39;1027.5;5.523;85;7.2
2012;08.11.2012;13:00:39;1027.3;5.636;82.1;8
2012;08.11.2012;13:20:39;1027;5.574;82.3;7.8
2012;08.11.2012;13:40:39;1026.7;5.706;82.5;8.1
2012;08.11.2012;14:20:40;1026.3;5.496;76.8;8.6
2012;08.11.2012;14:40:42;1026;5.462;75.8;8.7
2012;08.11.2012;15:00:40;1025.8;5.465;74.8;8.9
2012;08.11.2012;15:20:39;1025.6;5.451;74.6;8.9
2012;08.11.2012;15:40:39;1025.4;5.475;74.4;9
2012;08.11.2012;16:00:39;1025.2;5.504;75.8;8.8
2012;08.11.2012;17:00:41;1024.6;5.715;78.1;8.9
2012;08.11.2012;17:20:40;1024.4;5.684;79.8;8.5
2012;08.11.2012;17:40:39;1024.3;5.675;81.3;8.2
2012;08.11.2012;18:00:41;1024.2;5.752;82.4;8.2
2012;08.11.2012;18:20:39;1024.1;5.744;83.4;8
2012;08.11.2012;18:40:39;1024;5.729;84.9;7.7
2012;08.11.2012;19:00:40;1023.9;5.616;83.8;7.6
2012;08.11.2012;19:20:39;1023.8;5.743;84.5;7.8
2012;08.11.2012;19:40:40;1023.6;5.768;83.7;8
2012;08.11.2012;20:20:38;1023.3;5.475;84.5;7.1
2012;08.11.2012;20:40:39;1023.2;5.383;86;6.6
2012;08.11.2012;21:00:39;1023.2;5.567;88.9;6.6
2012;08.11.2012;21:20:40;1023.1;5.561;88.8;6.6
2012;08.11.2012;21:40:40;1023.1;5.584;90.4;6.4
2012;08.11.2012;22:40:41;1023.2;5.174;88.6;5.6
2012;08.11.2012;23:00:39;1023.2;5.353;87.3;6.3
2012;08.11.2012;23:20:39;1023.4;5.411;90.1;6
2012;08.11.2012;23:40:41;1023.5;5.319;88.6;6
2012;09.11.2012;00:00:41;1023.6;5.38;89;6.1
2012;09.11.2012;00:20:40;1023.6;5.402;90.6;5.9
2012;09.11.2012;00:40:39;1023.6;5.631;93.1;6.1
2012;09.11.2012;01:00:39;1023.6;5.574;94.1;5.8
2012;09.11.2012;01:20:41;1023.5;5.636;95.8;5.7
2012;09.11.2012;01:40:40;1023.4;5.712;96.4;5.8
2012;09.11.2012;02:00:40;1023.5;5.535;92.8;5.9
2012;09.11.2012;02:20:40;1023.5;5.082;94;4.5
2012;09.11.2012;02:40:39;1023.5;5.084;94.7;4.4
2012;09.11.2012;03:00:39;1023.4;5.056;93.5;4.5
2012;09.11.2012;03:20:39;1023.3;5.001;93.8;4.3
2012;09.11.2012;03:40:41;1023.1;5.108;95.1;4.4
2012;09.11.2012;04:00:39;1023;5.156;95.3;4.5
2012;09.11.2012;04:20:40;1023.1;5.106;96.4;4.2
2012;09.11.2012;04:40:39;1023;5.366;97.1;4.8
2012;09.11.2012;05:00:39;1023.1;5.436;97;5
2012;09.11.2012;05:20:39;1023.2;5.338;97.3;4.7
2012;09.11.2012;05:40:40;1023.3;5.591;97.7;5.3
2012;09.11.2012;06:20:39;1023.4;5.647;98;5.4
2012;09.11.2012;06:40:39;1023.5;5.574;98.1;5.2
2012;09.11.2012;07:00:39;1023.5;5.585;98.3;5.2
2012;09.11.2012;07:20:39;1023.7;5.629;98.4;5.3
2012;09.11.2012;07:40:40;1024;5.634;98.5;5.3
2012;09.11.2012;09:00:40;1025;5.588;98.5;5.2
2012;09.11.2012;09:20:40;1025.2;5.747;98.5;5.6
2012;09.11.2012;09:40:39;1025.2;5.746;98.5;5.6
2012;09.11.2012;10:00:39;1025.3;5.827;98.5;5.8
2012;09.11.2012;10:20:39;1025.4;5.95;98.5;6.1
2012;09.11.2012;10:40:40;1025.6;6.026;98.4;6.3
2012;09.11.2012;11:00:40;1025.9;5.95;97.2;6.3
2012;09.11.2012;11:20:40;1026;5.773;95;6.2
2012;09.11.2012;11:40:39;1026;5.647;94.9;5.9
2012;09.11.2012;12:00:42;1026.1;5.742;94.5;6.2
2012;09.11.2012;12:20:42;1026;5.857;94.4;6.5
2012;09.11.2012;12:40:39;1025.9;5.848;93.6;6.6
2012;09.11.2012;13:00:39;1025.8;5.951;92;7.1
2012;09.11.2012;13:20:39;1025.8;5.946;91.3;7.2
2012;09.11.2012;13:40:40;1025.7;6.08;90.8;7.6
2012;09.11.2012;14:00:39;1025.6;6.008;91.6;7.3
2012;09.11.2012;14:20:40;1025.5;5.92;91.5;7.1
2012;09.11.2012;14:40:39;1025.5;5.928;91;7.2
2012;09.11.2012;15:00:40;1025.5;6.009;91.6;7.3
2012;09.11.2012;15:20:39;1025.5;5.982;91.2;7.3
2012;09.11.2012;15:40:39;1025.5;6.07;91.9;7.4
2012;09.11.2012;16:00:40;1025.6;6.056;93.6;7.1
2012;09.11.2012;16:40:39;1025.9;6.052;94.2;7
2012;09.11.2012;17:20:40;1026.2;5.928;94.9;6.6
2012;09.11.2012;17:40:39;1026.4;5.965;95.5;6.6
2012;09.11.2012;18:00:39;1026.7;5.968;96.9;6.4
2012;09.11.2012;18:20:39;1027;5.975;97.7;6.3
2012;09.11.2012;18:40:39;1027.2;6.046;98.2;6.4
2012;09.11.2012;19:00:39;1027.5;6.009;98.3;6.3
2012;09.11.2012;19:40:39;1028.1;6.024;98.6;6.3
2012;09.11.2012;20:00:39;1028.4;6.155;98.7;6.6
2012;09.11.2012;20:20:39;1028.7;6.104;98.6;6.5
2012;09.11.2012;20:40:39;1029;6.182;98.5;6.7
2012;09.11.2012;21:20:39;1029.4;6.069;98.1;6.5
2012;09.11.2012;21:40:39;1029.6;6.116;98.2;6.6
2012;09.11.2012;22:00:39;1029.7;6.158;98.2;6.7
2012;09.11.2012;22:20:39;1029.9;6.293;98.3;7
2012;09.11.2012;22:40:39;1030;6.167;97.7;6.8
2012;09.11.2012;23:00:38;1030.2;5.939;96.1;6.5
2012;09.11.2012;23:20:39;1030.4;5.913;95.7;6.5
2012;09.11.2012;23:40:39;1030.5;5.778;94.2;6.4
2012;10.11.2012;00:00:40;1030.6;6.053;95.3;6.9
2012;10.11.2012;00:20:39;1030.8;5.946;95.6;6.6
2012;10.11.2012;00:40:39;1031;5.856;95.5;6.4
2012;10.11.2012;01:00:41;1031.2;5.799;94.6;6.4
2012;10.11.2012;01:20:39;1031.4;5.636;93.9;6.1
2012;10.11.2012;01:40:39;1031.5;5.677;93.3;6.3
2012;10.11.2012;02:00:39;1031.7;5.725;95.4;6.1
2012;10.11.2012;02:40:40;1032;5.875;93.3;6.8
2012;10.11.2012;03:00:40;1032.2;5.869;94.5;6.6
2012;10.11.2012;03:20:41;1032.4;5.909;94.5;6.7
2012;10.11.2012;03:40:39;1032.5;5.864;95.1;6.5
2012;10.11.2012;04:00:39;1032.6;5.77;93.6;6.5
2012;10.11.2012;04:20:39;1032.8;5.666;90.7;6.7
2012;10.11.2012;04:40:40;1033;5.67;91.4;6.6
2012;10.11.2012;05:00:41;1033.2;5.91;93.3;6.9
2012;10.11.2012;05:20:41;1033.4;5.753;91.5;6.8
2012;10.11.2012;05:40:39;1033.6;5.796;92.2;6.8
2012;10.11.2012;06:00:39;1033.8;5.738;93.2;6.5
2012;10.11.2012;06:20:39;1034;5.664;93.3;6.3
2012;10.11.2012;06:40:39;1034.2;5.778;92.6;6.7
2012;10.11.2012;07:00:39;1034.4;5.781;93.3;6.6
2012;10.11.2012;07:20:41;1034.6;5.715;91;6.8
2012;10.11.2012;07:40:39;1034.9;5.402;89.1;6.3
2012;10.11.2012;08:00:39;1035.2;5.333;85.6;6.7
2012;10.11.2012;08:40:39;1035.7;5.371;84.5;7
2012;10.11.2012;09:00:39;1035.9;5.486;86.3;7
2012;10.11.2012;09:20:39;1036.1;5.704;89.1;7.1
2012;10.11.2012;09:40:39;1036.2;5.874;90.5;7.3
2012;10.11.2012;10:00:39;1036.3;5.98;91.5;7.4
2012;10.11.2012;10:20:39;1036.4;5.965;91.9;7.3
2012;10.11.2012;10:40:39;1036.4;6.113;91;7.8
2012;10.11.2012;11:20:39;1036.5;6.221;89.5;8.3
2012;10.11.2012;11:40:39;1036.4;6.243;89.2;8.4
2012;10.11.2012;12:00:40;1036.4;6.228;87.2;8.7
2012;10.11.2012;12:20:39;1036.3;6.163;85.7;8.8
2012;10.11.2012;12:40:39;1036.2;6.289;85.1;9.2
2012;10.11.2012;13:00:39;1036.2;6.294;84.6;9.3
2012;10.11.2012;13:20:39;1036.1;6.291;85.7;9.1
2012;10.11.2012;13:40:41;1036.1;6.41;87.3;9.1
2012;10.11.2012;14:20:39;1035.9;6.439;86.5;9.3
2012;10.11.2012;14:40:39;1036;6.378;85.7;9.3
2012;10.11.2012;15:00:39;1036.1;6.362;85.5;9.3
2012;10.11.2012;15:20:39;1036.2;6.321;86.1;9.1
2012;10.11.2012;15:40:39;1036.3;6.329;84.5;9.4
2012;10.11.2012;16:00:40;1036.4;6.283;83.9;9.4
2012;10.11.2012;16:20:40;1036.5;6.157;82.8;9.3
2012;10.11.2012;16:40:40;1036.5;6.167;83.5;9.2
2012;10.11.2012;17:20:41;1036.7;6.114;82.8;9.2
2012;10.11.2012;17:40:39;1036.9;6.145;83.8;9.1
2012;10.11.2012;18:00:39;1037.1;6.164;83.5;9.2
2012;10.11.2012;18:20:41;1037.3;6.136;83.7;9.1
2012;10.11.2012;18:40:39;1037.5;6.124;83;9.2
2012;10.11.2012;19:00:39;1037.5;6.157;84;9.1
2012;10.11.2012;19:40:39;1037.6;6.164;87;8.6
2012;10.11.2012;20:00:40;1037.6;6.185;86.7;8.7
2012;10.11.2012;20:20:40;1037.5;6.229;88.5;8.5
2012;10.11.2012;21:00:41;1037.5;6.222;87.2;8.7
2012;10.11.2012;21:20:40;1037.5;6.228;86.7;8.8
2012;10.11.2012;21:40:39;1037.5;6.308;87.8;8.8
2012;10.11.2012;22:40:39;1037.3;6.237;87.4;8.7
2012;10.11.2012;23:00:39;1037.2;6.246;84.6;9.2
2012;10.11.2012;23:20:39;1037;6.289;84.6;9.3
2012;11.11.2012;00:00:39;1036.9;6.232;84.4;9.2
2012;11.11.2012;00:20:39;1036.8;6.207;85.2;9
2012;11.11.2012;00:40:40;1036.7;6.085;86.4;8.5
2012;11.11.2012;01:00:40;1036.6;6.261;86.5;8.9
2012;11.11.2012;01:20:40;1036.6;6.364;88.5;8.8
2012;11.11.2012;01:40:39;1036.5;6.206;89.3;8.3
2012;11.11.2012;02:00:39;1036.6;6.466;89.3;8.9
2012;11.11.2012;02:20:39;1036.6;6.518;88.8;9.1
2012;11.11.2012;02:40:39;1036.3;6.483;88.3;9.1
2012;11.11.2012;03:00:39;1036;6.396;90.1;8.6
2012;11.11.2012;03:20:40;1035.7;6.31;90.7;8.3
2012;11.11.2012;03:40:40;1035.4;6.444;89.5;8.8
2012;11.11.2012;04:00:39;1035.3;6.452;89;8.9
2012;11.11.2012;04:20:38;1035.2;6.372;87.3;9
2012;11.11.2012;04:40:39;1035.3;6.39;85.8;9.3
2012;11.11.2012;05:00:43;1035.3;6.435;86.4;9.3
2012;11.11.2012;05:20:41;1035.3;6.437;87.6;9.1
2012;11.11.2012;05:40:40;1035.2;6.38;88;8.9
2012;11.11.2012;06:00:40;1035;6.418;89.7;8.7
2012;11.11.2012;06:20:39;1034.6;6.34;89.2;8.6
2012;11.11.2012;06:40:39;1034.4;6.167;85.6;8.8
2012;11.11.2012;07:00:39;1034.3;6.19;86.5;8.7
2012;11.11.2012;07:20:40;1034.2;6.03;83.7;8.8
2012;11.11.2012;07:40:39;1034.3;5.943;84.2;8.5
2012;11.11.2012;08:00:41;1034.3;5.781;82.5;8.4
2012;11.11.2012;08:20:39;1034.4;6.049;82.3;9.1
2012;11.11.2012;08:40:40;1034.3;6.263;81.8;9.7
2012;11.11.2012;09:00:39;1034;6.257;89.8;8.3
2012;11.11.2012;09:20:39;1033.8;6.195;87.7;8.5
2012;11.11.2012;09:40:39;1033.6;6.063;87.6;8.2
2012;11.11.2012;10:00:40;1033.5;5.993;86.6;8.2
2012;11.11.2012;10:40:39;1033.3;6.092;86.8;8.4
2012;11.11.2012;11:00:39;1033.3;6.12;87.2;8.4
2012;11.11.2012;11:20:39;1033.3;6.147;86.4;8.6
2012;11.11.2012;11:40:39;1033.2;5.948;82.5;8.8
2012;11.11.2012;12:00:40;1033;6.008;83.3;8.8
2012;11.11.2012;12:00:40;1033;6.008;83.3;8.8
2012;11.11.2012;12:00:40;1033;6.008;83.3;8.8
2012;11.11.2012;12:00:40;1033;6.008;83.3;8.8
2012;11.11.2012;13:20:39;1032.2;5.848;77.3;9.5
2012;11.11.2012;13:40:39;1031.9;5.767;75.2;9.7
2012;11.11.2012;14:00:39;1031.7;5.791;74.5;9.9
2012;11.11.2012;14:20:39;1031.4;5.799;73.1;10.2
2012;11.11.2012;14:20:39;1031.4;5.799;73.1;10.2
2012;11.11.2012;15:00:40;1031.1;5.46;69.3;10.1
2012;11.11.2012;15:20:39;1030.9;5.266;67.3;10
2012;11.11.2012;16:00:39;1030.5;5.513;70.4;10
2012;11.11.2012;16:20:39;1030.2;5.556;71.4;9.9
2012;11.11.2012;16:40:40;1030;5.5;72.1;9.6
2012;11.11.2012;17:00:39;1029.7;5.473;73.2;9.3
2012;11.11.2012;17:40:39;1029.2;5.581;73.1;9.6
2012;11.11.2012;18:00:39;1029;5.552;73.7;9.4
2012;11.11.2012;18:20:39;1028.8;5.471;74.6;9
2012;11.11.2012;18:40:40;1028.7;5.524;77.9;8.5
2012;11.11.2012;19:00:39;1028.5;5.436;77.7;8.3
2012;11.11.2012;19:20:40;1028.3;5.356;77.6;8.1
2012;11.11.2012;19:40:40;1028.1;5.339;78.4;7.9
2012;11.11.2012;20:00:39;1028;5.278;77.5;7.9
2012;11.11.2012;20:40:39;1027.7;5.059;77.4;7.3
2012;11.11.2012;21:00:43;1027.7;5.057;82.3;6.4
2012;11.11.2012;21:20:39;1027.6;5.001;83.1;6.1
2012;11.11.2012;22:00:40;1027.5;5.004;77.6;7.1
2012;11.11.2012;22:20:39;1027.4;4.955;77.9;6.9
2012;11.11.2012;22:40:41;1027.3;4.869;82.6;5.8
2012;11.11.2012;23:00:39;1027.2;4.786;82.9;5.5
2012;11.11.2012;23:20:40;1027;4.687;76.8;6.3
2012;11.11.2012;23:40:39;1026.9;4.607;75.5;6.3
2012;12.11.2012;00:00:40;1026.7;4.529;80.1;5.2
2012;12.11.2012;00:20:40;1026.6;4.559;82.9;4.8
2012;12.11.2012;00:40:39;1026.4;4.572;83.7;4.7
2012;12.11.2012;01:00:39;1026.3;4.379;84.2;4
2012;12.11.2012;01:20:41;1026;4.437;84.1;4.2
2012;12.11.2012;01:40:40;1025.9;4.334;83.9;3.9
2012;12.11.2012;02:00:41;1025.8;4.334;76.6;5.2
2012;12.11.2012;02:20:39;1025.7;4.35;79.6;4.7
2012;12.11.2012;02:40:39;1025.6;4.301;81.5;4.2
2012;12.11.2012;03:00:39;1025.4;4.086;78;4.1
2012;12.11.2012;03:20:43;1025.2;4.177;73.8;5.2
2012;12.11.2012;03:40:39;1025.1;4.136;74.1;5
2012;12.11.2012;04:00:39;1024.9;4.218;74.5;5.2
2012;12.11.2012;04:20:39;1024.7;4.28;78.8;4.6
2012;12.11.2012;04:40:40;1024.6;4.619;81.5;5.2
2012;12.11.2012;05:00:39;1024.4;4.604;87.1;4.2
2012;12.11.2012;05:20:39;1024.1;4.872;90.2;4.5
2012;12.11.2012;05:40:39;1023.8;4.769;88.9;4.4
2012;12.11.2012;06:00:39;1023.6;5.168;93.6;4.8
2012;12.11.2012;06:20:40;1023.4;5.121;94.7;4.5
2012;12.11.2012;06:40:40;1023.3;5.078;95.9;4.2
2012;12.11.2012;07:00:39;1023.3;5.141;96.4;4.3
2012;12.11.2012;07:20:39;1023.4;5.204;96.9;4.4
2012;12.11.2012;07:40:39;1023.4;5.315;96.9;4.7
2012;12.11.2012;08:00:39;1023.4;5.326;97.1;4.7
2012;12.11.2012;08:20:40;1023.4;5.348;97.5;4.7
2012;12.11.2012;08:40:39;1023.4;5.397;97.7;4.8
2012;12.11.2012;09:00:39;1023.4;5.365;97.8;4.7
2012;12.11.2012;09:20:39;1023.2;5.415;98;4.8
2012;12.11.2012;09:40:39;1023.1;5.633;98.4;5.3
2012;12.11.2012;10:00:39;1023;5.725;98.6;5.5
2012;12.11.2012;10:20:39;1022.9;5.806;98.6;5.7
2012;12.11.2012;10:40:39;1022.7;5.854;98.7;5.8
2012;12.11.2012;11:00:39;1022.5;5.849;98.6;5.8
2012;12.11.2012;11:20:40;1022.3;5.914;98.3;6
2012;12.11.2012;12:00:39;1021.7;5.726;95.8;5.9
2012;12.11.2012;12:20:39;1021.5;5.722;94.4;6.1
2012;12.11.2012;13:00:40;1021;5.801;93.7;6.4
2012;12.11.2012;13:20:39;1020.8;5.857;92;6.8
2012;12.11.2012;14:00:41;1020.2;5.913;90.3;7.2
2012;12.11.2012;14:20:39;1020;5.917;87.3;7.7
2012;12.11.2012;14:40:39;1019.7;6.076;87.8;8
2012;12.11.2012;15:00:39;1019.6;6.051;84.5;8.5
2012;12.11.2012;15:40:39;1019.2;6.124;83.2;8.9
2012;12.11.2012;16:00:40;1019;6.054;82.8;8.8
2012;12.11.2012;16:20:39;1018.8;5.89;81.1;8.7
2012;12.11.2012;16:40:39;1018.6;5.952;82.5;8.6
2012;12.11.2012;17:20:39;1018.7;5.954;84.8;8.2
2012;12.11.2012;18:00:38;1018.8;5.821;89.4;7.1
2012;12.11.2012;18:20:39;1018.8;5.888;89.8;7.2
2012;12.11.2012;19:00:39;1018.7;5.713;84.8;7.6
2012;12.11.2012;19:20:42;1018.8;5.8;85.5;7.7
2012;12.11.2012;19:40:39;1018.8;5.519;89.6;6.3
2012;12.11.2012;19:40:39;1018.8;5.519;89.6;6.3
2012;12.11.2012;20:20:41;1019;5.578;86.3;7
2012;12.11.2012;20:20:41;1019;5.578;86.3;7
2012;12.11.2012;21:00:44;1018.8;5.563;90.3;6.3
2012;12.11.2012;21:20:39;1018.7;5.584;91.9;6.1
2012;12.11.2012;21:40:38;1018.8;5.915;95.3;6.4
2012;12.11.2012;22:00:39;1018.8;5.764;95.5;6
2012;12.11.2012;22:20:39;1018.7;5.492;96.9;5.1
2012;12.11.2012;22:40:39;1018.7;5.347;97.7;4.6
2012;12.11.2012;23:00:39;1018.7;5.778;98.4;5.6
2012;12.11.2012;23:20:39;1018.7;5.811;97.6;5.8
2012;12.11.2012;23:40:39;1018.7;5.475;93.3;5.6
2012;13.11.2012;00:00:39;1018.8;5.506;91.9;5.9
2012;13.11.2012;00:20:38;1018.9;5.715;91.5;6.5
2012;13.11.2012;00:40:39;1019;5.694;89.3;6.8
2012;13.11.2012;01:00:39;1019.1;5.562;89.7;6.4
2012;13.11.2012;01:40:39;1019.1;5.516;90.2;6.2
2012;13.11.2012;02:00:39;1019.1;5.587;90.1;6.4
2012;13.11.2012;02:20:39;1019.2;5.61;91.1;6.3
2012;13.11.2012;02:40:39;1019.1;5.724;90.4;6.7
2012;13.11.2012;03:00:39;1019.1;5.96;94.1;6.7
2012;13.11.2012;03:20:39;1019.1;5.894;95;6.4
2012;13.11.2012;03:40:39;1019.2;5.881;94.8;6.4
2012;13.11.2012;04:00:39;1019.2;5.844;94.2;6.4
2012;13.11.2012;04:20:39;1019.2;5.769;94.3;6.2
2012;13.11.2012;04:40:39;1019.2;5.729;94.3;6.1
2012;13.11.2012;05:00:39;1019.2;5.735;94.4;6.1
2012;13.11.2012;05:20:39;1019.2;5.716;94.1;6.1
2012;13.11.2012;05:40:39;1019.2;5.674;93.4;6.1
2012;13.11.2012;06:00:39;1019.1;5.68;93.5;6.1
2012;13.11.2012;06:20:39;1019.1;5.518;93.4;5.7
2012;13.11.2012;06:40:39;1019.1;5.503;93.8;5.6
2012;13.11.2012;07:00:39;1019.2;5.452;93.6;5.5
2012;13.11.2012;07:20:39;1019.4;5.472;93.3;5.6
2012;13.11.2012;07:40:39;1019.6;5.365;92.8;5.4
2012;13.11.2012;08:00:39;1019.9;5.337;91.7;5.5
2012;13.11.2012;08:00:39;1019.9;5.337;91.7;5.5
2012;13.11.2012;08:00:39;1019.9;5.337;91.7;5.5
2012;13.11.2012;08:00:39;1019.9;5.337;91.7;5.5
2012;13.11.2012;08:00:39;1019.9;5.337;91.7;5.5
2012;13.11.2012;08:00:39;1019.9;5.337;91.7;5.5
2012;13.11.2012;08:00:39;1019.9;5.337;91.7;5.5
2012;13.11.2012;08:00:39;1019.9;5.337;91.7;5.5
2012;13.11.2012;08:00:39;1019.9;5.337;91.7;5.5
2012;13.11.2012;08:00:39;1019.9;5.337;91.7;5.5
2012;13.11.2012;08:00:39;1019.9;5.337;91.7;5.5
2012;13.11.2012;08:00:39;1019.9;5.337;91.7;5.5
2012;13.11.2012;08:00:39;1019.9;5.337;91.7;5.5
2012;13.11.2012;08:00:39;1019.9;5.337;91.7;5.5
2012;13.11.2012;08:00:39;1019.9;5.337;91.7;5.5
2012;13.11.2012;08:00:39;1019.9;5.337;91.7;5.5
2012;13.11.2012;08:00:39;1019.9;5.337;91.7;5.5
2012;13.11.2012;08:00:39;1019.9;5.337;91.7;5.5
2012;13.11.2012;08:00:39;1019.9;5.337;91.7;5.5
2012;13.11.2012;08:00:39;1019.9;5.337;91.7;5.5
2012;13.11.2012;08:00:39;1019.9;5.337;91.7;5.5
2012;13.11.2012;08:00:39;1019.9;5.337;91.7;5.5
2012;13.11.2012;08:00:39;1019.9;5.337;91.7;5.5
2012;13.11.2012;08:00:39;1019.9;5.337;91.7;5.5
2012;13.11.2012;08:00:39;1019.9;5.337;91.7;5.5
2012;13.11.2012;08:00:39;1019.9;5.337;91.7;5.5
2012;13.11.2012;08:00:39;1019.9;5.337;91.7;5.5
2012;13.11.2012;08:00:39;1019.9;5.337;91.7;5.5
2012;13.11.2012;08:00:39;1019.9;5.337;91.7;5.5
2012;13.11.2012;08:00:39;1019.9;5.337;91.7;5.5
2012;13.11.2012;08:00:39;1019.9;5.337;91.7;5.5
2012;13.11.2012;08:00:39;1019.9;5.337;91.7;5.5
2012;13.11.2012;08:00:39;1019.9;5.337;91.7;5.5
2012;13.11.2012;08:00:39;1019.9;5.337;91.7;5.5
2012;13.11.2012;08:00:39;1019.9;5.337;91.7;5.5
2012;13.11.2012;08:00:39;1019.9;5.337;91.7;5.5
2012;13.11.2012;08:00:39;1019.9;5.337;91.7;5.5
2012;13.11.2012;08:00:39;1019.9;5.337;91.7;5.5
2012;13.11.2012;08:00:39;1019.9;5.337;91.7;5.5
2012;13.11.2012;08:00:39;1019.9;5.337;91.7;5.5
2012;13.11.2012;08:00:39;1019.9;5.337;91.7;5.5
2012;13.11.2012;08:00:39;1019.9;5.337;91.7;5.5
2012;13.11.2012;08:00:39;1019.9;5.337;91.7;5.5
2012;13.11.2012;08:00:39;1019.9;5.337;91.7;5.5
2012;13.11.2012;08:00:39;1019.9;5.337;91.7;5.5
2012;13.11.2012;08:00:39;1019.9;5.337;91.7;5.5
2012;13.11.2012;08:00:39;1019.9;5.337;91.7;5.5
2012;13.11.2012;08:00:39;1019.9;5.337;91.7;5.5
2012;13.11.2012;08:00:39;1019.9;5.337;91.7;5.5
2012;13.11.2012;08:00:39;1019.9;5.337;91.7;5.5
2012;13.11.2012;08:00:39;1019.9;5.337;91.7;5.5
2012;13.11.2012;08:00:39;1019.9;5.337;91.7;5.5
2012;13.11.2012;08:00:39;1019.9;5.337;91.7;5.5
2012;13.11.2012;08:00:39;1019.9;5.337;91.7;5.5
2012;13.11.2012;08:00:39;1019.9;5.337;91.7;5.5
2012;13.11.2012;08:00:39;1019.9;5.337;91.7;5.5
2012;13.11.2012;08:00:39;1019.9;5.337;91.7;5.5
2012;13.11.2012;08:00:39;1019.9;5.337;91.7;5.5
2012;13.11.2012;08:00:39;1019.9;5.337;91.7;5.5
2012;13.11.2012;08:00:39;1019.9;5.337;91.7;5.5
2012;13.11.2012;08:00:39;1019.9;5.337;91.7;5.5
2012;13.11.2012;08:00:39;1019.9;5.337;91.7;5.5
2012;13.11.2012;08:00:39;1019.9;5.337;91.7;5.5
2012;13.11.2012;08:00:39;1019.9;5.337;91.7;5.5
2012;13.11.2012;08:00:39;1019.9;5.337;91.7;5.5
2012;13.11.2012;08:00:39;1019.9;5.337;91.7;5.5
2012;13.11.2012;08:00:39;1019.9;5.337;91.7;5.5
2012;13.11.2012;08:00:39;1019.9;5.337;91.7;5.5
2012;13.11.2012;08:00:39;1019.9;5.337;91.7;5.5
2012;13.11.2012;08:00:39;1019.9;5.337;91.7;5.5
2012;13.11.2012;08:00:39;1019.9;5.337;91.7;5.5
2012;13.11.2012;08:00:39;1019.9;5.337;91.7;5.5
2012;13.11.2012;08:00:39;1019.9;5.337;91.7;5.5
2012;13.11.2012;08:00:39;1019.9;5.337;91.7;5.5
2012;13.11.2012;08:00:39;1019.9;5.337;91.7;5.5
2012;13.11.2012;08:00:39;1019.9;5.337;91.7;5.5
2012;13.11.2012;08:00:39;1019.9;5.337;91.7;5.5
2012;13.11.2012;08:00:39;1019.9;5.337;91.7;5.5
2012;13.11.2012;08:00:39;1019.9;5.337;91.7;5.5
2012;13.11.2012;08:00:39;1019.9;5.337;91.7;5.5
2012;13.11.2012;08:00:39;1019.9;5.337;91.7;5.5
2012;13.11.2012;08:00:39;1019.9;5.337;91.7;5.5
2012;13.11.2012;08:00:39;1019.9;5.337;91.7;5.5
2012;13.11.2012;08:00:39;1019.9;5.337;91.7;5.5
2012;13.11.2012;08:00:39;1019.9;5.337;91.7;5.5
2012;13.11.2012;08:00:39;1019.9;5.337;91.7;5.5
2012;13.11.2012;08:00:39;1019.9;5.337;91.7;5.5
2012;13.11.2012;08:00:39;1019.9;5.337;91.7;5.5
2012;13.11.2012;08:00:39;1019.9;5.337;91.7;5.5
2012;13.11.2012;08:00:39;1019.9;5.337;91.7;5.5
2012;13.11.2012;08:00:39;1019.9;5.337;91.7;5.5
2012;13.11.2012;08:00:39;1019.9;5.337;91.7;5.5
2012;13.11.2012;08:00:39;1019.9;5.337;91.7;5.5
2012;13.11.2012;08:00:39;1019.9;5.337;91.7;5.5
2012;13.11.2012;08:00:39;1019.9;5.337;91.7;5.5
2012;13.11.2012;08:00:39;1019.9;5.337;91.7;5.5
2012;13.11.2012;08:00:39;1019.9;5.337;91.7;5.5
2012;13.11.2012;08:00:39;1019.9;5.337;91.7;5.5
2012;13.11.2012;08:00:39;1019.9;5.337;91.7;5.5
2012;13.11.2012;08:00:39;1019.9;5.337;91.7;5.5
2012;13.11.2012;08:00:39;1019.9;5.337;91.7;5.5
2012;13.11.2012;08:00:39;1019.9;5.337;91.7;5.5
2012;13.11.2012;08:00:39;1019.9;5.337;91.7;5.5
2012;13.11.2012;08:00:39;1019.9;5.337;91.7;5.5
2012;13.11.2012;08:00:39;1019.9;5.337;91.7;5.5
2012;13.11.2012;08:00:39;1019.9;5.337;91.7;5.5
2012;13.11.2012;08:00:39;1019.9;5.337;91.7;5.5
2012;13.11.2012;08:00:39;1019.9;5.337;91.7;5.5
2012;13.11.2012;08:00:39;1019.9;5.337;91.7;5.5
2012;13.11.2012;08:00:39;1019.9;5.337;91.7;5.5
2012;13.11.2012;08:00:39;1019.9;5.337;91.7;5.5
2012;13.11.2012;08:00:39;1019.9;5.337;91.7;5.5
2012;13.11.2012;08:00:39;1019.9;5.337;91.7;5.5
2012;13.11.2012;08:00:39;1019.9;5.337;91.7;5.5
2012;13.11.2012;08:00:39;1019.9;5.337;91.7;5.5
2012;13.11.2012;08:00:39;1019.9;5.337;91.7;5.5
2012;13.11.2012;08:00:39;1019.9;5.337;91.7;5.5
2012;13.11.2012;08:00:39;1019.9;5.337;91.7;5.5
2012;13.11.2012;08:00:39;1019.9;5.337;91.7;5.5
2012;13.11.2012;08:00:39;1019.9;5.337;91.7;5.5
2012;13.11.2012;08:00:39;1019.9;5.337;91.7;5.5
2012;13.11.2012;08:00:39;1019.9;5.337;91.7;5.5
2012;13.11.2012;08:00:39;1019.9;5.337;91.7;5.5
2012;13.11.2012;08:00:39;1019.9;5.337;91.7;5.5
2012;13.11.2012;08:00:39;1019.9;5.337;91.7;5.5
2012;13.11.2012;08:00:39;1019.9;5.337;91.7;5.5
2012;13.11.2012;08:00:39;1019.9;5.337;91.7;5.5
2012;13.11.2012;08:00:39;1019.9;5.337;91.7;5.5
2012;13.11.2012;08:00:39;1019.9;5.337;91.7;5.5
2012;13.11.2012;08:00:39;1019.9;5.337;91.7;5.5
2012;13.11.2012;08:00:39;1019.9;5.337;91.7;5.5
2012;13.11.2012;08:00:39;1019.9;5.337;91.7;5.5
2012;13.11.2012;08:00:39;1019.9;5.337;91.7;5.5
2012;13.11.2012;08:00:39;1019.9;5.337;91.7;5.5
2012;13.11.2012;08:00:39;1019.9;5.337;91.7;5.5
2012;13.11.2012;08:00:39;1019.9;5.337;91.7;5.5
2012;13.11.2012;08:00:39;1019.9;5.337;91.7;5.5
2012;13.11.2012;08:00:39;1019.9;5.337;91.7;5.5
2012;13.11.2012;08:00:39;1019.9;5.337;91.7;5.5
2012;13.11.2012;08:00:39;1019.9;5.337;91.7;5.5
2012;13.11.2012;08:00:39;1019.9;5.337;91.7;5.5
2012;13.11.2012;08:00:39;1019.9;5.337;91.7;5.5
2012;13.11.2012;08:00:39;1019.9;5.337;91.7;5.5
2012;13.11.2012;08:00:39;1019.9;5.337;91.7;5.5
2012;13.11.2012;08:00:39;1019.9;5.337;91.7;5.5
2012;13.11.2012;08:00:39;1019.9;5.337;91.7;5.5
2012;13.11.2012;08:00:39;1019.9;5.337;91.7;5.5
2012;13.11.2012;08:00:39;1019.9;5.337;91.7;5.5
2012;13.11.2012;08:00:39;1019.9;5.337;91.7;5.5
2012;13.11.2012;08:00:39;1019.9;5.337;91.7;5.5
2012;13.11.2012;08:00:39;1019.9;5.337;91.7;5.5
2012;13.11.2012;08:00:39;1019.9;5.337;91.7;5.5
2012;13.11.2012;08:00:39;1019.9;5.337;91.7;5.5
2012;13.11.2012;08:00:39;1019.9;5.337;91.7;5.5
2012;13.11.2012;08:00:39;1019.9;5.337;91.7;5.5
2012;13.11.2012;08:00:39;1019.9;5.337;91.7;5.5
2012;13.11.2012;08:00:39;1019.9;5.337;91.7;5.5
2012;13.11.2012;08:00:39;1019.9;5.337;91.7;5.5
2012;13.11.2012;08:00:39;1019.9;5.337;91.7;5.5
2012;13.11.2012;08:00:39;1019.9;5.337;91.7;5.5
2012;13.11.2012;08:00:39;1019.9;5.337;91.7;5.5
2012;13.11.2012;08:00:39;1019.9;5.337;91.7;5.5
2012;13.11.2012;08:00:39;1019.9;5.337;91.7;5.5
2012;13.11.2012;08:00:39;1019.9;5.337;91.7;5.5
2012;13.11.2012;08:00:39;1019.9;5.337;91.7;5.5
2012;13.11.2012;08:00:39;1019.9;5.337;91.7;5.5
2012;13.11.2012;08:00:39;1019.9;5.337;91.7;5.5
2012;13.11.2012;08:00:39;1019.9;5.337;91.7;5.5
2012;13.11.2012;08:00:39;1019.9;5.337;91.7;5.5
2012;13.11.2012;08:00:39;1019.9;5.337;91.7;5.5
2012;13.11.2012;08:00:39;1019.9;5.337;91.7;5.5
2012;13.11.2012;08:00:39;1019.9;5.337;91.7;5.5
2012;13.11.2012;08:00:39;1019.9;5.337;91.7;5.5
2012;13.11.2012;08:00:39;1019.9;5.337;91.7;5.5
2012;13.11.2012;08:00:39;1019.9;5.337;91.7;5.5
2012;13.11.2012;08:00:39;1019.9;5.337;91.7;5.5
2012;13.11.2012;08:00:39;1019.9;5.337;91.7;5.5
2012;13.11.2012;08:00:39;1019.9;5.337;91.7;5.5
2012;13.11.2012;08:00:39;1019.9;5.337;91.7;5.5
2012;13.11.2012;08:00:39;1019.9;5.337;91.7;5.5
2012;13.11.2012;08:00:39;1019.9;5.337;91.7;5.5
2012;13.11.2012;08:00:39;1019.9;5.337;91.7;5.5
2012;13.11.2012;08:00:39;1019.9;5.337;91.7;5.5
2012;13.11.2012;08:00:39;1019.9;5.337;91.7;5.5
2012;13.11.2012;08:00:39;1019.9;5.337;91.7;5.5
2012;13.11.2012;08:00:39;1019.9;5.337;91.7;5.5
2012;13.11.2012;08:00:39;1019.9;5.337;91.7;5.5
2012;13.11.2012;08:00:39;1019.9;5.337;91.7;5.5
2012;13.11.2012;08:00:39;1019.9;5.337;91.7;5.5
2012;13.11.2012;08:00:39;1019.9;5.337;91.7;5.5
2012;13.11.2012;08:00:39;1019.9;5.337;91.7;5.5
2012;13.11.2012;08:00:39;1019.9;5.337;91.7;5.5
2012;13.11.2012;08:00:39;1019.9;5.337;91.7;5.5
2012;13.11.2012;08:00:39;1019.9;5.337;91.7;5.5
2012;13.11.2012;08:00:39;1019.9;5.337;91.7;5.5
2012;13.11.2012;08:00:39;1019.9;5.337;91.7;5.5
2012;13.11.2012;08:00:39;1019.9;5.337;91.7;5.5
2012;13.11.2012;08:00:39;1019.9;5.337;91.7;5.5
2012;13.11.2012;08:00:39;1019.9;5.337;91.7;5.5
2012;13.11.2012;08:00:39;1019.9;5.337;91.7;5.5
2012;13.11.2012;08:00:39;1019.9;5.337;91.7;5.5
2012;13.11.2012;08:00:39;1019.9;5.337;91.7;5.5
2012;13.11.2012;08:00:39;1019.9;5.337;91.7;5.5
2012;13.11.2012;08:00:39;1019.9;5.337;91.7;5.5
2012;13.11.2012;08:00:39;1019.9;5.337;91.7;5.5
2012;13.11.2012;08:00:39;1019.9;5.337;91.7;5.5
2012;13.11.2012;08:00:39;1019.9;5.337;91.7;5.5
2012;13.11.2012;08:00:39;1019.9;5.337;91.7;5.5
2012;13.11.2012;08:00:39;1019.9;5.337;91.7;5.5
2012;13.11.2012;08:00:39;1019.9;5.337;91.7;5.5
2012;13.11.2012;08:00:39;1019.9;5.337;91.7;5.5
2012;13.11.2012;08:00:39;1019.9;5.337;91.7;5.5
2012;13.11.2012;08:00:39;1019.9;5.337;91.7;5.5
2012;13.11.2012;08:00:39;1019.9;5.337;91.7;5.5
2012;13.11.2012;08:00:39;1019.9;5.337;91.7;5.5
2012;13.11.2012;08:00:39;1019.9;5.337;91.7;5.5
2012;13.11.2012;08:00:39;1019.9;5.337;91.7;5.5
2012;13.11.2012;08:00:39;1019.9;5.337;91.7;5.5
2012;13.11.2012;08:00:39;1019.9;5.337;91.7;5.5
2012;13.11.2012;08:00:39;1019.9;5.337;91.7;5.5
2012;13.11.2012;08:00:39;1019.9;5.337;91.7;5.5
2012;13.11.2012;08:00:39;1019.9;5.337;91.7;5.5
2012;13.11.2012;08:00:39;1019.9;5.337;91.7;5.5
2012;13.11.2012;08:00:39;1019.9;5.337;91.7;5.5
2012;13.11.2012;08:00:39;1019.9;5.337;91.7;5.5
2012;13.11.2012;08:00:39;1019.9;5.337;91.7;5.5
2012;13.11.2012;08:00:39;1019.9;5.337;91.7;5.5
2012;13.11.2012;08:00:39;1019.9;5.337;91.7;5.5
2012;13.11.2012;08:00:39;1019.9;5.337;91.7;5.5
2012;13.11.2012;08:00:39;1019.9;5.337;91.7;5.5
2012;13.11.2012;08:00:39;1019.9;5.337;91.7;5.5
2012;13.11.2012;08:00:39;1019.9;5.337;91.7;5.5
2012;13.11.2012;08:00:39;1019.9;5.337;91.7;5.5
2012;13.11.2012;08:00:39;1019.9;5.337;91.7;5.5
2012;13.11.2012;08:00:39;1019.9;5.337;91.7;5.5
2012;13.11.2012;08:00:39;1019.9;5.337;91.7;5.5
2012;13.11.2012;08:00:39;1019.9;5.337;91.7;5.5
2012;13.11.2012;08:00:39;1019.9;5.337;91.7;5.5
2012;13.11.2012;08:00:39;1019.9;5.337;91.7;5.5
2012;13.11.2012;08:00:39;1019.9;5.337;91.7;5.5
2012;13.11.2012;08:00:39;1019.9;5.337;91.7;5.5
2012;13.11.2012;08:00:39;1019.9;5.337;91.7;5.5
2012;13.11.2012;08:00:39;1019.9;5.337;91.7;5.5
2012;13.11.2012;08:00:39;1019.9;5.337;91.7;5.5
2012;13.11.2012;08:00:39;1019.9;5.337;91.7;5.5
2012;13.11.2012;08:00:39;1019.9;5.337;91.7;5.5
2012;13.11.2012;08:00:39;1019.9;5.337;91.7;5.5
2012;13.11.2012;08:00:39;1019.9;5.337;91.7;5.5
2012;13.11.2012;08:00:39;1019.9;5.337;91.7;5.5
2012;13.11.2012;08:00:39;1019.9;5.337;91.7;5.5
2012;13.11.2012;08:00:39;1019.9;5.337;91.7;5.5
2012;13.11.2012;08:00:39;1019.9;5.337;91.7;5.5
2012;13.11.2012;08:00:39;1019.9;5.337;91.7;5.5
2012;13.11.2012;08:00:39;1019.9;5.337;91.7;5.5
2012;13.11.2012;08:00:39;1019.9;5.337;91.7;5.5
2012;13.11.2012;08:00:39;1019.9;5.337;91.7;5.5
2012;13.11.2012;08:00:39;1019.9;5.337;91.7;5.5
2012;13.11.2012;08:00:39;1019.9;5.337;91.7;5.5
2012;13.11.2012;08:00:39;1019.9;5.337;91.7;5.5
2012;13.11.2012;08:00:39;1019.9;5.337;91.7;5.5
2012;13.11.2012;08:00:39;1019.9;5.337;91.7;5.5
2012;13.11.2012;08:00:39;1019.9;5.337;91.7;5.5
2012;13.11.2012;08:00:39;1019.9;5.337;91.7;5.5
2012;13.11.2012;08:00:39;1019.9;5.337;91.7;5.5
2012;13.11.2012;08:00:39;1019.9;5.337;91.7;5.5
2012;13.11.2012;08:00:39;1019.9;5.337;91.7;5.5
2012;13.11.2012;08:00:39;1019.9;5.337;91.7;5.5
2012;13.11.2012;08:00:39;1019.9;5.337;91.7;5.5
2012;13.11.2012;08:00:39;1019.9;5.337;91.7;5.5
2012;13.11.2012;08:00:39;1019.9;5.337;91.7;5.5
2012;13.11.2012;08:00:39;1019.9;5.337;91.7;5.5
2012;13.11.2012;08:00:39;1019.9;5.337;91.7;5.5
2012;13.11.2012;08:00:39;1019.9;5.337;91.7;5.5
2012;13.11.2012;08:00:39;1019.9;5.337;91.7;5.5
2012;13.11.2012;08:00:39;1019.9;5.337;91.7;5.5
2012;13.11.2012;08:00:39;1019.9;5.337;91.7;5.5
2012;13.11.2012;08:00:39;1019.9;5.337;91.7;5.5
2012;13.11.2012;08:00:39;1019.9;5.337;91.7;5.5
2012;13.11.2012;08:00:39;1019.9;5.337;91.7;5.5
2012;13.11.2012;08:00:39;1019.9;5.337;91.7;5.5
2012;13.11.2012;08:00:39;1019.9;5.337;91.7;5.5
2012;13.11.2012;08:00:39;1019.9;5.337;91.7;5.5
2012;13.11.2012;08:00:39;1019.9;5.337;91.7;5.5
2012;13.11.2012;08:00:39;1019.9;5.337;91.7;5.5
2012;13.11.2012;08:00:39;1019.9;5.337;91.7;5.5
2012;13.11.2012;08:00:39;1019.9;5.337;91.7;5.5
2012;13.11.2012;08:00:39;1019.9;5.337;91.7;5.5
2012;13.11.2012;08:00:39;1019.9;5.337;91.7;5.5
2012;13.11.2012;08:00:39;1019.9;5.337;91.7;5.5
2012;13.11.2012;08:00:39;1019.9;5.337;91.7;5.5
2012;13.11.2012;08:00:39;1019.9;5.337;91.7;5.5
2012;13.11.2012;08:00:39;1019.9;5.337;91.7;5.5
2012;13.11.2012;08:00:39;1019.9;5.337;91.7;5.5
2012;13.11.2012;08:00:39;1019.9;5.337;91.7;5.5
2012;13.11.2012;08:00:39;1019.9;5.337;91.7;5.5
2012;13.11.2012;08:00:39;1019.9;5.337;91.7;5.5
2012;13.11.2012;08:00:39;1019.9;5.337;91.7;5.5
2012;13.11.2012;08:00:39;1019.9;5.337;91.7;5.5
2012;13.11.2012;08:00:39;1019.9;5.337;91.7;5.5
2012;13.11.2012;08:00:39;1019.9;5.337;91.7;5.5
2012;13.11.2012;08:00:39;1019.9;5.337;91.7;5.5
2012;13.11.2012;08:00:39;1019.9;5.337;91.7;5.5
2012;13.11.2012;08:00:39;1019.9;5.337;91.7;5.5
2012;13.11.2012;08:00:39;1019.9;5.337;91.7;5.5
2012;13.11.2012;08:00:39;1019.9;5.337;91.7;5.5
2012;13.11.2012;08:00:39;1019.9;5.337;91.7;5.5
2012;13.11.2012;08:00:39;1019.9;5.337;91.7;5.5
2012;13.11.2012;08:00:39;1019.9;5.337;91.7;5.5
2012;13.11.2012;08:00:39;1019.9;5.337;91.7;5.5
2012;13.11.2012;08:00:39;1019.9;5.337;91.7;5.5
2012;13.11.2012;08:00:39;1019.9;5.337;91.7;5.5
2012;13.11.2012;08:00:39;1019.9;5.337;91.7;5.5
2012;13.11.2012;08:00:39;1019.9;5.337;91.7;5.5
2012;13.11.2012;08:00:39;1019.9;5.337;91.7;5.5
2012;13.11.2012;08:00:39;1019.9;5.337;91.7;5.5
2012;13.11.2012;08:00:39;1019.9;5.337;91.7;5.5
2012;13.11.2012;08:00:39;1019.9;5.337;91.7;5.5
2012;13.11.2012;08:00:39;1019.9;5.337;91.7;5.5
2012;13.11.2012;08:00:39;1019.9;5.337;91.7;5.5
2012;13.11.2012;08:00:39;1019.9;5.337;91.7;5.5
2012;13.11.2012;08:00:39;1019.9;5.337;91.7;5.5
2012;13.11.2012;08:00:39;1019.9;5.337;91.7;5.5
2012;13.11.2012;08:00:39;1019.9;5.337;91.7;5.5
2012;13.11.2012;08:00:39;1019.9;5.337;91.7;5.5
2012;13.11.2012;08:00:39;1019.9;5.337;91.7;5.5
2012;13.11.2012;08:00:39;1019.9;5.337;91.7;5.5
2012;13.11.2012;08:00:39;1019.9;5.337;91.7;5.5
2012;13.11.2012;08:00:39;1019.9;5.337;91.7;5.5
2012;13.11.2012;08:00:39;1019.9;5.337;91.7;5.5
2012;13.11.2012;08:00:39;1019.9;5.337;91.7;5.5
2012;13.11.2012;08:00:39;1019.9;5.337;91.7;5.5
2012;13.11.2012;08:00:39;1019.9;5.337;91.7;5.5
2012;13.11.2012;08:00:39;1019.9;5.337;91.7;5.5
2012;13.11.2012;08:00:39;1019.9;5.337;91.7;5.5
2012;13.11.2012;08:00:39;1019.9;5.337;91.7;5.5
2012;13.11.2012;08:00:39;1019.9;5.337;91.7;5.5
2012;13.11.2012;08:00:39;1019.9;5.337;91.7;5.5
2012;13.11.2012;08:00:39;1019.9;5.337;91.7;5.5
2012;13.11.2012;08:00:39;1019.9;5.337;91.7;5.5
2012;13.11.2012;08:00:39;1019.9;5.337;91.7;5.5
2012;13.11.2012;08:00:39;1019.9;5.337;91.7;5.5
2012;13.11.2012;08:00:39;1019.9;5.337;91.7;5.5
2012;13.11.2012;08:00:39;1019.9;5.337;91.7;5.5
2012;13.11.2012;08:00:39;1019.9;5.337;91.7;5.5
2012;13.11.2012;08:00:39;1019.9;5.337;91.7;5.5
2012;13.11.2012;08:00:39;1019.9;5.337;91.7;5.5
2012;13.11.2012;08:00:39;1019.9;5.337;91.7;5.5
2012;13.11.2012;08:00:39;1019.9;5.337;91.7;5.5
2012;13.11.2012;08:00:39;1019.9;5.337;91.7;5.5
2012;13.11.2012;08:00:39;1019.9;5.337;91.7;5.5
2012;13.11.2012;08:00:39;1019.9;5.337;91.7;5.5
2012;13.11.2012;08:00:39;1019.9;5.337;91.7;5.5
2012;13.11.2012;08:00:39;1019.9;5.337;91.7;5.5
2012;13.11.2012;08:00:39;1019.9;5.337;91.7;5.5
2012;13.11.2012;08:00:39;1019.9;5.337;91.7;5.5
2012;13.11.2012;08:00:39;1019.9;5.337;91.7;5.5
2012;13.11.2012;08:00:39;1019.9;5.337;91.7;5.5
2012;13.11.2012;08:00:39;1019.9;5.337;91.7;5.5
2012;13.11.2012;08:00:39;1019.9;5.337;91.7;5.5
2012;13.11.2012;08:00:39;1019.9;5.337;91.7;5.5
2012;13.11.2012;08:00:39;1019.9;5.337;91.7;5.5
2012;13.11.2012;08:00:39;1019.9;5.337;91.7;5.5
2012;13.11.2012;08:00:39;1019.9;5.337;91.7;5.5
2012;13.11.2012;08:00:39;1019.9;5.337;91.7;5.5
2012;13.11.2012;08:00:39;1019.9;5.337;91.7;5.5
2012;13.11.2012;08:00:39;1019.9;5.337;91.7;5.5
2012;13.11.2012;08:00:39;1019.9;5.337;91.7;5.5
2012;13.11.2012;08:00:39;1019.9;5.337;91.7;5.5
2012;13.11.2012;08:00:39;1019.9;5.337;91.7;5.5
2012;13.11.2012;08:00:39;1019.9;5.337;91.7;5.5
2012;13.11.2012;08:00:39;1019.9;5.337;91.7;5.5
2012;13.11.2012;08:00:39;1019.9;5.337;91.7;5.5
2012;13.11.2012;08:00:39;1019.9;5.337;91.7;5.5
2012;13.11.2012;08:00:39;1019.9;5.337;91.7;5.5
2012;13.11.2012;08:00:39;1019.9;5.337;91.7;5.5
2012;13.11.2012;08:00:39;1019.9;5.337;91.7;5.5
2012;13.11.2012;08:00:39;1019.9;5.337;91.7;5.5
2012;13.11.2012;08:00:39;1019.9;5.337;91.7;5.5
2012;13.11.2012;08:00:39;1019.9;5.337;91.7;5.5
2012;13.11.2012;08:00:39;1019.9;5.337;91.7;5.5
2012;13.11.2012;08:00:39;1019.9;5.337;91.7;5.5
2012;13.11.2012;08:00:39;1019.9;5.337;91.7;5.5
2012;13.11.2012;08:00:39;1019.9;5.337;91.7;5.5
2012;13.11.2012;08:00:39;1019.9;5.337;91.7;5.5
2012;13.11.2012;08:00:39;1019.9;5.337;91.7;5.5
2012;13.11.2012;08:00:39;1019.9;5.337;91.7;5.5
2012;13.11.2012;08:00:39;1019.9;5.337;91.7;5.5
2012;13.11.2012;08:00:39;1019.9;5.337;91.7;5.5
2012;13.11.2012;08:00:39;1019.9;5.337;91.7;5.5
2012;13.11.2012;08:00:39;1019.9;5.337;91.7;5.5
2012;13.11.2012;08:00:39;1019.9;5.337;91.7;5.5
2012;13.11.2012;08:00:39;1019.9;5.337;91.7;5.5
2012;13.11.2012;08:00:39;1019.9;5.337;91.7;5.5
2012;13.11.2012;08:00:39;1019.9;5.337;91.7;5.5
2012;13.11.2012;08:00:39;1019.9;5.337;91.7;5.5
2012;13.11.2012;08:00:39;1019.9;5.337;91.7;5.5
2012;13.11.2012;08:00:39;1019.9;5.337;91.7;5.5
2012;13.11.2012;08:00:39;1019.9;5.337;91.7;5.5
2012;13.11.2012;08:00:39;1019.9;5.337;91.7;5.5
2012;13.11.2012;08:00:39;1019.9;5.337;91.7;5.5
2012;13.11.2012;08:00:39;1019.9;5.337;91.7;5.5
2012;13.11.2012;08:00:39;1019.9;5.337;91.7;5.5
2012;13.11.2012;08:00:39;1019.9;5.337;91.7;5.5
2012;13.11.2012;08:00:39;1019.9;5.337;91.7;5.5
2012;13.11.2012;08:00:39;1019.9;5.337;91.7;5.5
2012;13.11.2012;08:00:39;1019.9;5.337;91.7;5.5
2012;13.11.2012;08:00:39;1019.9;5.337;91.7;5.5
2012;13.11.2012;08:00:39;1019.9;5.337;91.7;5.5
2012;13.11.2012;08:00:39;1019.9;5.337;91.7;5.5
2012;13.11.2012;08:00:39;1019.9;5.337;91.7;5.5
2012;13.11.2012;08:00:39;1019.9;5.337;91.7;5.5
2012;13.11.2012;08:00:39;1019.9;5.337;91.7;5.5
2012;13.11.2012;08:00:39;1019.9;5.337;91.7;5.5
2012;13.11.2012;08:00:39;1019.9;5.337;91.7;5.5
2012;13.11.2012;08:00:39;1019.9;5.337;91.7;5.5
2012;13.11.2012;08:00:39;1019.9;5.337;91.7;5.5
2012;13.11.2012;08:00:39;1019.9;5.337;91.7;5.5
2012;13.11.2012;08:00:39;1019.9;5.337;91.7;5.5
2012;13.11.2012;08:00:39;1019.9;5.337;91.7;5.5
2012;13.11.2012;08:00:39;1019.9;5.337;91.7;5.5
2012;13.11.2012;08:00:39;1019.9;5.337;91.7;5.5
2012;13.11.2012;08:00:39;1019.9;5.337;91.7;5.5
2012;13.11.2012;08:00:39;1019.9;5.337;91.7;5.5
2012;13.11.2012;08:00:39;1019.9;5.337;91.7;5.5
2012;13.11.2012;08:00:39;1019.9;5.337;91.7;5.5
2012;13.11.2012;08:00:39;1019.9;5.337;91.7;5.5
2012;13.11.2012;08:00:39;1019.9;5.337;91.7;5.5
2012;13.11.2012;08:00:39;1019.9;5.337;91.7;5.5
2012;13.11.2012;08:00:39;1019.9;5.337;91.7;5.5
2012;13.11.2012;08:00:39;1019.9;5.337;91.7;5.5
2012;13.11.2012;08:00:39;1019.9;5.337;91.7;5.5
2012;13.11.2012;08:00:39;1019.9;5.337;91.7;5.5
2012;13.11.2012;08:00:39;1019.9;5.337;91.7;5.5
2012;13.11.2012;08:00:39;1019.9;5.337;91.7;5.5
2012;13.11.2012;08:00:39;1019.9;5.337;91.7;5.5
2012;13.11.2012;08:00:39;1019.9;5.337;91.7;5.5
2012;13.11.2012;08:00:39;1019.9;5.337;91.7;5.5
2012;13.11.2012;08:00:39;1019.9;5.337;91.7;5.5
2012;13.11.2012;08:00:39;1019.9;5.337;91.7;5.5
2012;13.11.2012;08:00:39;1019.9;5.337;91.7;5.5
2012;13.11.2012;08:00:39;1019.9;5.337;91.7;5.5
2012;13.11.2012;08:00:39;1019.9;5.337;91.7;5.5
2012;13.11.2012;08:00:39;1019.9;5.337;91.7;5.5
2012;13.11.2012;08:00:39;1019.9;5.337;91.7;5.5
2012;13.11.2012;08:00:39;1019.9;5.337;91.7;5.5
2012;13.11.2012;08:00:39;1019.9;5.337;91.7;5.5
2012;13.11.2012;08:00:39;1019.9;5.337;91.7;5.5
2012;13.11.2012;08:00:39;1019.9;5.337;91.7;5.5
2012;13.11.2012;08:00:39;1019.9;5.337;91.7;5.5
2012;13.11.2012;08:00:39;1019.9;5.337;91.7;5.5
2012;13.11.2012;08:00:39;1019.9;5.337;91.7;5.5
2012;13.11.2012;08:00:39;1019.9;5.337;91.7;5.5
2012;13.11.2012;08:00:39;1019.9;5.337;91.7;5.5
2012;13.11.2012;08:00:39;1019.9;5.337;91.7;5.5
2012;13.11.2012;08:00:39;1019.9;5.337;91.7;5.5
2012;13.11.2012;08:00:39;1019.9;5.337;91.7;5.5
2012;13.11.2012;08:00:39;1019.9;5.337;91.7;5.5
2012;13.11.2012;08:00:39;1019.9;5.337;91.7;5.5
2012;13.11.2012;08:00:39;1019.9;5.337;91.7;5.5
2012;13.11.2012;08:00:39;1019.9;5.337;91.7;5.5
2012;13.11.2012;08:00:39;1019.9;5.337;91.7;5.5
2012;13.11.2012;08:00:39;1019.9;5.337;91.7;5.5
2012;13.11.2012;08:00:39;1019.9;5.337;91.7;5.5
2012;13.11.2012;08:00:39;1019.9;5.337;91.7;5.5
2012;13.11.2012;08:00:39;1019.9;5.337;91.7;5.5
2012;13.11.2012;08:00:39;1019.9;5.337;91.7;5.5
2012;13.11.2012;08:00:39;1019.9;5.337;91.7;5.5
2012;13.11.2012;08:00:39;1019.9;5.337;91.7;5.5
2012;13.11.2012;08:00:39;1019.9;5.337;91.7;5.5
2012;13.11.2012;08:00:39;1019.9;5.337;91.7;5.5
2012;13.11.2012;08:00:39;1019.9;5.337;91.7;5.5
2012;13.11.2012;08:00:39;1019.9;5.337;91.7;5.5
2012;13.11.2012;08:00:39;1019.9;5.337;91.7;5.5
2012;13.11.2012;08:00:39;1019.9;5.337;91.7;5.5
2012;13.11.2012;08:00:39;1019.9;5.337;91.7;5.5
2012;13.11.2012;08:00:39;1019.9;5.337;91.7;5.5
2012;13.11.2012;08:00:39;1019.9;5.337;91.7;5.5
2012;13.11.2012;08:00:39;1019.9;5.337;91.7;5.5
2012;13.11.2012;08:00:39;1019.9;5.337;91.7;5.5
2012;13.11.2012;08:00:39;1019.9;5.337;91.7;5.5
2012;13.11.2012;08:00:39;1019.9;5.337;91.7;5.5
2012;13.11.2012;08:00:39;1019.9;5.337;91.7;5.5
2012;13.11.2012;08:00:39;1019.9;5.337;91.7;5.5
2012;13.11.2012;08:00:39;1019.9;5.337;91.7;5.5
2012;13.11.2012;08:00:39;1019.9;5.337;91.7;5.5
2012;13.11.2012;08:00:39;1019.9;5.337;91.7;5.5
2012;13.11.2012;08:00:39;1019.9;5.337;91.7;5.5
2012;21.11.2012;09:00:39;1029.6;3.403;76.3;1.9
2012;21.11.2012;09:20:42;1029.6;3.442;75;2.3
2012;21.11.2012;09:40:39;1029.5;3.49;75.5;2.4
2012;21.11.2012;10:00:39;1029.2;3.552;75.2;2.7
2012;21.11.2012;10:20:40;1029;3.726;74.5;3.5
2012;21.11.2012;10:40:39;1029.1;3.787;75.7;3.5
2012;21.11.2012;11:00:39;1029;3.621;70.9;3.8
2012;21.11.2012;11:20:39;1029.3;3.574;72.5;3.3
2012;21.11.2012;11:40:42;1029.3;3.579;80.2;1.9
2012;21.11.2012;12:00:39;1029.3;3.749;89.6;1
2012;21.11.2012;12:20:39;1029.2;3.838;91.7;1
2012;21.11.2012;13:00:39;1028.9;3.845;92.5;0.9
2012;21.11.2012;13:20:39;1028.7;3.924;93.7;1
2012;21.11.2012;13:40:39;1028.6;4.005;92.9;1.4
2012;21.11.2012;14:00:39;1028.5;3.816;93.8;0.6
2012;21.11.2012;16:00:39;1028.5;4.008;94.3;1.2
2012;21.11.2012;16:40:39;1028.4;4.021;95.3;1.1
2012;21.11.2012;17:00:39;1028.5;4.008;95;1.1
2012;21.11.2012;17:20:40;1028.7;4.075;95.2;1.3
2012;21.11.2012;17:40:39;1028.8;3.978;95;1
2012;21.11.2012;18:00:39;1028.9;4.057;95.5;1.2
2012;21.11.2012;18:20:40;1029;4.092;93.6;1.6
2012;21.11.2012;19:00:39;1029.2;4.115;92.8;1.8
2012;21.11.2012;19:20:39;1029.3;4.182;92.3;2.1
2012;21.11.2012;19:40:39;1029.4;4.092;89.7;2.2
2012;21.11.2012;20:20:39;1029.6;4.128;90.5;2.2
2012;21.11.2012;21:00:39;1029.7;4.137;86.3;2.9
2012;21.11.2012;21:20:41;1029.7;4.117;86.5;2.8
2012;21.11.2012;21:40:39;1029.8;4.102;86.8;2.7
2012;21.11.2012;22:00:39;1029.8;4.054;85.2;2.8
2012;21.11.2012;22:20:39;1029.8;3.855;82.2;2.6
2012;21.11.2012;22:40:39;1029.9;3.827;81.6;2.6
2012;21.11.2012;23:00:39;1029.9;3.698;80;2.4
2012;21.11.2012;23:20:39;1030;3.62;78.9;2.3
2012;21.11.2012;23:40:39;1030.1;3.528;76.9;2.3
2012;22.11.2012;00:00:39;1030.3;3.511;77.1;2.2
2012;22.11.2012;00:20:40;1030.3;3.539;79.4;1.9
2012;22.11.2012;00:40:39;1030.3;3.418;77.8;1.7
2012;22.11.2012;01:00:42;1030.4;3.378;76.9;1.7
2012;22.11.2012;01:20:40;1030.5;3.52;80.7;1.6
2012;22.11.2012;01:40:39;1030.5;3.413;79.4;1.4
2012;22.11.2012;02:00:39;1030.6;3.354;78.6;1.3
2012;22.11.2012;02:20:39;1030.7;3.325;78.5;1.2
2012;22.11.2012;02:40:39;1030.8;3.331;79.2;1.1
2012;22.11.2012;03:00:39;1030.8;3.349;80.8;0.9
2012;22.11.2012;03:20:40;1030.8;3.34;80;1
2012;22.11.2012;03:40:39;1030.8;3.279;79.1;0.9
2012;22.11.2012;04:00:39;1030.8;3.276;79.6;0.8
2012;22.11.2012;04:20:39;1030.8;3.306;82.1;0.5
2012;22.11.2012;04:40:39;1030.9;3.461;84.1;0.8
2012;22.11.2012;05:00:39;1031.1;3.345;81.9;0.7
2012;22.11.2012;05:20:39;1031.2;3.283;79.8;0.8
2012;22.11.2012;05:40:41;1031.4;3.315;78.3;1.2
2012;22.11.2012;06:00:40;1031.4;3.214;75.4;1.3
2012;22.11.2012;06:20:39;1031.3;3.226;74.6;1.5
2012;22.11.2012;06:40:39;1031.3;3.176;72.9;1.6
2012;22.11.2012;07:00:39;1031.4;3.087;71.9;1.4
2012;22.11.2012;07:20:40;1031.5;3.151;76.1;0.9
2012;22.11.2012;07:40:40;1031.5;3.197;75;1.3
2012;22.11.2012;08:00:40;1031.3;3.167;72.2;1.7
2012;22.11.2012;08:20:39;1031.3;3.2;75.6;1.2
2012;22.11.2012;08:40:39;1031.3;3.283;77;1.3
2012;22.11.2012;09:00:39;1031.4;3.3;75.2;1.7
2012;22.11.2012;09:20:39;1031.4;3.256;74.2;1.7
2012;22.11.2012;09:40:39;1031.5;3.371;73.6;2.3
2012;22.11.2012;10:00:39;1031.6;3.196;69.8;2.3
2012;22.11.2012;10:20:40;1031.7;3.139;67.6;2.5
2012;22.11.2012;10:40:40;1031.8;3.108;66;2.7
2012;22.11.2012;11:00:41;1031.8;3.082;65;2.8
2012;22.11.2012;11:20:39;1031.8;3.154;70.9;1.9
2012;22.11.2012;11:40:40;1031.8;3.019;65.5;2.4
2012;22.11.2012;12:00:39;1031.7;3;66.5;2.1
2012;22.11.2012;12:20:39;1031.7;3.108;66;2.7
2012;22.11.2012;12:40:40;1031.6;3.026;62.9;3
2012;22.11.2012;13:00:39;1031.4;2.99;62.6;2.9
2012;22.11.2012;13:20:39;1031.3;3.058;63.1;3.1
2012;22.11.2012;13:40:39;1031.2;2.944;62.5;2.7
2012;22.11.2012;14:00:44;1031.1;2.776;56.5;3.3
2012;22.11.2012;14:20:39;1031;2.977;65;2.3
2012;22.11.2012;14:40:39;1031;2.896;60.6;2.9
2012;22.11.2012;15:00:41;1031.1;2.94;62.4;2.7
2012;22.11.2012;15:20:41;1031.2;2.982;65.6;2.2
2012;22.11.2012;15:40:39;1031.3;2.888;64;2.1
2012;22.11.2012;16:00:39;1031.5;3.068;65.6;2.6
2012;22.11.2012;16:20:40;1031.5;3.141;70.1;2
2012;22.11.2012;16:40:39;1031.5;3.065;68.9;1.9
2012;22.11.2012;17:00:39;1031.5;3.119;69.1;2.1
2012;22.11.2012;17:20:40;1031.7;3.091;71;1.6
2012;22.11.2012;17:40:39;1031.8;3.164;73.2;1.5
2012;22.11.2012;18:00:39;1031.8;3.089;72.5;1.3
2012;22.11.2012;18:20:39;1031.8;3.145;70.7;1.9
2012;22.11.2012;18:40:39;1031.8;3.113;70.5;1.8
2012;22.11.2012;19:00:39;1031.8;3.086;74;1
2012;22.11.2012;19:20:39;1031.9;3.165;75.9;1
2012;22.11.2012;19:40:39;1032;3.15;77.2;0.7
2012;22.11.2012;20:00:42;1032.2;3.259;77.6;1.1
2012;22.11.2012;20:20:39;1032.2;3.09;76.3;0.6
2012;22.11.2012;20:40:41;1032.2;3.098;73.8;1.1
2012;22.11.2012;21:00:41;1032.3;3.085;75.1;0.8
2012;22.11.2012;21:20:39;1032.5;3.162;78.1;0.6
2012;22.11.2012;21:40:39;1032.6;3.125;77.2;0.6
2012;22.11.2012;22:00:39;1032.5;3.183;77.5;0.8
2012;22.11.2012;22:20:39;1032.4;3.207;77.5;0.9
2012;22.11.2012;22:40:39;1032.2;3.347;79.7;1.1
2012;22.11.2012;23:20:39;1032.2;3.245;78.4;0.9
2012;22.11.2012;23:40:39;1032.2;3.331;79.9;1
2012;23.11.2012;00:00:39;1032.1;3.287;79.4;0.9
2012;23.11.2012;00:20:39;1032;3.237;78.2;0.9
2012;23.11.2012;00:40:39;1031.9;3.294;81.3;0.6
2012;23.11.2012;01:00:39;1031.8;3.347;82;0.7
2012;23.11.2012;01:20:40;1031.6;3.343;81.3;0.8
2012;23.11.2012;01:40:40;1031.4;3.506;84;1
2012;23.11.2012;02:20:39;1031.1;3.57;81.3;1.7
2012;23.11.2012;03:00:39;1030.7;3.607;83.3;1.5
2012;23.11.2012;03:20:39;1030.5;3.534;82.2;1.4
2012;23.11.2012;03:40:39;1030.4;3.537;80.5;1.7
2012;23.11.2012;04:00:39;1030.1;3.541;80;1.8
2012;23.11.2012;04:20:39;1029.9;3.488;78.8;1.8
2012;23.11.2012;04:40:39;1029.8;3.411;76.5;1.9
2012;23.11.2012;05:00:39;1029.7;3.499;77.9;2
2012;23.11.2012;05:20:39;1029.5;3.479;78;1.9
2012;23.11.2012;05:40:38;1029.4;3.441;77.7;1.8
2012;23.11.2012;06:00:39;1029.3;3.335;76.4;1.6
2012;23.11.2012;06:20:39;1029.2;3.358;76.9;1.6
2012;23.11.2012;06:40:39;1029.2;3.473;78.4;1.8
2012;23.11.2012;07:00:39;1029.2;3.386;77;1.7
2012;23.11.2012;07:20:39;1029.2;3.413;77.6;1.7
2012;23.11.2012;07:40:40;1029.1;3.367;77.1;1.6
2012;23.11.2012;08:00:39;1029;3.374;76.7;1.7
2012;23.11.2012;08:20:39;1029;3.258;72.5;2
2012;23.11.2012;08:40:40;1029;3.064;69.2;1.8
2012;23.11.2012;09:00:39;1029;2.92;62.3;2.6
2012;23.11.2012;09:20:41;1029;2.732;58.3;2.6
2012;23.11.2012;09:40:40;1028.9;2.595;55.4;2.6
2012;23.11.2012;10:40:39;1029.2;2.439;53.6;2.2
2012;23.11.2012;11:00:39;1029.1;2.41;54.1;1.9
2012;23.11.2012;11:20:40;1029;2.568;55.6;2.4
2012;23.11.2012;11:40:42;1028.8;2.519;53;2.8
2012;23.11.2012;12:00:39;1028.5;2.607;58.9;1.8
2012;23.11.2012;12:20:39;1028.2;2.51;55.9;2
2012;23.11.2012;12:40:39;1028.1;2.288;51.7;1.8
2012;23.11.2012;13:00:39;1027.7;2.259;52.5;1.4
2012;23.11.2012;13:20:40;1027.4;2.433;55.7;1.6
2012;23.11.2012;14:00:39;1027.2;2.338;52.4;1.9
2012;23.11.2012;14:20:39;1027;2.317;54.6;1.2
2012;23.11.2012;14:40:40;1027;2.417;58.6;0.8
2012;23.11.2012;15:00:40;1026.8;2.248;55.7;0.5
2012;23.11.2012;15:20:41;1026.9;2.504;60.7;0.8
2012;23.11.2012;15:40:40;1027;2.375;59.7;0.3
2012;23.11.2012;16:00:39;1027.1;2.514;63.2;0.3
2012;23.11.2012;16:40:39;1027.1;2.328;60.7;-0.2
2012;23.11.2012;17:40:40;1027.2;2.545;68.3;-0.6
2012;23.11.2012;18:00:39;1027.2;2.482;67.6;-0.8
2012;23.11.2012;18:20:39;1027.1;2.395;66.2;-1
2012;23.11.2012;18:40:39;1027;2.323;64.2;-1
2012;23.11.2012;19:00:39;1027;2.326;62.9;-0.7
2012;23.11.2012;19:20:39;1027;2.308;62.4;-0.7
2012;23.11.2012;19:40:39;1026.9;2.281;63.5;-1.1
2012;23.11.2012;20:00:39;1026.9;2.284;63.6;-1.1
2012;23.11.2012;20:20:39;1026.8;2.306;66.1;-1.5
2012;23.11.2012;20:40:39;1026.8;2.272;63.7;-1.2
2012;23.11.2012;21:00:42;1026.7;2.26;62.9;-1.1
2012;23.11.2012;21:20:39;1026.6;2.292;65.7;-1.5
2012;23.11.2012;21:40:39;1026.5;2.33;65.8;-1.3
2012;24.11.2012;18:20:41;1013.5;2.08;70.9;-4
2012;24.11.2012;18:40:40;1013.1;2.131;71.5;-3.8
2012;24.11.2012;19:00:39;1012.8;2.101;70.5;-3.8
2012;24.11.2012;19:20:39;1012.5;2.099;70.4;-3.8
2012;24.11.2012;19:40:41;1012.1;2.104;72.7;-4.2
2012;24.11.2012;20:20:39;1010.8;2.057;69.4;-3.9
2012;24.11.2012;21:00:39;1009.6;2.126;68.5;-3.3
2012;24.11.2012;21:20:40;1009.1;2.122;67.3;-3.1
2012;24.11.2012;21:40:39;1008.6;2.103;65.2;-2.8
2012;24.11.2012;22:00:40;1008.2;2.11;65.4;-2.8
2012;24.11.2012;22:20:39;1007.6;2.134;66.6;-2.9
2012;24.11.2012;22:40:39;1007;2.187;68.2;-2.9
2012;24.11.2012;23:00:39;1006.5;2.109;61.5;-2
2012;24.11.2012;23:20:42;1006;2.072;59.5;-1.8
2012;24.11.2012;23:40:39;1005.5;2.088;59.5;-1.7
2012;25.11.2012;00:00:40;1005;2.124;59.6;-1.5
2012;25.11.2012;00:20:40;1004.4;2.048;56.6;-1.3
2012;25.11.2012;00:40:39;1003.7;2.315;67.3;-2
2012;25.11.2012;01:00:40;1002.9;2.219;64;-1.9
2012;25.11.2012;01:20:42;1002.2;2.063;56.5;-1.2
2012;25.11.2012;01:40:39;1001.5;2.096;58.2;-1.4
2012;25.11.2012;02:00:40;1000.8;2.12;58.4;-1.3
2012;25.11.2012;02:20:42;1000.2;2.146;58.2;-1.1
2012;25.11.2012;02:40:40;999.6;2.439;65.6;-1
2012;25.11.2012;03:00:40;998.9;2.42;66;-1.2
2012;25.11.2012;03:20:40;998.2;2.68;75.2;-1.6
2012;25.11.2012;03:40:40;997.7;2.914;82.9;-1.8
2012;25.11.2012;04:00:39;997.3;3.029;85.5;-1.7
2012;25.11.2012;04:20:39;996.9;3.025;86.6;-1.9
2012;25.11.2012;04:40:39;996.6;3.057;87.5;-1.9
2012;25.11.2012;05:00:41;996.3;3.044;87.1;-1.9
2012;25.11.2012;05:20:39;996;3.026;88.5;-2.2
2012;25.11.2012;05:40:39;995.8;3.077;89.3;-2.1
2012;25.11.2012;06:00:40;995.6;3.138;89.7;-1.9
2012;25.11.2012;06:20:39;995.6;3.227;90.9;-1.7
2012;25.11.2012;06:40:39;995.7;3.236;92.5;-1.9
2012;25.11.2012;07:00:39;995.7;3.289;94;-1.9
2012;25.11.2012;07:20:39;995.8;3.639;94.5;-0.6
2012;25.11.2012;07:40:41;995.8;3.618;84.9;0.8
2012;25.11.2012;08:00:40;995.9;3.58;84;0.8
2012;25.11.2012;08:20:40;996;3.664;86.6;0.7
2012;25.11.2012;08:40:39;996.2;3.703;86.9;0.8
2012;25.11.2012;09:00:39;996.4;3.695;85.5;1
2012;25.11.2012;09:20:39;996.6;3.495;80.9;1
2012;25.11.2012;09:40:39;996.7;3.486;81.3;0.9
2012;25.11.2012;10:20:39;996.9;3.574;85.8;0.5
2012;25.11.2012;10:40:39;997;3.692;91.9;0
2012;25.11.2012;11:00:39;997.1;3.672;88.8;0.4
2012;25.11.2012;11:20:39;997;3.696;86.2;0.9
2012;25.11.2012;11:40:39;997;3.641;87.4;0.5
2012;25.11.2012;12:00:39;997;3.579;89.1;0
2012;25.11.2012;12:20:39;996.9;3.512;86.8;0.1
2012;25.11.2012;12:40:42;996.7;3.437;83.1;0.4
2012;25.11.2012;13:00:39;996.6;3.337;78.4;0.8
2012;25.11.2012;13:20:39;996.6;3.116;72.7;0.9
2012;25.11.2012;13:40:39;996.5;2.926;67.3;1.1
2012;25.11.2012;14:00:39;996.5;2.857;66.2;1
2012;25.11.2012;14:20:39;996.4;2.84;65.8;1
2012;25.11.2012;14:40:41;996.3;2.867;65;1.3
2012;25.11.2012;15:00:42;996.3;2.823;65.4;1
2012;25.11.2012;15:20:39;996.3;2.838;66.7;0.8
2012;25.11.2012;15:40:39;996.3;2.846;66.4;0.9
2012;25.11.2012;16:20:40;996.3;2.718;61.2;1.4
2012;25.11.2012;16:40:39;996.2;2.606;59.1;1.3
2012;25.11.2012;17:00:39;996.2;2.593;62.3;0.5
2012;25.11.2012;17:20:40;996.2;2.576;62.8;0.3
2012;25.11.2012;17:40:40;996.3;2.526;63.4;-0.1
2012;25.11.2012;18:00:39;996.3;2.486;61.5;0.1
2012;25.11.2012;18:20:39;996.4;2.532;64.5;-0.3
2012;25.11.2012;19:00:39;996.6;2.447;62.8;-0.4
2012;25.11.2012;19:20:40;996.6;2.451;62;-0.2
2012;25.11.2012;19:40:39;996.7;2.473;62.1;-0.1
2012;25.11.2012;20:00:39;996.7;2.463;62.3;-0.2
2012;25.11.2012;20:20:39;996.8;2.435;62.5;-0.4
2012;25.11.2012;20:40:40;996.9;2.38;59.8;-0.1
2012;25.11.2012;21:20:40;997.3;2.387;63.6;-0.9
2012;25.11.2012;21:40:40;997.4;2.373;63.7;-1
2012;25.11.2012;22:00:39;997.4;2.338;61.4;-0.7
2012;25.11.2012;22:20:39;997.4;2.344;62.9;-1
2012;25.11.2012;22:40:39;997.4;2.319;66.5;-1.9
2012;25.11.2012;23:00:39;997.3;2.331;70.4;-2.6
2012;25.11.2012;23:20:39;997.2;2.35;68.9;-2.2
2012;25.11.2012;23:40:42;997.1;2.325;63.3;-1.2
2012;26.11.2012;00:00:39;997;2.32;64.1;-1.4
2012;26.11.2012;00:20:39;996.9;2.293;67.2;-2.2
2012;26.11.2012;00:40:39;996.8;2.278;64.8;-1.8
2012;26.11.2012;01:00:42;996.7;2.213;61.6;-1.5
2012;26.11.2012;01:20:39;996.6;2.23;61.6;-1.4
2012;26.11.2012;01:40:40;996.5;2.241;61.9;-1.4
2012;26.11.2012;02:00:39;996.5;2.231;64.4;-2
2012;26.11.2012;02:20:40;996.7;2.177;68.2;-3.1
2012;26.11.2012;02:40:39;996.8;2.157;68.6;-3.3
2012;26.11.2012;03:00:40;996.9;2.175;64.7;-2.4
2012;26.11.2012;03:20:39;996.9;2.078;63.7;-2.8
2012;26.11.2012;03:40:39;996.9;2.099;62;-2.3
2012;26.11.2012;04:00:39;996.9;2.086;63;-2.6
2012;26.11.2012;04:20:39;996.8;2.088;64;-2.8
2012;26.11.2012;04:40:40;996.8;2.049;64.2;-3.1
2012;26.11.2012;05:00:39;996.8;2.04;64.4;-3.2
2012;26.11.2012;05:20:38;996.9;2.027;64.5;-3.3
2012;26.11.2012;05:40:39;996.8;2.039;63.9;-3.1
2012;26.11.2012;06:00:41;996.7;2.072;62.1;-2.5
2012;26.11.2012;06:20:41;996.7;2.098;62.4;-2.4
2012;26.11.2012;06:40:39;996.7;2.074;60.8;-2.2
2012;26.11.2012;07:00:39;996.7;2.15;62.1;-2
2012;26.11.2012;07:20:39;996.7;2.109;65.1;-2.9
2012;26.11.2012;07:40:39;996.8;2.077;65.1;-3.1
2012;26.11.2012;08:00:39;996.9;2.101;63.9;-2.7
2012;26.11.2012;08:20:39;997;2.07;64.4;-3
2012;26.11.2012;08:40:41;997.2;2.037;65.3;-3.4
2012;26.11.2012;09:00:40;997.4;2.075;64.1;-2.9
2012;26.11.2012;09:20:39;997.4;2.131;63.9;-2.5
2012;26.11.2012;09:40:39;997.5;2.425;72.7;-2.5
2012;26.11.2012;10:00:42;997.7;2.217;65.5;-2.3
2012;26.11.2012;10:20:39;997.8;2.206;61;-1.4
2012;26.11.2012;10:40:40;997.9;2.196;61.2;-1.5
2012;26.11.2012;11:00:40;997.8;2.408;65.6;-1.2
2012;26.11.2012;11:20:41;997.6;2.636;72.3;-1.3
2012;26.11.2012;11:40:39;997.4;2.824;76.3;-1.1
2012;26.11.2012;12:00:39;997.2;2.838;75;-0.8
2012;26.11.2012;12:20:41;997;2.702;71.4;-0.8
2012;26.11.2012;12:40:39;996.9;2.743;70.4;-0.4
2012;26.11.2012;13:00:39;996.8;2.86;72.3;-0.2
2012;26.11.2012;13:20:41;996.7;3.009;74.4;0.1
2012;26.11.2012;13:40:40;996.4;3.118;75.4;0.4
2012;26.11.2012;14:00:39;996.1;3.166;74.9;0.7
2012;26.11.2012;14:40:39;996;3.228;75.8;0.8
2012;26.11.2012;15:20:39;995.9;3.061;72.4;0.7
2012;26.11.2012;15:40:42;995.7;3.019;71.4;0.7
2012;26.11.2012;16:20:39;995.4;3.025;73.1;0.4
2012;26.11.2012;16:40:39;995.4;3.076;73.8;0.5
2012;26.11.2012;17:00:39;995.4;3.065;74.6;0.3
2012;26.11.2012;17:20:40;995.5;2.986;74.3;0
2012;26.11.2012;17:40:39;995.6;2.998;74.6;0
2012;26.11.2012;18:00:39;995.8;2.992;71.8;0.5
2012;26.11.2012;18:20:39;996;2.968;72.3;0.3
2012;26.11.2012;18:40:39;996.3;2.916;75.3;-0.5
2012;26.11.2012;19:00:41;996.4;2.984;75.4;-0.2
2012;26.11.2012;19:20:39;996.6;2.899;73.8;-0.3
2012;26.11.2012;19:40:40;996.7;2.842;70.3;0.1
2012;26.11.2012;20:00:40;996.8;2.752;67.6;0.2
2012;26.11.2012;20:20:40;996.9;2.688;67;0
2012;26.11.2012;20:40:39;997;2.669;69.5;-0.6
2012;26.11.2012;21:20:39;997.2;2.645;68.9;-0.6
2012;26.11.2012;21:40:40;997.2;2.51;62.6;0
2012;26.11.2012;22:00:39;997.3;2.476;74.2;-2.5
2012;26.11.2012;22:20:39;997.4;2.409;73.3;-2.7
2012;26.11.2012;22:40:39;997.4;2.378;67.2;-1.7
2012;26.11.2012;23:00:39;997.4;2.4;64.4;-1
2012;26.11.2012;23:20:39;997.5;2.322;68.6;-2.3
2012;26.11.2012;23:40:40;997.7;2.378;67.2;-1.7
2012;27.11.2012;00:00:40;997.8;2.283;71.6;-3.1
2012;27.11.2012;00:20:42;997.8;2.278;72.5;-3.3
2012;27.11.2012;00:40:39;997.8;2.258;72.4;-3.4
2012;27.11.2012;01:00:39;997.9;2.209;73;-3.8
2012;27.11.2012;01:20:39;997.9;2.191;70.8;-3.5
2012;27.11.2012;01:40:39;997.9;2.182;70;-3.4
2012;27.11.2012;02:00:39;998;2.155;70.7;-3.7
2012;27.11.2012;02:20:40;998.1;2.082;70.4;-4.1
2012;27.11.2012;02:40:39;998;2.103;63.1;-2.5
2012;27.11.2012;03:00:39;998;2.082;67.8;-3.6
2012;27.11.2012;03:20:40;998;2.093;64.7;-2.9
2012;27.11.2012;03:40:38;998.1;2.126;66.7;-3.1
2012;27.11.2012;04:00:41;998.2;2.021;69.9;-4.4
2012;27.11.2012;04:20:39;998.2;2.132;72.1;-4.1
2012;27.11.2012;04:40:39;998.2;2.121;69.6;-3.7
2012;27.11.2012;05:00:39;998.1;2.22;72.3;-3.6
2012;27.11.2012;05:20:39;998.1;2.121;69.1;-3.6
2012;27.11.2012;05:40:39;998.2;2.035;67.8;-3.9
2012;27.11.2012;06:00:39;998.2;2.008;66.4;-3.8
2012;27.11.2012;06:20:39;998.2;1.978;66.4;-4
2012;27.11.2012;06:40:40;998.2;1.984;66.6;-4
2012;27.11.2012;07:00:39;998.3;1.945;66.8;-4.3
2012;27.11.2012;07:20:39;998.4;1.918;73.8;-5.8
2012;27.11.2012;07:40:39;998.5;1.947;68.4;-4.6
2012;27.11.2012;08:00:38;998.7;1.95;63.1;-3.5
2012;27.11.2012;08:20:39;998.8;1.903;66.9;-4.6
2012;27.11.2012;08:40:39;998.8;1.915;62.9;-3.7
2012;27.11.2012;09:00:41;998.8;2.091;69.2;-3.8
2012;27.11.2012;09:20:39;998.8;2.04;65.5;-3.4
2012;27.11.2012;09:40:40;998.8;2.057;64.6;-3.1
2012;27.11.2012;10:00:39;998.9;2.157;62.9;-2.1
2012;27.11.2012;10:20:40;998.9;2.239;62;-1.4
2012;27.11.2012;10:40:39;998.8;2.253;63.3;-1.6
2012;27.11.2012;11:00:39;998.7;2.519;66.7;-0.8
2012;27.11.2012;11:20:39;998.6;2.637;68.3;-0.5
2012;27.11.2012;11:40:39;998.5;2.704;69.5;-0.4
2012;27.11.2012;12:00:40;998.4;2.752;68.7;0
2012;27.11.2012;12:20:39;998.3;2.681;67.4;-0.1
2012;27.11.2012;12:40:39;998.2;2.673;64.8;0.4
2012;27.11.2012;13:20:39;998.1;3.285;77.3;0.8
2012;27.11.2012;13:40:41;998;3.379;77.8;1.1
2012;27.11.2012;14:00:41;998;3.384;75.7;1.5
2012;27.11.2012;14:20:40;998.1;3.141;68.8;1.8
2012;27.11.2012;15:00:39;998.2;3.476;77.2;1.6
2012;27.11.2012;15:20:38;998.3;3.299;73.3;1.6
2012;27.11.2012;15:40:40;998.3;3.039;66.6;1.8
2012;27.11.2012;16:00:39;998.4;3.007;65.9;1.8
2012;27.11.2012;16:20:39;998.5;2.66;57.1;2.1
2012;27.11.2012;17:20:39;998.8;2.925;66;1.4
2012;27.11.2012;17:40:40;998.9;2.927;67;1.2
2012;27.11.2012;18:20:39;999.1;2.791;62.1;1.6
2012;27.11.2012;19:00:41;999.3;2.754;63.1;1.2
2012;27.11.2012;19:20:39;999.5;2.794;63.1;1.4
2012;27.11.2012;19:40:39;999.7;2.85;63.9;1.5
2012;27.11.2012;20:00:40;999.8;2.847;63.4;1.6
2012;27.11.2012;20:40:39;1000.1;2.906;66.6;1.2
2012;27.11.2012;21:00:40;1000.1;2.903;67.5;1
2012;27.11.2012;21:20:39;1000.1;2.829;64.4;1.3
2012;27.11.2012;21:40:38;1000.2;2.756;61.4;1.6
2012;27.11.2012;22:00:42;1000.4;2.714;62.7;1.1
2012;27.11.2012;22:20:39;1000.4;2.7;64.2;0.7
2012;27.11.2012;22:40:41;1000.5;2.766;63.9;1.1
2012;27.11.2012;23:00:40;1000.5;2.723;62.9;1.1
2012;27.11.2012;23:20:40;1000.6;2.711;62.2;1.2
2012;27.11.2012;23:40:39;1000.8;2.684;59;1.8
2012;28.11.2012;00:00:40;1000.9;2.661;58.5;1.8
2012;28.11.2012;00:20:40;1000.8;2.76;61.1;1.7
2012;28.11.2012;00:40:40;1000.8;2.76;61.1;1.7
2012;28.11.2012;01:00:40;1001;2.743;61.6;1.5
2012;28.11.2012;01:20:39;1001;2.714;61.4;1.4
2012;28.11.2012;01:40:39;1001;2.673;59.6;1.6
2012;28.11.2012;02:00:39;1001.1;2.714;61.4;1.4
2012;28.11.2012;02:20:39;1001.2;2.696;59.7;1.7
2012;28.11.2012;02:40:39;1001.2;2.655;58.8;1.7
2012;28.11.2012;03:00:41;1001.3;2.595;58.3;1.5
2012;28.11.2012;03:20:40;1001.4;2.564;56.4;1.8
2012;28.11.2012;03:40:41;1001.5;2.598;58.4;1.5
2012;28.11.2012;04:00:39;1001.4;2.577;57.5;1.6
2012;28.11.2012;04:20:39;1001.4;2.587;57.3;1.7
2012;28.11.2012;04:40:39;1001.4;2.56;56.3;1.8
2012;28.11.2012;05:20:40;1001.4;2.473;56.8;1.2
2012;28.11.2012;05:40:39;1001.4;2.485;57.9;1
2012;28.11.2012;06:00:41;1001.4;2.458;58.1;0.8
2012;28.11.2012;06:20:39;1001.4;2.364;54.3;1.2
2012;28.11.2012;06:40:39;1001.5;2.36;54.6;1.1
2012;28.11.2012;07:00:39;1001.5;2.313;52;1.5
2012;28.11.2012;07:20:39;1001.6;2.369;52.5;1.7
2012;28.11.2012;07:40:39;1001.8;2.366;51.7;1.9
2012;28.11.2012;08:00:39;1002.1;2.351;51.4;1.9
2012;28.11.2012;08:20:40;1002.3;2.516;54.6;2
2012;28.11.2012;08:40:39;1002.4;2.507;56;1.6
2012;28.11.2012;09:00:39;1002.7;2.642;58.6;1.7
2012;28.11.2012;09:20:41;1003;2.735;57.3;2.5
2012;28.11.2012;09:40:39;1003.1;2.738;58.2;2.3
2012;28.11.2012;10:00:39;1003.2;2.704;58.3;2.1
2012;28.11.2012;10:20:40;1003.4;2.695;55.3;2.8
2012;28.11.2012;10:40:39;1003.5;2.677;53.4;3.2
2012;28.11.2012;11:00:39;1003.7;2.787;56;3.1
2012;28.11.2012;11:20:40;1003.7;2.981;60.3;3
2012;28.11.2012;11:40:40;1003.7;2.995;59.3;3.3
2012;28.11.2012;12:20:39;1003.8;3.033;58.8;3.6
2012;28.11.2012;12:40:39;1003.7;3.055;58.4;3.8
2012;28.11.2012;13:00:39;1003.7;3.045;57.8;3.9
2012;28.11.2012;13:20:39;1003.7;3.11;58.2;4.1
2012;28.11.2012;13:40:39;1003.7;3.153;59;4.1
2012;28.11.2012;14:00:41;1003.8;3.173;59.8;4
2012;28.11.2012;14:20:39;1003.8;3.23;61.3;3.9
2012;28.11.2012;14:40:39;1003.7;3.305;62.7;3.9
2012;28.11.2012;15:00:39;1003.8;3.328;64.5;3.6
2012;28.11.2012;15:20:41;1004;3.322;65.3;3.4
2012;28.11.2012;15:40:39;1004.1;3.412;68.5;3.1
2012;28.11.2012;16:00:39;1004.1;3.477;70.8;2.9
2012;28.11.2012;16:20:40;1004.1;3.556;72.4;2.9
2012;28.11.2012;16:40:39;1004.1;3.596;74.8;2.6
2012;28.11.2012;17:20:40;1004.3;3.745;79;2.4
2012;28.11.2012;17:40:39;1004.4;3.724;78;2.5
2012;28.11.2012;18:00:39;1004.5;3.723;78;2.5
2012;28.11.2012;18:20:39;1004.5;3.766;80.6;2.2
2012;28.11.2012;18:40:39;1004.5;3.742;80.1;2.2
2012;28.11.2012;19:00:40;1004.6;3.711;78.3;2.4
2012;28.11.2012;19:20:41;1004.6;3.699;74.8;3
2012;28.11.2012;20:00:39;1004.8;3.554;74.5;2.5
2012;28.11.2012;20:20:39;1004.8;3.617;75.8;2.5
2012;28.11.2012;20:40:39;1004.9;3.707;77.7;2.5
2012;28.11.2012;21:40:39;1005.2;3.689;76.8;2.6
2012;28.11.2012;22:20:39;1005.3;3.538;76.9;2
2012;28.11.2012;22:40:39;1005.4;3.577;76.1;2.3
2012;28.11.2012;23:00:39;1005.5;3.526;71.9;2.9
2012;28.11.2012;23:20:39;1005.6;3.387;68.6;3
2012;28.11.2012;23:40:40;1005.7;3.387;68.6;3
2012;29.11.2012;00:00:40;1005.8;3.706;74.5;3.1
2012;29.11.2012;00:20:42;1005.8;3.713;75.7;2.9
2012;29.11.2012;00:40:39;1005.8;3.535;72.1;2.9
2012;29.11.2012;01:00:39;1005.8;3.905;79.6;2.9
2012;29.11.2012;01:20:39;1005.7;3.783;79.9;2.4
2012;29.11.2012;01:40:40;1005.7;3.879;83.1;2.2
2012;29.11.2012;02:00:40;1005.7;3.837;85.2;1.7
2012;29.11.2012;02:20:40;1005.7;3.688;82.5;1.6
2012;29.11.2012;02:40:39;1005.7;3.467;75.4;2
2012;29.11.2012;03:00:39;1005.7;3.523;76.6;2
2012;29.11.2012;03:20:40;1005.6;3.492;73.8;2.4
2012;29.11.2012;03:40:40;1005.7;3.583;74.1;2.7
2012;29.11.2012;04:00:39;1005.4;3.761;77.2;2.8
2012;29.11.2012;04:20:39;1005.4;3.82;78.4;2.8
2012;29.11.2012;04:40:39;1005.4;3.926;82.3;2.5
2012;29.11.2012;05:00:39;1005.5;3.903;83;2.3
2012;29.11.2012;05:20:39;1005.6;3.922;83.4;2.3
2012;29.11.2012;05:40:39;1005.5;3.945;85.1;2.1
2012;29.11.2012;06:00:39;1005.5;3.964;85.5;2.1
2012;29.11.2012;06:20:40;1005.6;4.016;86;2.2
2012;29.11.2012;06:40:39;1005.7;3.946;87.6;1.7
2012;29.11.2012;07:00:39;1005.7;3.958;88.5;1.6
2012;29.11.2012;07:20:41;1005.6;3.958;88.5;1.6
2012;29.11.2012;07:40:39;1005.7;4.088;88.8;2
2012;29.11.2012;08:00:39;1005.8;4.053;86.2;2.3
2012;29.11.2012;08:20:39;1005.9;4.14;86.8;2.5
2012;29.11.2012;08:40:40;1006;4.155;89;2.2
2012;29.11.2012;09:00:39;1006.1;4.106;88.6;2.1
2012;29.11.2012;09:20:39;1006.1;4.106;88.6;2.1
2012;29.11.2012;09:40:40;1006.3;4.157;87.8;2.4
2012;29.11.2012;10:00:39;1006.4;3.871;78.4;3
2012;29.11.2012;10:40:41;1006.5;3.861;77.1;3.2
2012;29.11.2012;11:00:39;1006.5;3.676;72.4;3.4
2012;29.11.2012;11:20:41;1006.3;3.698;71.8;3.6
2012;29.11.2012;11:40:39;1006.3;3.772;72.2;3.8
2012;29.11.2012;12:00:39;1006.3;3.672;69.8;3.9
2012;29.11.2012;12:20:39;1006.2;3.767;70.1;4.2
2012;29.11.2012;12:40:39;1006.1;3.787;69;4.5
2012;29.11.2012;13:00:39;1006;3.842;69.5;4.6
2012;29.11.2012;13:20:40;1006;3.802;68.3;4.7
2012;29.11.2012;13:40:40;1005.9;3.825;68.7;4.7
2012;29.11.2012;14:00:39;1006;3.858;69.3;4.7
2012;29.11.2012;14:20:39;1006.1;3.768;67.7;4.7
2012;29.11.2012;14:40:40;1006.2;3.793;67.2;4.9
2012;29.11.2012;15:00:43;1006.3;3.783;67.5;4.8
2012;29.11.2012;15:20:40;1006.3;3.845;68.6;4.8
2012;29.11.2012;15:40:39;1006.3;3.834;68.4;4.8
2012;29.11.2012;16:00:40;1006.2;3.93;70.6;4.7
2012;29.11.2012;16:20:39;1006.2;3.969;71.8;4.6
2012;29.11.2012;16:40:40;1006.2;4.005;74.5;4.2
2012;29.11.2012;17:00:39;1006.2;3.924;73;4.2
2012;29.11.2012;17:20:39;1006.2;3.848;72.1;4.1
2012;29.11.2012;18:00:40;1006.4;3.879;73.2;4
2012;29.11.2012;18:20:39;1006.5;4.03;75.5;4.1
2012;29.11.2012;18:40:40;1006.6;4.063;75.6;4.2
2012;29.11.2012;19:00:39;1006.8;4.08;75.4;4.3
2012;29.11.2012;19:20:39;1006.9;4.045;76.9;3.9
2012;29.11.2012;19:40:40;1007.1;3.868;76.2;3.4
2012;29.11.2012;20:20:39;1007.4;4.001;79.4;3.3
2012;29.11.2012;20:40:40;1007.6;4.1;83.1;3
2012;29.11.2012;21:20:42;1007.9;4.163;85;2.9
2012;29.11.2012;21:40:39;1008.1;4.113;84.6;2.8
2012;29.11.2012;22:00:39;1008.3;4.025;84;2.6
2012;29.11.2012;22:20:40;1008.4;3.871;81.4;2.5
2012;29.11.2012;22:40:40;1008.6;3.99;85.1;2.3
2012;29.11.2012;23:00:41;1008.8;3.965;85.2;2.2
2012;29.11.2012;23:20:41;1009;3.983;85.6;2.2
2012;29.11.2012;23:40:41;1009.1;4.031;85.4;2.4
2012;30.11.2012;00:00:39;1009.2;3.722;80.6;2.1
2012;30.11.2012;00:20:41;1009.4;3.684;84.5;1.3
2012;30.11.2012;00:40:41;1009.5;3.85;85.2;1.8
2012;30.11.2012;01:00:40;1009.6;3.831;86;1.6
2012;30.11.2012;01:20:39;1009.8;4.057;88.5;2
2012;30.11.2012;01:40:39;1009.9;4.049;89.6;1.8
2012;30.11.2012;02:00:43;1010.2;4.034;89.3;1.8
2012;30.11.2012;02:20:40;1010.3;4.09;89.9;1.9
2012;30.11.2012;02:40:39;1010.5;4.046;89.6;1.8
2012;30.11.2012;03:00:40;1010.7;4.032;89.3;1.8
2012;30.11.2012;03:20:41;1010.8;4.019;88.4;1.9
2012;30.11.2012;03:40:40;1011;3.849;85.9;1.7
2012;30.11.2012;04:00:39;1011.1;3.776;84.9;1.6
2012;30.11.2012;04:20:38;1011.1;3.816;85.8;1.6
2012;30.11.2012;04:40:40;1011.3;3.857;86.1;1.7
2012;30.11.2012;05:00:40;1011.4;3.861;86.2;1.7
2012;30.11.2012;05:20:39;1011.5;3.847;85.3;1.8
2012;30.11.2012;05:40:39;1011.6;3.852;84.8;1.9
2012;30.11.2012;06:00:41;1011.7;3.911;86.1;1.9
2012;30.11.2012;06:20:38;1011.9;3.905;86;1.9
2012;30.11.2012;06:40:40;1012;3.909;86.7;1.8
2012;30.11.2012;07:00:40;1012.1;3.894;87;1.7
2012;30.11.2012;07:20:40;1012.3;3.932;88.5;1.6
2012;30.11.2012;07:40:41;1012.5;3.894;85.8;1.9
2012;30.11.2012;08:00:40;1012.7;3.861;85.1;1.9
2012;30.11.2012;08:20:39;1012.9;3.953;86.5;2
2012;30.11.2012;08:40:41;1013.2;3.805;83.9;1.9
2012;30.11.2012;09:00:40;1013.5;3.817;84.2;1.9
2012;30.11.2012;09:20:40;1013.7;3.848;85.5;1.8
2012;30.11.2012;10:00:42;1014;3.838;84.7;1.9
2012;30.11.2012;10:20:39;1014.2;3.833;84;2
2012;30.11.2012;11:40:41;1014.5;3.868;82.4;2.4
2012;30.11.2012;12:00:40;1014.5;3.895;81.8;2.6
2012;30.11.2012;12:20:39;1014.6;3.917;81.1;2.8
2012;30.11.2012;12:40:39;1014.6;3.84;78.4;3
2012;30.11.2012;13:00:39;1014.6;3.763;76.3;3.1
2012;30.11.2012;13:20:40;1014.5;3.669;76;2.8
2012;30.11.2012;13:40:41;1014.5;3.737;77.4;2.8
2012;30.11.2012;14:00:40;1014.5;3.703;76.7;2.8
2012;30.11.2012;14:20:40;1014.4;3.648;76.1;2.7
2012;30.11.2012;14:40:41;1014.4;3.64;75.4;2.8
2012;30.11.2012;15:00:40;1014.3;3.56;72.7;3
2012;30.11.2012;15:20:40;1014.4;3.63;73.6;3.1
2012;30.11.2012;15:40:41;1014.4;3.591;72.3;3.2
2012;30.11.2012;16:00:41;1014.5;3.564;72.8;3
2012;30.11.2012;16:40:41;1014.6;3.543;72.9;2.9
2012;30.11.2012;17:00:39;1014.7;3.582;73.7;2.9
2012;30.11.2012;17:40:42;1014.8;3.656;78.5;2.3
2012;30.11.2012;18:00:39;1014.9;3.652;77.3;2.5
2012;30.11.2012;18:40:39;1015;3.606;76.9;2.4
2012;30.11.2012;19:00:42;1015.1;3.62;77.2;2.4
2012;30.11.2012;19:20:40;1015.1;3.573;76.2;2.4
2012;30.11.2012;19:40:41;1015.1;3.563;78.2;2
2012;30.11.2012;20:00:39;1015.2;3.592;77.7;2.2
2012;30.11.2012;20:20:39;1015.2;3.521;80.1;1.5
2012;30.11.2012;20:40:39;1015.2;3.423;84.3;0.4
2012;30.11.2012;21:00:39;1015.3;3.453;79.7;1.3
2012;30.11.2012;21:20:39;1015.4;3.365;81.7;0.6
2012;30.11.2012;21:40:39;1015.4;3.34;81.7;0.5
2012;30.11.2012;22:00:41;1015.4;3.292;78.8;0.8
2012;30.11.2012;22:20:41;1015.4;3.299;80.7;0.5
2012;30.11.2012;22:40:42;1015.3;3.315;78.2;1
2012;30.11.2012;23:00:41;1015.3;3.277;76.2;1.2
2012;30.11.2012;23:20:41;1015.3;3.274;76.7;1.1
2012;30.11.2012;23:40:42;1015.3;3.266;77.6;0.9
