2012;01.12.2012;00:00:41;1015.2;3.251;77.8;0.8
2012;01.12.2012;00:20:43;1015.1;3.216;87.1;-0.9
2012;01.12.2012;00:40:43;1015.1;3.247;85.4;-0.5
2012;01.12.2012;01:00:42;1015.1;3.256;85;-0.4
2012;01.12.2012;01:20:39;1015;3.403;84.4;0.3
2012;01.12.2012;01:40:39;1014.9;3.325;84.9;-0.1
2012;01.12.2012;02:00:40;1014.9;3.313;84.6;-0.1
2012;01.12.2012;02:20:39;1014.9;3.338;82.8;0.3
2012;01.12.2012;02:40:39;1014.8;3.275;79.5;0.6
2012;01.12.2012;03:00:39;1014.7;3.351;82.5;0.4
2012;01.12.2012;03:20:39;1014.6;3.42;81.2;0.9
2012;01.12.2012;03:40:39;1014.5;3.404;84.4;0.3
2012;01.12.2012;04:00:40;1014.3;3.4;84.9;0.2
2012;01.12.2012;04:20:39;1014.2;3.393;84.7;0.2
2012;01.12.2012;04:40:39;1014.1;3.373;84.2;0.2
2012;01.12.2012;05:00:39;1014;3.201;81.1;0
2012;01.12.2012;05:20:39;1013.9;3.253;82.4;0
2012;01.12.2012;05:40:39;1013.9;3.428;86.8;0
2012;01.12.2012;06:00:39;1013.9;3.398;87.3;-0.2
2012;01.12.2012;06:20:39;1013.9;3.453;88.7;-0.2
2012;01.12.2012;06:40:39;1013.9;3.412;88.3;-0.3
2012;01.12.2012;07:00:39;1013.9;3.416;88.4;-0.3
2012;01.12.2012;07:20:39;1013.9;3.433;88.2;-0.2
2012;01.12.2012;07:40:40;1013.9;3.307;85.6;-0.3
2012;01.12.2012;08:00:39;1014;3.272;84.1;-0.2
2012;01.12.2012;08:20:40;1014;3.244;84.6;-0.4
2012;01.12.2012;08:40:40;1014;3.3;84.8;-0.2
2012;01.12.2012;09:00:39;1014;3.392;87.8;-0.3
2012;01.12.2012;09:20:39;1013.9;3.41;88.9;-0.4
2012;01.12.2012;09:40:39;1013.9;3.272;87.2;-0.7
2012;01.12.2012;10:00:40;1013.8;3.061;82.8;-0.9
2012;01.12.2012;10:20:40;1013.8;3.204;85.4;-0.7
2012;01.12.2012;10:40:40;1013.8;3.213;85;-0.6
2012;01.12.2012;11:00:42;1013.7;3.191;82.6;-0.3
2012;01.12.2012;11:20:39;1013.6;3.234;84.3;-0.4
2012;01.12.2012;11:40:39;1013.4;3.183;84.8;-0.7
2012;01.12.2012;12:00:39;1013.2;3.175;85.2;-0.8
2012;01.12.2012;12:20:39;1013;3.192;86.9;-1
2012;01.12.2012;12:40:41;1012.9;3.17;86.3;-1
2012;01.12.2012;13:00:39;1012.8;3.146;85;-0.9
2012;01.12.2012;13:40:40;1012.5;3.114;82.9;-0.7
2012;01.12.2012;14:00:40;1012.4;3.092;81.7;-0.6
2012;01.12.2012;14:20:39;1012.3;2.994;79.7;-0.7
2012;01.12.2012;14:40:39;1012.2;3.026;78.8;-0.4
2012;01.12.2012;15:00:40;1012.1;3.031;79.5;-0.5
2012;01.12.2012;15:40:40;1011.9;2.955;77.5;-0.5
2012;01.12.2012;16:20:40;1011.7;2.925;76.7;-0.5
2012;01.12.2012;16:40:39;1011.6;2.925;76.7;-0.5
2012;01.12.2012;17:00:39;1011.4;2.919;77.1;-0.6
2012;01.12.2012;17:20:40;1011.4;2.974;77.4;-0.4
2012;01.12.2012;17:40:40;1011.3;3;77.5;-0.3
2012;01.12.2012;18:00:39;1011.2;3.034;77.8;-0.2
2012;01.12.2012;18:20:39;1011.1;3.058;78.4;-0.2
2012;01.12.2012;18:40:40;1010.9;3.031;80;-0.6
2012;01.12.2012;19:00:41;1010.8;2.996;78.5;-0.5
2012;01.12.2012;19:40:39;1010.6;3.054;79.4;-0.4
2012;01.12.2012;20:00:40;1010.5;3.089;80.3;-0.4
2012;01.12.2012;21:20:40;1010.2;3.289;83.6;-0.1
2012;01.12.2012;22:00:41;1010;3.194;84.8;-0.7
2012;01.12.2012;22:20:40;1009.9;3.197;85.5;-0.8
2012;01.12.2012;22:40:40;1009.7;3.173;86.1;-1
2012;01.12.2012;23:20:41;1009.5;3.153;86.8;-1.2
2012;01.12.2012;23:40:41;1009.3;3.194;87.9;-1.2
2012;02.12.2012;00:00:42;1009.2;3.212;88.4;-1.2
2012;02.12.2012;00:20:43;1009.1;3.147;87.9;-1.4
2012;02.12.2012;00:40:43;1008.9;3.118;85.8;-1.2
2012;02.12.2012;01:00:40;1008.8;3.166;87.1;-1.2
2012;02.12.2012;01:20:41;1008.6;3.251;88.1;-1
2012;02.12.2012;01:40:41;1008.5;3.155;88.7;-1.5
2012;02.12.2012;02:00:40;1008.3;3.186;88.9;-1.4
2012;02.12.2012;02:20:39;1008.2;3.199;88.6;-1.3
2012;02.12.2012;02:40:43;1008.1;3.187;90.9;-1.7
2012;02.12.2012;03:00:39;1007.9;3.151;91.2;-1.9
2012;02.12.2012;03:20:39;1007.6;3.171;90.4;-1.7
2012;02.12.2012;03:40:39;1007.5;3.066;88.7;-1.9
2012;02.12.2012;04:00:40;1007.4;3.099;87.7;-1.6
2012;02.12.2012;04:20:39;1007.3;2.955;87.4;-2.2
2012;02.12.2012;04:40:39;1007.3;2.966;87.1;-2.1
2012;02.12.2012;05:00:39;1007.2;2.941;87;-2.2
2012;02.12.2012;05:20:39;1007;3.025;90.1;-2.3
2012;02.12.2012;05:40:39;1006.7;3.015;89.8;-2.3
2012;02.12.2012;06:00:39;1006.5;3.054;91.6;-2.4
2012;02.12.2012;06:20:43;1006.3;3.117;92.1;-2.2
2012;02.12.2012;06:40:41;1006.2;3.075;92.2;-2.4
2012;02.12.2012;07:00:39;1006;3.018;92.5;-2.7
2012;02.12.2012;07:20:39;1005.9;3.057;94.4;-2.8
2012;02.12.2012;07:40:39;1005.8;3.041;94.6;-2.9
2012;02.12.2012;08:00:40;1005.8;3.009;95;-3.1
2012;02.12.2012;08:20:39;1005.8;2.945;94.4;-3.3
2012;02.12.2012;08:40:41;1005.6;2.936;94.1;-3.3
2012;02.12.2012;09:00:40;1005.3;2.93;91.8;-3
2012;02.12.2012;09:20:40;1005.3;2.91;88.5;-2.6
2012;02.12.2012;09:40:40;1005.3;2.86;88.3;-2.8
2012;02.12.2012;10:00:39;1005.4;2.837;88.9;-3
2012;02.12.2012;10:40:40;1005.5;2.844;87.8;-2.8
2012;02.12.2012;11:00:39;1005.3;2.854;88.1;-2.8
2012;02.12.2012;11:20:39;1005.1;2.897;86.8;-2.4
2012;02.12.2012;11:40:39;1004.8;2.931;84.6;-1.9
2012;02.12.2012;12:00:39;1004.6;2.991;83.8;-1.5
2012;02.12.2012;12:20:39;1004.3;2.903;85;-2.1
2012;02.12.2012;13:00:39;1003.6;3.047;85.9;-1.6
2012;02.12.2012;13:20:39;1003.2;3.12;86;-1.3
2012;02.12.2012;14:00:39;1002.3;3.088;83.8;-1.1
2012;02.12.2012;14:20:39;1002;3.112;83.2;-0.9
2012;02.12.2012;14:40:42;1001.7;3.19;82.8;-0.5
2012;02.12.2012;15:00:39;1001.5;3.156;81.3;-0.4
2012;02.12.2012;15:20:39;1001.3;3.172;81.7;-0.4
2012;02.12.2012;15:40:39;1001.1;3.216;82.2;-0.3
2012;02.12.2012;16:00:39;1001;3.181;81.9;-0.4
2012;02.12.2012;16:20:39;1000.8;3.111;80.1;-0.4
2012;02.12.2012;16:40:39;1000.7;3.156;78.9;0
2012;02.12.2012;17:00:39;1000.5;3.157;79.5;-0.1
2012;02.12.2012;17:20:39;1000.2;3.173;79.3;0
2012;02.12.2012;18:00:39;999.9;3.244;79.3;0.3
2012;02.12.2012;18:20:39;999.8;3.175;77.6;0.3
2012;02.12.2012;18:40:39;999.5;3.212;77.9;0.4
2012;02.12.2012;19:00:39;999.4;3.201;78.2;0.3
2012;02.12.2012;19:20:39;999.6;3.173;78.1;0.2
2012;02.12.2012;19:40:38;999.8;3.148;77.5;0.2
2012;02.12.2012;20:40:39;1000.3;3.14;74.6;0.7
2012;02.12.2012;21:00:39;1000.5;3.125;73.2;0.9
2012;02.12.2012;21:20:39;1000.7;3.194;75.9;0.7
2012;02.12.2012;21:40:40;1000.8;3.221;77.1;0.6
2012;02.12.2012;22:00:40;1001;3.22;77.1;0.6
2012;02.12.2012;22:20:39;1001.1;3.25;76.7;0.8
2012;02.12.2012;22:40:39;1001.2;3.269;76.6;0.9
2012;02.12.2012;23:00:39;1001.5;3.229;75.7;0.9
2012;02.12.2012;23:20:39;1002;3.245;77.2;0.7
2012;02.12.2012;23:40:40;1002.4;3.238;74.9;1.1
2012;03.12.2012;00:00:39;1002.6;3.17;72.3;1.3
2012;03.12.2012;00:20:39;1002.8;3.24;75.5;1
2012;03.12.2012;00:40:39;1003.2;3.162;73.2;1.1
2012;03.12.2012;01:00:40;1003.4;3.266;76.7;0.9
2012;03.12.2012;01:20:40;1003.4;3.322;76.9;1.1
2012;03.12.2012;01:40:39;1003.4;3.309;75.5;1.3
2012;03.12.2012;02:00:39;1003.4;3.315;75.1;1.4
2012;03.12.2012;02:40:39;1003.5;3.484;75.6;2
2012;03.12.2012;03:00:39;1003.4;3.569;74.7;2.5
2012;03.12.2012;03:20:39;1003;3.644;75.7;2.6
2012;03.12.2012;03:40:39;1002.7;3.681;75.9;2.7
2012;03.12.2012;04:00:39;1002.5;3.854;78.3;2.9
2012;03.12.2012;04:20:40;1002.4;3.827;77.2;3
2012;03.12.2012;04:40:39;1002.4;3.652;73.7;3
2012;03.12.2012;05:00:39;1002.4;3.63;77;2.3
2012;03.12.2012;05:20:39;1002.4;3.63;77;2.3
2012;03.12.2012;05:40:40;1002.5;3.773;75.6;3.1
2012;03.12.2012;06:00:39;1002.4;3.941;81.2;2.7
2012;03.12.2012;06:20:39;1002.4;4.034;84.9;2.4
2012;03.12.2012;06:40:39;1002.4;4.157;88.1;2.3
2012;03.12.2012;07:00:40;1002.4;4.196;85.8;2.8
2012;03.12.2012;07:20:39;1002.5;4.246;88.7;2.5
2012;03.12.2012;07:40:39;1002.6;4.318;90.2;2.5
2012;03.12.2012;08:00:39;1002.8;4.377;92.1;2.4
2012;03.12.2012;08:20:39;1003.1;4.473;92.8;2.6
2012;03.12.2012;08:40:39;1003.5;4.379;92.2;2.4
2012;03.12.2012;09:00:39;1003.8;4.329;92.5;2.2
2012;03.12.2012;09:20:39;1004;4.464;91.4;2.8
2012;03.12.2012;09:40:39;1004.3;4.366;94;2.1
2012;03.12.2012;10:00:39;1004.6;4.492;94;2.5
2012;03.12.2012;10:20:39;1004.8;4.366;91.4;2.5
2012;03.12.2012;10:40:39;1004.9;4.431;92.1;2.6
2012;03.12.2012;11:00:39;1005;4.533;92.9;2.8
2012;03.12.2012;11:20:38;1005.1;4.613;93.2;3
2012;03.12.2012;11:40:38;1005.2;4.694;93.5;3.2
2012;03.12.2012;12:20:39;1005.3;4.778;94.5;3.3
2012;03.12.2012;12:40:39;1005.3;4.805;93.7;3.5
2012;03.12.2012;13:00:39;1005.3;4.859;93.4;3.7
2012;03.12.2012;13:20:40;1005.4;4.917;93.2;3.9
2012;03.12.2012;13:40:39;1005.6;4.924;92.7;4
2012;03.12.2012;14:00:39;1005.7;4.937;92.3;4.1
2012;03.12.2012;14:20:39;1005.9;5.095;92.6;4.5
2012;03.12.2012;14:40:39;1006.1;5.115;91.7;4.7
2012;03.12.2012;15:00:39;1006.2;5.157;93.1;4.6
2012;03.12.2012;15:20:39;1006.3;5.173;93.4;4.6
2012;03.12.2012;15:40:39;1006.5;5.317;92.7;5.1
2012;03.12.2012;16:00:39;1006.5;5.002;83.7;5.7
2012;03.12.2012;16:20:39;1006.6;4.84;78.8;6.1
2012;03.12.2012;16:40:40;1006.7;4.861;80.8;5.8
2012;03.12.2012;17:00:39;1006.9;4.799;79.8;5.8
2012;03.12.2012;17:20:39;1007;4.752;82.4;5.2
2012;03.12.2012;17:40:39;1007.2;4.977;88.1;4.9
2012;03.12.2012;18:00:39;1007.3;4.8;85;4.9
2012;03.12.2012;19:00:38;1007.8;4.775;85.8;4.7
2012;03.12.2012;19:20:39;1007.9;4.501;86.2;3.8
2012;03.12.2012;20:00:39;1008.1;4.583;82.4;4.7
2012;03.12.2012;20:20:39;1008.1;4.491;81.9;4.5
2012;03.12.2012;20:40:39;1008.1;4.381;74;5.6
2012;03.12.2012;21:20:39;1008.1;4.426;77.4;5.1
2012;03.12.2012;21:40:39;1008.1;4.779;84.7;4.9
2012;03.12.2012;22:20:39;1008.5;4.496;82.6;4.4
2012;03.12.2012;22:40:39;1008.5;4.472;86.3;3.7
2012;03.12.2012;23:00:39;1008.6;4.456;84.8;3.9
2012;03.12.2012;23:20:39;1008.5;4.422;79;4.8
2012;03.12.2012;23:40:40;1008.5;4.32;75.6;5.1
2012;04.12.2012;00:00:40;1008.4;4.318;77.7;4.7
2012;04.12.2012;00:20:39;1008.3;4.303;75.8;5
2012;04.12.2012;00:40:39;1008.2;4.244;80.2;4
2012;04.12.2012;01:00:39;1008.6;4.301;84.2;3.5
2012;04.12.2012;01:20:39;1008.4;4.23;86.4;2.9
2012;04.12.2012;01:40:39;1008.2;4.221;83.2;3.4
2012;04.12.2012;02:00:39;1008.1;4.13;82;3.3
2012;04.12.2012;02:20:39;1008.1;4.117;78.9;3.8
2012;04.12.2012;02:40:39;1007.9;3.985;71.2;4.8
2012;04.12.2012;03:00:39;1007.7;4.008;76.8;3.8
2012;04.12.2012;03:20:40;1007.5;4.035;78.4;3.6
2012;04.12.2012;03:40:39;1007.2;4.024;78.7;3.5
2012;04.12.2012;04:00:39;1007;3.976;78.3;3.4
2012;04.12.2012;04:20:39;1007;4.047;79.7;3.4
2012;04.12.2012;04:40:39;1006.9;4.04;76.8;3.9
2012;04.12.2012;05:00:39;1006.8;3.961;75.3;3.9
2012;04.12.2012;05:20:39;1006.8;4.088;74.5;4.5
2012;04.12.2012;05:40:39;1006.8;4.101;73.7;4.7
2012;04.12.2012;06:00:39;1006.8;4.235;77.7;4.4
2012;04.12.2012;06:20:39;1007.2;4.418;80.5;4.5
2012;04.12.2012;06:40:39;1007.2;4.212;81.2;3.7
2012;04.12.2012;07:00:39;1006.8;4.474;79.8;4.8
2012;04.12.2012;07:20:39;1007;4.87;85.6;5
2012;04.12.2012;07:40:39;1007.4;4.579;80;5.1
2012;04.12.2012;08:00:39;1007.4;4.445;83.9;4
2012;04.12.2012;08:20:39;1007.4;4.499;84.9;4
2012;04.12.2012;08:40:39;1007.8;4.536;80.4;4.9
2012;04.12.2012;09:00:39;1007.8;4.495;83.1;4.3
2012;04.12.2012;09:20:39;1007.9;4.547;80.6;4.9
2012;04.12.2012;09:40:39;1007.7;4.8;82.7;5.3
2012;04.12.2012;10:00:39;1007.6;5.07;85.5;5.6
2012;04.12.2012;10:20:39;1007.3;4.942;82.2;5.8
2012;04.12.2012;10:40:39;1007.2;5.01;83.3;5.8
2012;04.12.2012;11:00:39;1007.1;5.159;84;6.1
2012;04.12.2012;11:20:38;1006.9;4.43;73.2;5.9
2012;04.12.2012;11:40:39;1006.8;4.209;68.6;6.1
2012;04.12.2012;12:00:39;1006.4;4.177;67.6;6.2
2012;04.12.2012;12:20:39;1005.9;4.534;72.8;6.3
2012;04.12.2012;12:40:39;1005.6;4.712;75.6;6.3
2012;04.12.2012;13:00:39;1005;4.779;77.7;6.1
2012;04.12.2012;13:20:39;1005;4.763;74.8;6.6
2012;04.12.2012;13:40:39;1004.7;4.635;73.3;6.5
2012;04.12.2012;14:00:39;1004.4;4.342;65.9;7.1
2012;04.12.2012;14:20:39;1004.2;4.186;63.1;7.2
2012;04.12.2012;14:40:39;1004;4.373;66.8;7
2012;04.12.2012;15:00:39;1003.9;4.043;62.2;6.9
2012;04.12.2012;15:20:39;1003.7;4.613;70.9;6.9
2012;04.12.2012;15:40:39;1003.8;4.724;72.6;6.9
2012;05.12.2012;14:40:39;1003.3;4.552;62.7;8.5
2012;05.12.2012;15:00:39;1003.3;4.431;62.3;8.2
2012;05.12.2012;15:20:39;1003.4;4.501;64.6;7.9
2012;05.12.2012;15:40:39;1003.5;4.495;65.4;7.7
2012;05.12.2012;16:00:39;1003.5;4.471;66.4;7.4
2012;05.12.2012;16:20:40;1003.6;4.419;66.1;7.3
2012;05.12.2012;16:40:39;1003.7;4.896;74.7;7
2012;05.12.2012;17:00:39;1003.8;5.358;83.4;6.7
2012;05.12.2012;17:20:39;1003.9;5.076;79.6;6.6
2012;05.12.2012;17:40:39;1003.9;5.049;78.1;6.8
2012;05.12.2012;18:00:39;1004;4.969;77.4;6.7
2012;05.12.2012;18:20:39;1004;4.941;75.4;7
2012;05.12.2012;18:40:39;1004.1;4.669;74.8;6.3
2012;05.12.2012;19:00:39;1004.2;4.526;75.1;5.8
2012;05.12.2012;19:20:39;1004.3;4.547;71.4;6.6
2012;05.12.2012;19:40:40;1004.5;4.497;71.6;6.4
2012;05.12.2012;20:00:39;1004.7;4.577;76.5;5.7
2012;05.12.2012;20:20:39;1005;4.602;79.1;5.3
2012;05.12.2012;20:40:40;1005.3;4.613;82.7;4.7
2012;05.12.2012;21:00:40;1005.5;4.518;85.1;4
2012;05.12.2012;21:20:39;1005.7;4.385;86.8;3.3
2012;05.12.2012;21:40:39;1005.7;4.457;87.6;3.4
2012;05.12.2012;22:00:40;1005.7;4.424;88.2;3.2
2012;05.12.2012;22:20:39;1005.7;4.367;88.3;3
2012;05.12.2012;22:40:39;1005.8;4.344;84.8;3.5
2012;05.12.2012;23:00:39;1005.8;4.282;85.4;3.2
2012;05.12.2012;23:20:38;1005.9;4.276;83.5;3.5
2012;05.12.2012;23:40:39;1006;4.315;87.3;3
2012;06.12.2012;00:00:39;1006;4.265;86.3;3
2012;06.12.2012;01:40:42;1006;4.305;87.1;3
2012;06.12.2012;03:20:40;1005.9;4.437;84.8;3.8
2012;06.12.2012;05:00:40;1005.8;4.437;84.8;3.8
2012;06.12.2012;05:20:39;1005.9;4.452;83.9;4
2012;06.12.2012;05:40:41;1005.9;4.426;84.6;3.8
2012;06.12.2012;06:00:39;1005.9;4.459;81.7;4.4
2012;06.12.2012;06:20:39;1005.9;4.364;81.1;4.2
2012;06.12.2012;06:40:40;1006;4.302;79.4;4.3
2012;06.12.2012;07:00:39;1006;4.381;82;4.1
2012;06.12.2012;07:20:41;1006;4.342;83;3.8
2012;06.12.2012;07:40:40;1006;4.358;85.1;3.5
2012;06.12.2012;08:00:39;1006.1;4.357;86.3;3.3
2012;06.12.2012;08:20:39;1006.2;4.356;79.3;4.5
2012;06.12.2012;08:40:40;1006.3;4.324;80.4;4.2
2012;06.12.2012;09:00:39;1006.4;4.334;80.6;4.2
2012;06.12.2012;09:20:40;1006.5;4.355;79.3;4.5
2012;06.12.2012;09:40:42;1006.5;4.366;78.4;4.7
2012;06.12.2012;10:00:39;1006.6;4.444;79.8;4.7
2012;06.12.2012;10:20:39;1006.7;4.435;74.8;5.6
2012;06.12.2012;10:40:39;1006.8;4.512;78.8;5.1
2012;06.12.2012;11:00:39;1006.9;4.267;72.5;5.5
2012;06.12.2012;11:20:39;1006.9;4.207;73.5;5.1
2012;06.12.2012;11:40:39;1006.9;4.273;72.1;5.6
2012;06.12.2012;12:00:39;1006.8;4.302;73.6;5.4
2012;06.12.2012;12:20:39;1006.7;4.22;72.2;5.4
2012;06.12.2012;12:40:39;1006.7;4.22;72.2;5.4
2012;06.12.2012;13:00:39;1006.7;4.345;73.8;5.5
2012;06.12.2012;13:20:39;1006.6;4.345;73.8;5.5
2012;06.12.2012;13:40:39;1006.6;4.225;73.3;5.2
2012;06.12.2012;14:00:39;1006.7;4.179;72.5;5.2
2012;06.12.2012;14:20:40;1006.7;4.19;70.7;5.6
2012;06.12.2012;14:40:39;1006.8;3.979;66.7;5.7
2012;06.12.2012;15:00:39;1006.9;4.028;68;5.6
2012;06.12.2012;15:20:40;1007;4.016;67.8;5.6
2012;06.12.2012;15:40:41;1007.3;3.839;64.4;5.7
2012;06.12.2012;16:00:39;1007.5;3.862;65.7;5.5
2012;06.12.2012;16:20:39;1007.8;3.819;65.9;5.3
2012;06.12.2012;16:40:39;1008;3.897;68.2;5.1
2012;06.12.2012;17:00:39;1008.3;3.894;67.7;5.2
2012;06.12.2012;17:20:39;1008.5;3.925;69.2;5
2012;06.12.2012;17:40:39;1008.7;4.01;71.7;4.8
2012;06.12.2012;18:00:39;1008.8;4.088;73.6;4.7
2012;06.12.2012;18:20:39;1008.9;4.124;75.3;4.5
2012;06.12.2012;18:40:39;1009.1;4.136;76.6;4.3
2012;06.12.2012;19:00:39;1009.3;4.129;74.9;4.6
2012;06.12.2012;19:20:39;1009.5;4.102;76;4.3
2012;06.12.2012;19:40:39;1009.7;4.091;71.7;5.1
2012;06.12.2012;20:00:39;1009.9;4.027;70.6;5.1
2012;06.12.2012;20:20:39;1010.1;3.947;73.2;4.3
2012;06.12.2012;21:00:41;1010.4;3.959;75;4
2012;06.12.2012;21:40:38;1010.9;3.944;73.2;4.3
2012;06.12.2012;22:00:40;1011.1;3.953;76;3.8
2012;06.12.2012;22:20:39;1011.3;3.964;75.7;3.9
2012;06.12.2012;22:40:38;1011.5;3.988;76.7;3.8
2012;06.12.2012;23:00:39;1011.7;3.957;77.2;3.6
2012;06.12.2012;23:20:39;1011.9;3.92;76.5;3.6
2012;06.12.2012;23:40:39;1012.1;3.867;75.5;3.6
2012;07.12.2012;00:00:41;1012.3;3.849;77.3;3.2
2012;07.12.2012;00:20:39;1012.5;3.825;78.5;2.9
2012;07.12.2012;00:40:39;1012.6;3.812;78.8;2.8
2012;07.12.2012;01:00:39;1012.8;3.828;79.7;2.7
2012;07.12.2012;01:20:40;1013;3.822;79.6;2.7
2012;07.12.2012;01:40:40;1013;3.82;79;2.8
2012;07.12.2012;02:00:40;1013.1;3.817;79.5;2.7
2012;07.12.2012;02:20:39;1013.3;3.821;79.6;2.7
2012;07.12.2012;02:40:39;1013.5;3.843;81.8;2.4
2012;07.12.2012;03:00:40;1013.6;3.804;77.6;3
2012;07.12.2012;03:20:39;1013.6;3.793;79.6;2.6
2012;07.12.2012;03:40:41;1013.7;3.79;79;2.7
2012;07.12.2012;04:00:39;1013.8;3.794;80.2;2.5
2012;07.12.2012;04:20:39;1013.9;3.741;79.1;2.5
2012;07.12.2012;04:40:39;1014;3.806;79.9;2.6
2012;07.12.2012;05:00:39;1014.1;3.818;81.9;2.3
2012;07.12.2012;05:20:39;1014.2;3.808;81.7;2.3
2012;07.12.2012;05:40:40;1014.4;3.892;83.5;2.3
2012;07.12.2012;06:00:39;1014.5;3.84;82.4;2.3
2012;07.12.2012;06:20:39;1014.7;3.844;82.5;2.3
2012;07.12.2012;06:40:39;1014.8;3.872;83.1;2.3
2012;07.12.2012;07:00:39;1015;3.888;81.7;2.6
2012;07.12.2012;07:20:39;1015.2;3.847;82.6;2.3
2012;07.12.2012;07:40:39;1015.4;3.899;80.8;2.8
2012;07.12.2012;08:00:39;1015.7;3.89;81.8;2.6
2012;07.12.2012;08:20:39;1015.9;3.852;78.2;3.1
2012;07.12.2012;08:40:39;1016.2;3.833;76.2;3.4
2012;07.12.2012;09:00:39;1016.5;3.81;76.3;3.3
2012;07.12.2012;09:20:39;1016.8;3.834;75.2;3.6
2012;07.12.2012;09:40:39;1017;3.711;72.3;3.7
2012;07.12.2012;10:00:39;1017.2;3.705;72.2;3.7
2012;07.12.2012;10:20:39;1017.4;3.705;70.7;4
2012;07.12.2012;10:40:40;1017.5;3.731;71.2;4
2012;07.12.2012;11:00:40;1017.7;3.782;69.7;4.5
2012;07.12.2012;11:20:40;1017.7;3.788;70.3;4.4
2012;07.12.2012;11:40:40;1017.8;3.82;70.4;4.5
2012;07.12.2012;12:00:39;1017.8;3.78;68.7;4.7
2012;07.12.2012;12:20:39;1017.9;3.956;72.4;4.6
2012;07.12.2012;12:40:40;1018.1;3.997;74.7;4.3
2012;07.12.2012;13:00:39;1018.1;3.911;72.6;4.4
2012;07.12.2012;13:40:39;1018.3;3.993;73.6;4.5
2012;07.12.2012;14:00:39;1018.4;4.018;74.6;4.4
2012;07.12.2012;14:20:39;1018.5;4.068;75;4.5
2012;07.12.2012;14:40:39;1018.6;4.047;76.2;4.2
2012;07.12.2012;15:20:39;1018.9;3.953;72.4;4.6
2012;07.12.2012;16:00:40;1019.2;3.88;71.6;4.5
2012;07.12.2012;16:20:39;1019.4;3.98;75;4.2
2012;07.12.2012;16:40:39;1019.6;4.006;78.2;3.7
2012;07.12.2012;17:00:39;1019.7;4.065;80.5;3.5
2012;07.12.2012;17:20:39;1019.9;4.049;80.2;3.5
2012;07.12.2012;17:40:41;1020;4.056;80.9;3.4
2012;07.12.2012;18:00:43;1020.2;4.008;78.3;3.7
2012;07.12.2012;18:20:42;1020.3;4;78.7;3.6
2012;07.12.2012;18:40:39;1020.5;3.973;79.3;3.4
2012;07.12.2012;19:00:40;1020.6;3.974;79.9;3.3
2012;07.12.2012;19:20:39;1020.7;3.909;76.4;3.7
2012;07.12.2012;19:40:39;1020.7;3.878;76.9;3.5
2012;07.12.2012;20:20:39;1021;3.811;73.5;3.9
2012;07.12.2012;20:40:39;1021.1;3.865;77.2;3.4
2012;07.12.2012;21:00:41;1021.2;3.833;75.5;3.6
2012;07.12.2012;21:20:41;1021.3;3.827;75.4;3.6
2012;07.12.2012;21:40:41;1021.4;3.844;75.2;3.7
2012;07.12.2012;22:00:39;1021.3;3.803;74.4;3.7
2012;07.12.2012;22:20:39;1021.3;3.731;73;3.7
2012;07.12.2012;22:40:39;1021.2;3.78;71.9;4.1
2012;07.12.2012;23:00:39;1021.2;3.699;73.4;3.5
2012;07.12.2012;23:20:39;1021.2;3.717;72.2;3.8
2012;07.12.2012;23:40:41;1021.2;3.745;74.3;3.5
2012;08.12.2012;00:00:40;1021.1;3.847;77.4;3.3
2012;08.12.2012;00:20:39;1021;3.81;76.1;3.4
2012;08.12.2012;00:40:39;1021;3.813;77.8;3.1
2012;08.12.2012;01:00:39;1020.9;3.801;78.1;3
2012;08.12.2012;01:20:39;1020.8;3.811;77.2;3.2
2012;08.12.2012;01:40:39;1020.7;3.777;78.7;2.8
2012;08.12.2012;02:00:39;1020.6;3.859;78.7;3.1
2012;08.12.2012;02:20:40;1020.6;3.778;77.6;3
2012;08.12.2012;02:40:39;1020.6;3.857;75.4;3.7
2012;08.12.2012;03:00:39;1020.5;3.554;67.1;4.2
2012;08.12.2012;03:20:40;1020.4;3.761;77.8;2.9
2012;08.12.2012;03:40:40;1020.2;3.621;72.3;3.4
2012;08.12.2012;04:00:39;1020;3.555;73;3
2012;08.12.2012;04:20:41;1019.8;3.638;74.7;3
2012;08.12.2012;04:40:39;1019.6;3.726;82.1;2
2012;08.12.2012;05:00:39;1019.2;3.663;79;2.3
2012;08.12.2012;05:20:40;1018.9;3.801;77.4;3.1
2012;08.12.2012;05:40:39;1018.6;3.804;73.7;3.8
2012;08.12.2012;06:00:39;1018.2;3.561;68.5;3.9
2012;08.12.2012;06:20:39;1018;3.594;71.1;3.5
2012;08.12.2012;06:40:39;1017.7;3.586;75.6;2.6
2012;08.12.2012;07:00:40;1017.5;3.436;69.9;3.1
2012;08.12.2012;07:20:41;1017.3;3.358;68.8;3
2012;08.12.2012;07:40:39;1017.2;3.318;73;2
2012;08.12.2012;08:00:39;1017.1;3.242;66.9;2.9
2012;08.12.2012;08:20:39;1017;3.112;65.6;2.6
2012;08.12.2012;08:40:40;1016.8;3.055;62.6;3
2012;08.12.2012;09:00:39;1016.6;3.06;60.5;3.5
2012;08.12.2012;09:20:39;1016.5;3.083;65.9;2.4
2012;08.12.2012;09:40:39;1016.5;3.234;70.6;2.1
2012;08.12.2012;10:00:39;1016.5;3.303;72.1;2.1
2012;08.12.2012;10:20:40;1016.7;3.512;74.5;2.5
2012;08.12.2012;10:40:39;1016.9;3.578;75.9;2.5
2012;08.12.2012;11:00:39;1017.2;3.725;77.9;2.7
2012;08.12.2012;11:20:39;1017.4;3.746;77.8;2.8
2012;08.12.2012;11:40:42;1017.6;3.745;77.8;2.8
2012;08.12.2012;12:00:39;1017.7;3.619;75.2;2.8
2012;08.12.2012;12:20:39;1017.9;3.642;75.7;2.8
2012;08.12.2012;12:40:39;1017.9;3.684;73.9;3.3
2012;08.12.2012;13:00:39;1017.9;3.712;76.6;2.9
2012;08.12.2012;13:20:39;1018;3.803;79.6;2.7
2012;08.12.2012;13:40:42;1018.1;3.933;82.3;2.7
2012;08.12.2012;14:00:43;1018.2;3.989;86.5;2.2
2012;08.12.2012;14:20:39;1018.2;4.027;86.7;2.3
2012;08.12.2012;14:40:39;1018.2;4.001;88;2
2012;08.12.2012;15:00:42;1018.3;3.996;87.9;2
2012;08.12.2012;15:20:39;1018.4;4.011;87;2.2
2012;08.12.2012;16:00:40;1018.7;3.948;86.9;2
2012;08.12.2012;16:20:41;1018.8;3.966;87.3;2
2012;08.12.2012;16:40:39;1019;4.026;88;2.1
2012;08.12.2012;17:00:39;1019.1;4.03;88.1;2.1
2012;08.12.2012;17:20:39;1019.3;4.036;87;2.3
2012;08.12.2012;17:40:40;1019.5;4.043;88.4;2.1
2012;08.12.2012;18:00:39;1019.7;4.106;87.9;2.4
2012;08.12.2012;18:40:39;1019.9;4.162;89.1;2.4
2012;08.12.2012;19:00:39;1020;4.157;85.9;2.9
2012;08.12.2012;19:40:39;1020.2;4.237;84.5;3.4
2012;08.12.2012;20:00:39;1020.3;4.18;87;2.8
2012;08.12.2012;20:20:39;1020.4;4.107;88.6;2.3
2012;08.12.2012;20:40:39;1020.5;4.126;85.3;2.9
2012;08.12.2012;21:20:39;1020.7;3.976;84;2.6
2012;08.12.2012;21:40:39;1020.8;4.105;83.7;3.1
2012;08.12.2012;22:00:39;1021;4.075;84.3;2.9
2012;08.12.2012;22:20:39;1021.1;4.024;79.8;3.5
2012;08.12.2012;22:40:39;1021.2;3.921;82.3;2.7
2012;08.12.2012;23:00:39;1021.4;4.058;82.8;3.1
2012;08.12.2012;23:20:40;1021.6;4;85.8;2.4
2012;08.12.2012;23:40:39;1021.7;4.082;85.1;2.8
2012;09.12.2012;00:00:39;1021.9;3.952;84.8;2.4
2012;09.12.2012;00:20:39;1022;3.942;84;2.5
2012;09.12.2012;00:40:40;1022.1;4.003;78.9;3.6
2012;09.12.2012;01:00:40;1022.2;3.942;84.6;2.4
2012;09.12.2012;01:20:39;1022.2;3.996;81.6;3.1
2012;09.12.2012;01:40:40;1022.4;3.939;79.9;3.2
2012;09.12.2012;02:00:40;1022.5;3.993;81;3.2
2012;09.12.2012;02:20:41;1022.7;3.958;83.8;2.6
2012;09.12.2012;02:40:39;1022.8;3.982;83.7;2.7
2012;09.12.2012;03:00:39;1023;3.902;80.9;2.9
2012;09.12.2012;03:20:41;1023.2;3.919;84.8;2.3
2012;09.12.2012;03:40:39;1023.4;3.981;87.4;2.1
2012;09.12.2012;04:00:39;1023.7;3.939;89;1.7
2012;09.12.2012;04:20:38;1023.9;3.977;85.5;2.4
2012;09.12.2012;04:40:39;1024.1;4.019;85.8;2.5
2012;09.12.2012;05:00:39;1024.4;4.047;85.8;2.6
2012;09.12.2012;05:20:40;1024.6;3.992;89;1.9
2012;09.12.2012;05:40:39;1024.9;4.054;83.6;3
2012;09.12.2012;06:00:41;1025.2;4.043;85.8;2.6
2012;09.12.2012;06:20:39;1025.6;4.086;85.5;2.8
2012;09.12.2012;06:40:39;1025.9;4.143;86.1;2.9
2012;09.12.2012;07:00:38;1026.3;4.2;89.2;2.6
2012;09.12.2012;07:20:39;1026.8;4.356;89.3;3.1
2012;09.12.2012;07:40:39;1027.2;4.26;88;3
2012;09.12.2012;08:00:39;1027.6;4.298;88.2;3.1
2012;09.12.2012;08:20:39;1028;4.223;86.7;3.1
2012;09.12.2012;08:40:39;1028.4;4.227;86.2;3.2
2012;09.12.2012;09:00:39;1028.7;4.191;84.9;3.3
2012;09.12.2012;09:20:39;1029;4.16;84.3;3.3
2012;09.12.2012;09:40:40;1029.3;4.079;82.1;3.4
2012;09.12.2012;10:00:39;1029.7;4.047;81.5;3.4
2012;09.12.2012;10:20:39;1030;4.123;81.3;3.7
2012;09.12.2012;10:40:42;1030.3;4.221;81.5;4
2012;09.12.2012;11:00:39;1030.6;4.066;78;4.1
2012;09.12.2012;11:20:41;1030.9;4.041;77;4.2
2012;09.12.2012;11:40:39;1031.1;4.024;76.7;4.2
2012;09.12.2012;12:00:39;1031.2;3.974;74.7;4.4
2012;09.12.2012;12:20:39;1031.2;3.861;72.6;4.4
2012;09.12.2012;12:40:39;1031.4;3.769;70.4;4.5
2012;09.12.2012;13:00:39;1031.5;3.833;71.1;4.6
2012;09.12.2012;13:20:39;1031.8;3.751;69.6;4.6
2012;09.12.2012;13:40:41;1032;3.797;69;4.9
2012;09.12.2012;14:00:39;1032.3;3.831;71.1;4.6
2012;09.12.2012;14:20:39;1032.4;3.636;68;4.5
2012;09.12.2012;14:40:41;1032.6;3.727;69.7;4.5
2012;09.12.2012;15:00:39;1032.7;3.694;69.1;4.5
2012;09.12.2012;15:40:40;1033.1;3.677;68.8;4.5
2012;09.12.2012;16:00:39;1033.2;3.677;68.8;4.5
2012;09.12.2012;16:20:39;1033.4;3.809;72.8;4.2
2012;09.12.2012;17:00:39;1033.9;3.75;74.8;3.6
2012;09.12.2012;17:20:39;1034.1;3.746;75.8;3.4
2012;09.12.2012;17:40:39;1034.4;3.678;75.5;3.2
2012;09.12.2012;18:00:39;1034.6;3.639;75.8;3
2012;09.12.2012;18:20:39;1034.8;3.627;76.1;2.9
2012;09.12.2012;18:40:39;1035.1;3.686;77.9;2.8
2012;09.12.2012;19:00:39;1035.3;3.65;77.7;2.7
2012;09.12.2012;19:20:39;1035.5;3.573;76.1;2.7
2012;09.12.2012;19:40:39;1035.6;3.521;72.9;3.1
2012;09.12.2012;20:00:39;1035.6;3.532;71.1;3.5
2012;09.12.2012;20:20:39;1035.7;3.453;70.5;3.3
2012;09.12.2012;20:40:39;1035.7;3.419;70.8;3.1
2012;09.12.2012;21:00:39;1035.9;3.431;72.6;2.8
2012;09.12.2012;21:20:39;1036.1;3.293;70.2;2.7
2012;09.12.2012;21:40:39;1036.2;3.25;69.3;2.7
2012;09.12.2012;22:00:39;1036.3;3.349;70.4;2.9
2012;09.12.2012;22:20:39;1036.4;3.305;68.5;3.1
2012;09.12.2012;22:40:39;1036.5;3.254;69.4;2.7
2012;09.12.2012;23:00:39;1036.7;3.289;68.2;3.1
2012;09.12.2012;23:20:39;1036.7;3.308;68.6;3.1
2012;10.12.2012;00:00:39;1036.6;3.134;66.4;2.8
2012;10.12.2012;00:20:39;1036.5;3.205;64.6;3.5
2012;10.12.2012;00:40:39;1036.4;3.187;67.5;2.8
2012;10.12.2012;01:00:39;1036.4;3.198;66.3;3.1
2012;10.12.2012;01:20:39;1036.2;3.196;64.4;3.5
2012;10.12.2012;01:40:39;1036.4;3.257;68;3
2012;10.12.2012;02:00:39;1036.6;3.176;66.8;2.9
2012;10.12.2012;02:20:39;1036.7;3.194;65.3;3.3
2012;10.12.2012;02:40:39;1036.9;3.289;68.2;3.1
2012;10.12.2012;03:00:40;1036.9;3.306;67.6;3.3
2012;10.12.2012;03:20:40;1036.8;3.234;66.6;3.2
2012;10.12.2012;03:40:39;1036.7;3.146;67.6;2.6
2012;10.12.2012;04:00:39;1036.6;3.083;67.2;2.4
2012;10.12.2012;04:20:39;1036.6;3.034;65.2;2.6
2012;10.12.2012;04:40:41;1036.5;3.268;70.7;2.5
2012;10.12.2012;05:00:40;1036.5;3.432;75.3;2.3
2012;10.12.2012;05:20:39;1036.5;3.423;75.1;2.3
2012;10.12.2012;05:40:39;1036.5;3.391;74.4;2.3
2012;10.12.2012;06:00:39;1036.5;3.35;75.1;2
2012;10.12.2012;06:20:39;1036.5;3.233;73;1.9
2012;10.12.2012;06:40:39;1036.6;3.192;72.1;1.9
2012;10.12.2012;07:00:39;1036.7;3.063;70.7;1.6
2012;10.12.2012;07:20:39;1036.7;3.09;73.4;1.2
2012;10.12.2012;07:40:39;1036.7;3.092;72.4;1.4
2012;10.12.2012;08:00:39;1036.8;3.293;79.9;0.9
2012;10.12.2012;08:20:39;1036.8;3.155;77.7;0.7
2012;10.12.2012;08:40:39;1037;3.088;73.9;1.1
2012;10.12.2012;09:00:39;1037.1;3.093;75.1;0.9
2012;10.12.2012;09:20:39;1037.2;3.066;76.1;0.6
2012;10.12.2012;09:40:39;1037.5;3.057;73.2;1.1
2012;10.12.2012;10:00:39;1037.8;3.126;73.8;1.3
2012;10.12.2012;10:20:38;1038;3.11;72.9;1.4
2012;10.12.2012;10:40:39;1038.1;2.888;69.2;1.1
2012;10.12.2012;11:00:40;1038.2;3.019;69.8;1.6
2012;10.12.2012;11:20:38;1038.1;2.904;65.7;1.9
2012;10.12.2012;11:40:39;1037.8;2.972;65.8;2.2
2012;10.12.2012;12:00:39;1037.4;2.969;65.7;2.2
2012;10.12.2012;12:40:40;1037;2.858;61.9;2.5
2012;10.12.2012;13:00:39;1037.1;2.858;60.6;2.8
2012;10.12.2012;13:20:39;1037;2.898;61;2.9
2012;10.12.2012;13:40:39;1036.9;2.788;59.1;2.8
2012;10.12.2012;14:00:39;1036.8;2.797;59.3;2.8
2012;10.12.2012;14:20:39;1036.8;2.794;58.8;2.9
2012;10.12.2012;14:40:39;1036.7;2.884;59;3.3
2012;10.12.2012;15:00:39;1036.6;3.025;61;3.5
2012;10.12.2012;15:20:39;1036.7;3.076;63.8;3.1
2012;10.12.2012;15:40:40;1036.8;3.039;62.6;3.2
2012;10.12.2012;16:00:39;1037.2;2.917;59.7;3.3
2012;10.12.2012;16:20:39;1037.5;3.019;60.5;3.6
2012;10.12.2012;17:00:39;1037.8;2.963;59.4;3.6
2012;10.12.2012;17:20:39;1037.8;2.808;61.3;2.4
2012;10.12.2012;17:40:39;1037.8;2.888;60.4;3
2012;10.12.2012;18:00:39;1037.9;2.871;61.8;2.6
2012;10.12.2012;18:20:39;1037.9;2.842;62.5;2.3
2012;10.12.2012;18:40:39;1038.1;2.846;63.5;2.1
2012;10.12.2012;19:00:39;1038.4;2.844;65.3;1.7
2012;10.12.2012;19:20:39;1038.6;2.903;66.2;1.8
2012;10.12.2012;19:40:39;1038.6;2.949;68.2;1.6
2012;10.12.2012;20:00:39;1038.7;3.014;70.2;1.5
2012;10.12.2012;20:20:41;1038.8;2.957;69.9;1.3
2012;10.12.2012;20:40:39;1039;2.999;70.9;1.3
2012;10.12.2012;21:00:39;1039.1;3.011;71.7;1.2
2012;10.12.2012;21:20:38;1039.1;2.939;70.5;1.1
2012;10.12.2012;21:40:39;1039;2.983;70;1.4
2012;10.12.2012;22:00:39;1038.7;2.875;66.5;1.6
2012;10.12.2012;22:20:39;1038.6;2.831;66.9;1.3
2012;10.12.2012;22:40:39;1038.3;2.902;67.1;1.6
2012;10.12.2012;23:20:39;1038;2.857;71.5;0.5
2012;10.12.2012;23:40:39;1038;2.857;72;0.4
2012;11.12.2012;00:00:41;1038;2.789;69.8;0.5
2012;11.12.2012;00:20:39;1037.9;2.951;74.9;0.3
2012;11.12.2012;00:40:39;1037.9;3.1;78.1;0.4
2012;11.12.2012;01:00:39;1037.9;3.107;80;0.1
2012;11.12.2012;01:20:39;1037.8;2.985;76.3;0.2
2012;11.12.2012;01:40:41;1037.8;2.872;74.5;0
2012;11.12.2012;02:00:39;1038;2.858;74.7;-0.1
2012;11.12.2012;02:20:38;1038.1;2.815;72;0.2
2012;11.12.2012;02:40:38;1038;2.834;73;0.1
2012;11.12.2012;03:00:39;1037.9;2.755;73.6;-0.4
2012;11.12.2012;03:20:39;1037.6;2.769;75.6;-0.7
2012;11.12.2012;03:40:39;1037.4;2.718;74.2;-0.7
2012;11.12.2012;04:00:39;1037.4;2.724;74.9;-0.8
2012;11.12.2012;04:20:39;1037.4;2.724;76;-1
2012;11.12.2012;04:40:39;1037.3;2.822;77;-0.7
2012;11.12.2012;05:00:39;1037.3;2.885;78.7;-0.7
2012;11.12.2012;05:20:39;1037.2;2.815;76.8;-0.7
2012;11.12.2012;05:40:39;1037.2;2.869;80;-1
2012;11.12.2012;06:00:39;1037.2;2.851;80.1;-1.1
2012;11.12.2012;06:20:39;1037.3;2.815;79.1;-1.1
2012;11.12.2012;06:40:39;1037.4;2.803;78.2;-1
2012;11.12.2012;07:00:39;1037.4;2.784;78.8;-1.2
2012;11.12.2012;07:20:39;1037.4;2.743;77.1;-1.1
2012;11.12.2012;07:40:39;1037.5;2.885;79.9;-0.9
2012;11.12.2012;08:00:39;1037.5;2.847;80;-1.1
2012;11.12.2012;08:20:39;1037.6;2.822;79.9;-1.2
2012;11.12.2012;08:40:39;1037.6;2.918;82;-1.1
2012;11.12.2012;09:00:39;1037.7;2.769;76.7;-0.9
2012;11.12.2012;09:20:39;1037.8;2.858;78.6;-0.8
2012;11.12.2012;09:40:38;1037.9;2.719;75.9;-1
2012;11.12.2012;10:00:39;1037.9;2.726;76.1;-1
2012;11.12.2012;10:20:39;1037.9;2.778;76.4;-0.8
2012;11.12.2012;10:40:40;1037.8;2.7;74.8;-0.9
2012;11.12.2012;11:00:39;1037.6;2.612;72.9;-1
2012;11.12.2012;11:20:42;1037.3;2.703;72.7;-0.5
2012;11.12.2012;11:40:39;1037;2.561;70.4;-0.8
2012;11.12.2012;12:00:39;1036.8;2.638;69.9;-0.3
2012;11.12.2012;12:20:39;1036.5;2.608;68.1;-0.1
2012;11.12.2012;12:40:38;1036.3;2.693;70.8;-0.2
2012;11.12.2012;13:00:39;1036;2.725;71.1;-0.1
2012;11.12.2012;13:20:39;1035.8;2.652;69.7;-0.2
2012;11.12.2012;13:40:39;1035.7;2.68;69.9;-0.1
2012;11.12.2012;14:00:39;1035.4;2.747;70.6;0.1
2012;11.12.2012;14:40:39;1034.9;2.765;69;0.5
2012;11.12.2012;15:00:39;1034.6;2.745;67.5;0.7
2012;11.12.2012;15:20:41;1034.4;2.783;69.4;0.5
2012;11.12.2012;16:20:39;1034;2.788;69;0.6
2012;11.12.2012;16:40:39;1034;2.797;72.3;0
2012;11.12.2012;17:00:39;1034;2.78;69.8;0.4
2012;11.12.2012;17:20:43;1034;2.806;67;1.1
2012;11.12.2012;17:40:40;1034;2.824;68.4;0.9
2012;11.12.2012;18:00:39;1033.9;2.978;72.1;0.9
2012;11.12.2012;18:20:39;1033.7;2.878;71.2;0.6
2012;11.12.2012;18:40:39;1033.7;2.857;71.7;0.4
2012;11.12.2012;19:00:39;1033.5;2.884;72.9;0.3
2012;11.12.2012;19:20:39;1033.2;2.911;74.1;0.2
2012;11.12.2012;19:40:39;1033.3;2.904;71.3;0.7
2012;11.12.2012;20:00:39;1033.3;2.851;73.1;0.1
2012;11.12.2012;20:20:39;1033;2.91;74.6;0.1
2012;11.12.2012;20:40:39;1032.8;2.849;74.1;-0.1
2012;11.12.2012;21:00:39;1032.7;2.872;73.6;0.1
2012;11.12.2012;21:20:38;1032.7;2.898;73.2;0.3
2012;11.12.2012;21:40:39;1032.6;2.862;74.4;-0.1
2012;11.12.2012;22:00:39;1032.4;2.847;76.2;-0.5
2012;11.12.2012;22:40:39;1032.3;2.849;76.8;-0.6
2012;11.12.2012;23:00:39;1032.4;2.932;77.9;-0.4
2012;11.12.2012;23:20:39;1032.3;2.936;80.9;-0.9
2012;11.12.2012;23:40:39;1032.3;2.758;76;-0.9
2012;12.12.2012;00:00:39;1032.1;2.745;76.2;-1
2012;12.12.2012;00:20:39;1032;2.711;75.8;-1.1
2012;12.12.2012;00:40:39;1031.8;2.656;75.9;-1.4
2012;12.12.2012;01:00:39;1031.6;2.706;77.3;-1.4
2012;12.12.2012;01:20:40;1031.4;2.678;76.5;-1.4
2012;12.12.2012;01:40:39;1031.2;2.662;76.6;-1.5
2012;12.12.2012;02:00:39;1031.1;2.633;76.3;-1.6
2012;12.12.2012;02:20:39;1031;2.603;76;-1.7
2012;12.12.2012;02:40:39;1030.8;2.655;77.5;-1.7
2012;12.12.2012;03:00:39;1030.7;2.635;76.9;-1.7
2012;12.12.2012;03:20:39;1030.6;2.66;78.2;-1.8
2012;12.12.2012;03:40:39;1030.5;2.62;77.6;-1.9
2012;12.12.2012;04:00:39;1030.4;2.632;78.5;-2
2012;12.12.2012;04:20:39;1030.2;2.619;78.1;-2
2012;12.12.2012;04:40:39;1029.9;2.652;78.5;-1.9
2012;12.12.2012;05:00:39;1029.7;2.697;79.8;-1.9
2012;12.12.2012;05:20:39;1029.5;2.675;80.3;-2.1
2012;12.12.2012;05:40:40;1029.2;2.613;80.8;-2.5
2012;12.12.2012;06:00:39;1029.1;2.559;79.7;-2.6
2012;12.12.2012;06:20:39;1028.9;2.569;81.2;-2.8
2012;12.12.2012;06:40:39;1028.9;2.601;82.2;-2.8
2012;12.12.2012;07:00:40;1028.8;2.61;82.5;-2.8
2012;12.12.2012;07:20:39;1029;2.623;82.9;-2.8
2012;12.12.2012;07:40:39;1029;2.625;83.6;-2.9
2012;12.12.2012;08:00:39;1029.1;2.616;83.3;-2.9
2012;12.12.2012;08:20:39;1029.1;2.628;83.7;-2.9
2012;12.12.2012;08:40:39;1029.2;2.558;82.7;-3.1
2012;12.12.2012;09:00:39;1029.4;2.495;81.9;-3.3
2012;12.12.2012;09:20:39;1029.6;2.497;82;-3.3
2012;12.12.2012;09:40:39;1029.7;2.46;81.4;-3.4
2012;12.12.2012;10:00:40;1029.7;2.418;80;-3.4
2012;12.12.2012;10:20:40;1029.8;2.383;77.7;-3.2
2012;12.12.2012;10:40:39;1029.8;2.306;76.9;-3.5
2012;12.12.2012;11:00:39;1029.8;2.314;74.9;-3.1
2012;12.12.2012;11:20:39;1029.7;2.242;73.1;-3.2
2012;12.12.2012;11:40:39;1029.5;2.267;72.8;-3
2012;12.12.2012;12:00:39;1029.2;2.225;70.4;-2.8
2012;12.12.2012;12:20:39;1029;2.241;68.8;-2.4
2012;12.12.2012;12:40:39;1028.7;2.269;68.1;-2.1
2012;12.12.2012;13:00:39;1028.5;2.317;68.5;-1.9
2012;12.12.2012;13:20:39;1028.2;2.306;69.2;-2.1
2012;12.12.2012;13:40:39;1028.1;2.355;67.6;-1.5
2012;12.12.2012;14:00:39;1028;2.404;66.5;-1
2012;12.12.2012;14:20:39;1027.9;2.383;66.4;-1.1
2012;12.12.2012;14:40:39;1027.8;2.373;67.1;-1.3
2012;12.12.2012;15:00:39;1027.8;2.372;66.1;-1.1
2012;12.12.2012;15:20:39;1027.8;2.38;66.3;-1.1
2012;12.12.2012;15:40:39;1027.8;2.386;66;-1
2012;12.12.2012;16:00:39;1027.7;2.39;65.6;-0.9
2012;12.12.2012;16:20:39;1027.7;2.362;65.8;-1.1
2012;12.12.2012;16:40:40;1027.7;2.384;66.9;-1.2
2012;12.12.2012;17:00:40;1027.7;2.459;67;-0.8
2012;12.12.2012;17:20:39;1027.8;2.455;67.4;-0.9
2012;12.12.2012;17:40:39;1027.9;2.44;64.6;-0.4
2012;12.12.2012;18:00:39;1028;2.38;68.3;-1.5
2012;12.12.2012;18:40:42;1028.2;2.414;65.8;-0.8
2012;12.12.2012;19:00:39;1028.2;2.424;65.6;-0.7
2012;12.12.2012;19:40:39;1028.5;2.537;67.2;-0.4
2012;12.12.2012;20:20:39;1028.8;2.477;66.1;-0.5
2012;12.12.2012;20:40:39;1029;2.406;63.3;-0.3
2012;12.12.2012;21:00:40;1029.3;2.327;61.7;-0.4
2012;12.12.2012;21:40:39;1029.6;2.579;70.4;-0.8
2012;12.12.2012;22:00:39;1029.8;2.605;71.1;-0.8
2012;12.12.2012;22:20:39;1029.9;2.585;71.6;-1
2012;12.12.2012;22:40:39;1029.9;2.469;71.5;-1.6
2012;12.12.2012;23:00:39;1029.8;2.464;72.4;-1.8
2012;12.12.2012;23:20:39;1029.8;2.473;74.3;-2.1
2012;12.12.2012;23:40:40;1029.8;2.503;70.9;-1.3
2012;13.12.2012;00:00:39;1029.7;2.52;71.9;-1.4
2012;13.12.2012;00:20:39;1029.6;2.522;73;-1.6
2012;13.12.2012;00:40:39;1029.6;2.555;74.5;-1.7
2012;13.12.2012;01:00:39;1029.6;2.625;72.7;-1
2012;13.12.2012;01:20:39;1029.6;2.602;74.2;-1.4
2012;13.12.2012;01:40:39;1029.6;2.6;73.6;-1.3
2012;13.12.2012;02:00:39;1029.7;2.678;74.7;-1.1
2012;13.12.2012;02:20:39;1029.7;2.675;76.3;-1.4
2012;13.12.2012;02:40:39;1029.8;2.783;74.3;-0.5
2012;13.12.2012;03:00:39;1029.9;2.768;73.9;-0.5
2012;13.12.2012;03:20:39;1029.9;2.79;74.5;-0.5
2012;13.12.2012;03:40:40;1030;2.767;73.9;-0.5
2012;13.12.2012;04:00:39;1030.1;2.793;74.6;-0.5
2012;13.12.2012;04:20:39;1030.1;2.797;75.8;-0.7
2012;13.12.2012;04:40:39;1030.1;2.837;78;-0.9
2012;13.12.2012;05:00:39;1030.1;2.827;76.6;-0.7
2012;13.12.2012;05:20:39;1030;2.856;79.1;-1
2012;13.12.2012;05:40:39;1030.1;2.909;78.8;-0.7
2012;13.12.2012;06:00:39;1030;2.815;77.4;-0.9
2012;13.12.2012;06:20:39;1030.1;2.784;79.4;-1.4
2012;13.12.2012;06:40:39;1030.2;2.666;79.5;-2
2012;13.12.2012;07:00:39;1030.3;2.634;78;-1.9
2012;13.12.2012;07:20:39;1030.4;2.656;74.7;-1.2
2012;13.12.2012;07:40:39;1030.6;2.64;74.8;-1.3
2012;13.12.2012;08:00:39;1030.7;2.707;73.4;-0.7
2012;13.12.2012;08:20:39;1030.8;2.644;73.3;-1
2012;13.12.2012;08:40:39;1030.9;2.709;75.1;-1
2012;13.12.2012;09:00:39;1031.1;2.675;74.2;-1
2012;13.12.2012;09:20:39;1031.2;2.662;73.3;-0.9
2012;13.12.2012;10:00:39;1031.5;2.557;68.9;-0.6
2012;13.12.2012;10:20:40;1031.7;2.571;68.8;-0.5
2012;13.12.2012;10:40:39;1031.8;2.548;67.7;-0.4
2012;13.12.2012;11:00:39;1031.9;2.632;68.9;-0.2
2012;13.12.2012;11:20:42;1031.8;2.757;70.1;0.2
2012;13.12.2012;11:40:39;1031.7;2.73;65.5;1
2012;13.12.2012;12:00:39;1031.6;2.718;68.1;0.4
2012;13.12.2012;12:20:39;1031.3;2.735;68;0.5
2012;13.12.2012;12:40:41;1031;2.701;64.3;1.1
2012;13.12.2012;13:00:39;1030.8;2.682;64.3;1
2012;13.12.2012;13:20:39;1030.5;2.709;64;1.2
2012;13.12.2012;13:40:40;1030.4;2.755;63.7;1.5
2012;13.12.2012;15:00:39;1030.3;2.942;64.2;2.3
2012;13.12.2012;15:20:39;1030.2;3.135;67.9;2.4
2012;13.12.2012;15:40:39;1030.2;3.359;71.7;2.6
2012;13.12.2012;16:00:39;1030.1;3.583;75.9;2.7
2012;13.12.2012;16:20:39;1030.2;3.665;78.2;2.6
2012;13.12.2012;16:40:39;1030.3;3.592;77.2;2.5
2012;13.12.2012;17:00:39;1030.2;3.34;71.8;2.5
2012;13.12.2012;17:40:39;1030.2;3.52;76.2;2.4
2012;13.12.2012;18:00:39;1030.2;3.585;77.6;2.4
2012;13.12.2012;18:20:39;1030.2;3.58;78.6;2.2
2012;13.12.2012;18:40:39;1030.3;3.584;78.7;2.2
2012;13.12.2012;19:00:38;1030.3;3.625;79.6;2.2
2012;13.12.2012;19:20:39;1030.4;3.611;79.3;2.2
2012;13.12.2012;19:40:39;1030.5;3.631;78.6;2.4
2012;13.12.2012;20:00:39;1030.5;3.535;78.2;2.1
2012;13.12.2012;20:20:39;1030.6;3.579;78.6;2.2
2012;13.12.2012;20:40:39;1030.6;3.583;78.7;2.2
2012;13.12.2012;21:00:39;1030.6;3.558;76.5;2.5
2012;13.12.2012;21:20:39;1030.5;3.503;77.5;2.1
2012;13.12.2012;21:40:39;1030.4;3.456;75.9;2.2
2012;13.12.2012;22:00:39;1030.2;3.445;76.2;2.1
2012;13.12.2012;22:20:39;1030;3.566;79.4;2
2012;13.12.2012;23:00:39;1029.4;3.557;80.3;1.8
2012;13.12.2012;23:20:38;1029.2;3.57;76.1;2.6
2012;13.12.2012;23:40:40;1028.9;3.259;74.1;1.7
2012;14.12.2012;00:00:39;1028.7;3.179;72.8;1.6
2012;14.12.2012;00:20:39;1028.5;3.247;73.8;1.7
2012;14.12.2012;00:40:39;1028.4;3.391;77.6;1.6
2012;14.12.2012;01:00:39;1028.3;3.594;83.4;1.4
2012;14.12.2012;01:20:39;1028.2;3.62;84.6;1.3
2012;14.12.2012;01:40:39;1028;3.685;86.1;1.3
2012;14.12.2012;02:00:39;1027.8;3.668;86.3;1.2
2012;14.12.2012;02:20:40;1027.7;3.677;86.5;1.2
2012;14.12.2012;02:40:39;1027.6;3.674;85.8;1.3
2012;14.12.2012;03:00:39;1027.4;3.627;84.7;1.3
2012;14.12.2012;03:20:39;1027.4;3.669;86.3;1.2
2012;14.12.2012;03:40:39;1027.4;3.636;83.7;1.5
2012;14.12.2012;04:00:39;1027.2;3.606;83.6;1.4
2012;14.12.2012;04:20:39;1027.2;3.474;82.9;1
2012;14.12.2012;04:40:39;1027.1;3.5;83.5;1
2012;14.12.2012;05:00:39;1026.9;3.53;84.8;0.9
2012;14.12.2012;05:20:40;1026.8;3.556;84.2;1.1
2012;14.12.2012;05:40:39;1026.7;3.573;84;1.2
2012;14.12.2012;06:00:39;1026.7;3.364;79.1;1.2
2012;14.12.2012;06:20:40;1026.6;3.35;78.2;1.3
2012;14.12.2012;06:40:39;1026.6;3.305;76.6;1.4
2012;14.12.2012;07:00:39;1026.5;3.273;76.4;1.3
2012;14.12.2012;07:20:39;1026.6;3.291;75.2;1.6
2012;14.12.2012;07:40:42;1026.5;3.305;76.6;1.4
2012;14.12.2012;08:00:39;1026.5;3.226;75.3;1.3
2012;14.12.2012;08:20:39;1026.5;3.277;75.4;1.5
2012;14.12.2012;08:40:40;1026.5;3.112;70.1;1.8
2012;14.12.2012;09:00:39;1026.5;2.971;67.9;1.6
2012;14.12.2012;09:20:39;1026.6;3.036;68.4;1.8
2012;14.12.2012;09:40:39;1026.6;2.974;67.5;1.7
2012;14.12.2012;10:00:39;1026.5;2.866;66;1.5
2012;14.12.2012;10:20:39;1026.5;3.262;75.6;1.4
2012;14.12.2012;10:40:39;1026.5;3.314;76.8;1.4
2012;14.12.2012;11:00:39;1026.4;3.119;72.3;1.4
2012;14.12.2012;11:20:39;1026.2;3.227;73.7;1.6
2012;14.12.2012;11:40:39;1026;3.139;71.7;1.6
2012;14.12.2012;12:00:39;1025.9;3.104;71.4;1.5
2012;14.12.2012;12:20:39;1025.9;3.108;71.5;1.5
2012;14.12.2012;12:40:39;1025.8;3.043;68.5;1.8
2012;14.12.2012;13:00:39;1025.7;2.975;66.5;1.9
2012;14.12.2012;13:40:39;1025.7;2.943;65.8;1.9
2012;14.12.2012;14:20:42;1025.6;2.854;62.9;2.1
2012;14.12.2012;14:40:39;1025.6;2.836;63.4;1.9
2012;14.12.2012;15:00:39;1025.5;2.884;64;2
2012;14.12.2012;15:20:39;1025.5;3.083;68.9;1.9
2012;14.12.2012;15:40:39;1025.4;3.078;67.8;2.1
2012;14.12.2012;16:00:40;1025.4;2.991;67.8;1.7
2012;14.12.2012;16:20:39;1025.5;2.888;64.1;2
2012;14.12.2012;16:40:39;1025.6;2.881;64.4;1.9
2012;14.12.2012;17:00:39;1025.7;2.796;61.2;2.2
2012;14.12.2012;17:20:39;1025.8;2.852;61.1;2.5
2012;14.12.2012;17:40:41;1025.9;3.081;67.9;2.1
2012;14.12.2012;18:00:40;1025.9;3.082;68.4;2
2012;14.12.2012;18:20:39;1026;3.194;71.4;1.9
2012;14.12.2012;18:40:39;1025.9;3.166;72.3;1.6
2012;14.12.2012;19:00:39;1026;3.214;73.4;1.6
2012;14.12.2012;19:20:40;1026;3.212;75.5;1.2
2012;14.12.2012;19:40:39;1026;3.197;77.9;0.7
2012;14.12.2012;20:00:39;1025.9;3.15;77.3;0.6
2012;14.12.2012;20:40:39;1025.9;3.108;79.1;0.1
2012;14.12.2012;21:00:39;1026;3.071;77.6;0.2
2012;14.12.2012;21:20:39;1026;3.03;77.7;0
2012;14.12.2012;21:40:39;1026.1;3.045;75.3;0.5
2012;14.12.2012;22:00:39;1026;3.002;78.1;-0.2
2012;14.12.2012;22:20:39;1025.9;2.974;75.7;0.1
2012;14.12.2012;23:00:39;1025.9;2.904;73.4;0.2
2012;14.12.2012;23:20:40;1025.9;2.871;74.7;-0.2
2012;14.12.2012;23:40:40;1025.8;2.931;75.7;-0.1
2012;15.12.2012;00:00:39;1025.7;2.89;74.1;0
2012;15.12.2012;00:20:39;1025.7;2.9;74.9;-0.1
2012;15.12.2012;00:40:39;1025.6;2.955;72;0.7
2012;15.12.2012;01:00:39;1025.5;2.862;73.9;-0.1
2012;15.12.2012;01:20:41;1025.3;2.806;74.6;-0.5
2012;15.12.2012;01:40:40;1025.2;2.738;73.3;-0.6
2012;15.12.2012;02:00:39;1025;2.74;73.9;-0.7
2012;15.12.2012;02:20:39;1025;2.673;69.5;-0.2
2012;15.12.2012;02:40:39;1025;2.621;74.4;-1.4
2012;15.12.2012;03:00:40;1025;2.604;75.6;-1.7
2012;15.12.2012;03:20:39;1025.1;2.595;73.7;-1.4
2012;15.12.2012;03:40:39;1025.2;2.596;71.6;-1
2012;15.12.2012;04:00:39;1025.2;2.546;72.3;-1.4
2012;15.12.2012;04:20:39;1025.2;2.61;70.4;-0.7
2012;15.12.2012;04:40:40;1025.1;2.622;68.2;-0.2
2012;15.12.2012;05:00:39;1025.1;2.607;69.3;-0.5
2012;15.12.2012;05:20:39;1025;2.6;76.6;-1.9
2012;15.12.2012;05:40:38;1024.9;2.596;75.9;-1.8
2012;15.12.2012;06:00:39;1025;2.563;71.2;-1.1
2012;15.12.2012;06:20:38;1024.9;2.544;75.5;-2
2012;15.12.2012;06:40:39;1024.7;2.517;72.5;-1.6
2012;15.12.2012;07:00:39;1024.4;2.448;74.8;-2.4
2012;15.12.2012;07:20:39;1024.1;2.533;70.3;-1.1
2012;15.12.2012;07:40:39;1023.6;2.56;74.2;-1.7
2012;15.12.2012;08:00:40;1022.7;2.425;72.9;-2.2
2012;15.12.2012;08:20:40;1022.4;2.493;72.2;-1.7
2012;15.12.2012;08:40:40;1023;2.412;79.3;-3.4
2012;15.12.2012;09:00:39;1023.7;2.437;76.1;-2.7
2012;15.12.2012;09:20:42;1024.5;2.499;73.6;-1.9
2012;15.12.2012;09:40:39;1025.1;2.622;69.7;-0.5
2012;15.12.2012;10:00:39;1025.3;2.767;76.3;-1
2012;15.12.2012;10:20:39;1025.3;2.899;74.3;0
2012;15.12.2012;10:40:39;1025;2.977;72.5;0.7
2012;15.12.2012;11:00:40;1024.7;2.898;66.6;1.5
2012;15.12.2012;11:20:40;1024.2;2.88;61.6;2.5
2012;15.12.2012;11:40:39;1023.6;2.903;59.9;3
2012;15.12.2012;12:00:39;1023.3;3.073;66.6;2.3
2012;15.12.2012;12:20:39;1023;3.167;66.2;2.8
2012;15.12.2012;12:40:39;1022.9;3.236;66.2;3.1
2012;15.12.2012;13:00:39;1022.6;3.192;65.3;3.1
2012;15.12.2012;13:20:39;1022.5;3.271;66.9;3.1
2012;15.12.2012;13:40:39;1022.3;3.311;67.7;3.1
2012;15.12.2012;14:20:39;1022.1;3.261;66.2;3.2
2012;15.12.2012;14:40:39;1022.1;3.255;65.6;3.3
2012;15.12.2012;15:00:40;1021.7;3.322;64.6;3.8
2012;15.12.2012;15:20:39;1021.7;3.307;67.1;3.2
2012;15.12.2012;15:40:39;1021.7;3.281;66.1;3.3
2012;15.12.2012;16:00:39;1021.5;3.16;61.9;3.7
2012;15.12.2012;16:40:39;1021.3;3.092;62.3;3.3
2012;15.12.2012;17:00:40;1021.4;3.031;61.5;3.2
2012;15.12.2012;17:20:39;1021.2;3.011;61.1;3.2
2012;15.12.2012;17:40:39;1021.2;2.931;59.9;3.1
2012;15.12.2012;18:00:39;1021.4;2.848;57;3.4
2012;15.12.2012;18:20:39;1021.5;2.852;55.1;3.9
2012;15.12.2012;19:00:39;1021.9;2.861;55.7;3.8
2012;15.12.2012;19:20:40;1021.8;2.852;55.9;3.7
2012;15.12.2012;19:40:39;1021.6;2.903;56.5;3.8
2012;15.12.2012;20:00:39;1021.4;2.951;57.4;3.8
2012;15.12.2012;20:20:39;1021.1;2.951;57.4;3.8
2012;15.12.2012;20:40:38;1021.1;3.009;56.5;4.3
2012;15.12.2012;21:00:40;1021;3.063;57.5;4.3
2012;15.12.2012;21:20:41;1020.9;3.101;58.2;4.3
2012;15.12.2012;21:40:39;1020.7;3.063;58.3;4.1
2012;15.12.2012;22:00:40;1020.5;3.091;58;4.3
2012;15.12.2012;22:20:39;1020.4;3.114;58;4.4
2012;15.12.2012;22:40:39;1020.4;3.097;57.7;4.4
2012;15.12.2012;23:00:39;1020.4;3.125;57.4;4.6
2012;15.12.2012;23:20:39;1020.3;3.136;57.2;4.7
2012;15.12.2012;23:40:41;1020.1;3.159;58;4.6
2012;16.12.2012;00:00:40;1019.9;3.132;57.1;4.7
2012;16.12.2012;00:20:39;1019.8;3.078;56.9;4.5
2012;16.12.2012;00:40:39;1019.5;3.133;57.5;4.6
2012;16.12.2012;01:00:40;1019.3;3.194;58.6;4.6
2012;16.12.2012;01:20:39;1019;3.273;61.3;4.3
2012;16.12.2012;02:00:40;1018.6;3.227;60;4.4
2012;16.12.2012;02:20:40;1018.4;3.28;59.7;4.7
2012;16.12.2012;02:40:39;1018.3;3.288;59;4.9
2012;16.12.2012;03:00:39;1017.8;3.261;61;4.3
2012;16.12.2012;03:20:41;1017.4;3.336;61.5;4.5
2012;16.12.2012;03:40:39;1016.9;3.404;63.6;4.3
2012;16.12.2012;04:00:40;1016.2;3.354;60.9;4.7
2012;16.12.2012;04:20:39;1016.1;3.361;60.6;4.8
2012;16.12.2012;04:40:44;1015.7;3.387;61.9;4.6
2012;16.12.2012;05:00:39;1015.2;3.442;62;4.8
2012;16.12.2012;05:20:39;1015.1;3.618;65.6;4.7
2012;16.12.2012;05:40:39;1014.9;3.804;72.4;4
2012;16.12.2012;06:00:39;1014.6;3.745;69.3;4.4
2012;16.12.2012;06:20:39;1014.2;3.902;74.2;4
2012;16.12.2012;06:40:39;1013.8;4.053;79.8;3.5
2012;16.12.2012;07:00:39;1013.5;4.083;81.5;3.3
2012;16.12.2012;07:20:40;1013.2;4.047;78.5;3.7
2012;16.12.2012;07:40:39;1012.8;3.916;72.3;4.4
2012;16.12.2012;08:00:39;1012.5;3.964;74.2;4.2
2012;16.12.2012;08:20:40;1012.2;4.056;77.5;3.9
2012;16.12.2012;08:40:40;1011.7;4.062;76.5;4.1
2012;16.12.2012;09:00:39;1011.1;4.059;74.8;4.4
2012;16.12.2012;09:20:41;1010.7;4.151;75.4;4.6
2012;16.12.2012;09:40:39;1010.4;4.149;76.4;4.4
2012;16.12.2012;10:00:39;1010.2;4.194;75.6;4.7
2012;16.12.2012;10:20:39;1010;4.226;75.1;4.9
2012;16.12.2012;10:40:40;1009.8;4.275;74.9;5.1
2012;16.12.2012;11:00:39;1009.5;4.208;72.2;5.4
2012;16.12.2012;11:20:40;1009.2;4.196;70;5.8
2012;16.12.2012;11:40:39;1008.9;4.216;71.3;5.6
2012;16.12.2012;12:00:39;1008.5;4.265;71.1;5.8
2012;16.12.2012;12:20:39;1008.2;4.267;71.1;5.8
2012;16.12.2012;12:40:39;1007.8;4.293;72.5;5.6
2012;16.12.2012;13:00:39;1007.5;4.27;72.1;5.6
2012;16.12.2012;13:20:39;1007.3;4.376;74.9;5.4
2012;16.12.2012;13:40:39;1007;4.29;72.4;5.6
2012;16.12.2012;14:00:39;1006.8;4.345;73.3;5.6
2012;16.12.2012;14:20:39;1006.6;4.262;71.4;5.7
2012;16.12.2012;14:40:39;1006.4;4.311;71.7;5.8
2012;16.12.2012;15:00:40;1006.3;4.342;72.2;5.8
2012;16.12.2012;15:20:41;1006.2;4.312;71.7;5.8
2012;16.12.2012;15:40:39;1006.1;4.348;72.8;5.7
2012;16.12.2012;16:00:40;1006;4.306;71.6;5.8
2012;16.12.2012;16:20:39;1006;4.343;72.2;5.8
2012;16.12.2012;16:40:39;1005.9;4.438;74.8;5.6
2012;16.12.2012;17:00:39;1005.8;4.396;74.6;5.5
2012;16.12.2012;17:20:39;1005.6;4.35;71.8;5.9
2012;16.12.2012;17:40:40;1005.4;4.315;71.2;5.9
2012;16.12.2012;18:00:39;1005.3;4.339;71.1;6
2012;16.12.2012;18:20:39;1005;4.322;70.8;6
2012;16.12.2012;18:40:39;1004.8;4.354;71.3;6
2012;16.12.2012;20:20:39;1006.6;4.719;84.7;4.7
2012;16.12.2012;20:40:39;1007.3;4.525;86.6;3.8
2012;16.12.2012;21:00:40;1007.6;4.424;85.9;3.6
2012;16.12.2012;21:40:40;1008.1;4.312;83.2;3.7
2012;16.12.2012;22:00:39;1008.3;4.249;82;3.7
2012;16.12.2012;22:20:39;1008.5;4.227;81.6;3.7
2012;16.12.2012;22:40:39;1008.4;4.194;82.1;3.5
2012;16.12.2012;23:00:39;1008.4;4.165;80.4;3.7
2012;16.12.2012;23:20:39;1008.5;4.099;77.5;4
2012;16.12.2012;23:40:40;1008.7;4.003;75.7;4
2012;17.12.2012;00:00:39;1008.6;4.02;77.1;3.8
2012;17.12.2012;00:20:39;1008.6;4;77.8;3.6
2012;17.12.2012;00:40:39;1008.4;4.097;83.1;3
2012;17.12.2012;01:00:40;1008.2;4.191;86.2;2.8
2012;17.12.2012;01:20:39;1008;4.187;86.1;2.8
2012;17.12.2012;01:40:39;1007.8;4.119;85.9;2.6
2012;17.12.2012;02:00:40;1007.8;4.133;86.8;2.5
2012;17.12.2012;02:20:43;1007.8;4.142;87;2.5
2012;17.12.2012;02:40:39;1008;4.03;86.5;2.2
2012;17.12.2012;03:20:40;1008.3;3.982;83.7;2.5
2012;17.12.2012;03:40:39;1008.4;4.001;84.7;2.4
2012;17.12.2012;04:00:39;1008.2;3.944;85.9;2
2012;17.12.2012;04:20:39;1008.1;3.93;85.6;2
2012;17.12.2012;04:40:40;1008;3.875;83.8;2.1
2012;17.12.2012;05:00:39;1007.9;3.856;82.2;2.3
2012;17.12.2012;05:20:39;1007.9;3.847;82;2.3
2012;17.12.2012;05:40:39;1007.9;3.83;80.5;2.5
2012;17.12.2012;06:00:41;1007.9;3.728;77.8;2.6
2012;17.12.2012;06:20:39;1007.9;3.781;78.9;2.6
2012;17.12.2012;06:40:41;1007.8;3.801;82.2;2.1
2012;17.12.2012;07:00:40;1007.7;3.679;79;2.2
2012;17.12.2012;07:20:39;1007.7;3.573;76.2;2.3
2012;17.12.2012;07:40:39;1007.9;3.554;75.8;2.3
2012;17.12.2012;08:00:39;1008;3.619;78.3;2.1
2012;17.12.2012;11:00:39;1009.6;3.769;93.6;0.2
2012;17.12.2012;11:20:42;1009.6;3.725;93.2;0.1
2012;17.12.2012;11:40:39;1009.9;3.648;94.7;-0.4
2012;17.12.2012;12:00:39;1010;3.542;96.1;-1
2012;17.12.2012;12:40:39;1010.3;3.412;90.6;-0.7
2012;17.12.2012;13:00:39;1010.4;3.277;86.4;-0.6
2012;17.12.2012;13:20:40;1010.5;3.269;86.2;-0.6
2012;17.12.2012;13:40:39;1010.7;3.289;85.5;-0.4
2012;17.12.2012;14:00:39;1010.8;3.306;87.2;-0.6
2012;17.12.2012;14:20:39;1010.8;3.126;80.1;-0.2
2012;17.12.2012;14:40:39;1011;3.034;79.5;-0.5
2012;17.12.2012;15:00:39;1011.1;3.118;80.5;-0.3
2012;17.12.2012;15:20:39;1011.2;3.012;80.1;-0.7
2012;17.12.2012;15:40:39;1011.3;3.158;85.2;-0.9
2012;17.12.2012;16:20:39;1011.6;3.023;82.2;-1
2012;17.12.2012;16:40:39;1011.6;2.86;75;-0.5
2012;17.12.2012;17:00:39;1011.7;2.766;74.7;-0.9
2012;17.12.2012;17:20:39;1011.9;2.875;78.8;-1.1
2012;17.12.2012;17:40:41;1012;2.88;77.8;-0.9
2012;17.12.2012;18:00:40;1012.1;2.908;76.3;-0.5
2012;17.12.2012;18:20:39;1012.1;2.914;77;-0.6
2012;17.12.2012;18:40:39;1012.1;2.968;79;-0.7
2012;17.12.2012;19:00:39;1012.2;2.986;79.5;-0.7
2012;17.12.2012;19:20:39;1012.3;3.004;79.4;-0.6
2012;17.12.2012;19:40:39;1012.4;2.915;76.5;-0.5
2012;17.12.2012;20:00:39;1012.4;3.01;78.4;-0.4
2012;17.12.2012;20:20:39;1012.6;2.996;79.2;-0.6
2012;17.12.2012;21:00:39;1012.8;3.041;81;-0.7
2012;17.12.2012;21:20:39;1012.8;3.029;80.1;-0.6
2012;17.12.2012;22:00:39;1012.9;3.109;82.2;-0.6
2012;17.12.2012;22:20:40;1013;3.245;85.8;-0.6
2012;17.12.2012;22:40:39;1013.2;3.28;88;-0.8
2012;17.12.2012;23:00:40;1013.4;3.253;87.3;-0.8
2012;17.12.2012;23:20:39;1013.7;3.217;85.1;-0.6
2012;17.12.2012;23:40:39;1014.2;3.105;81;-0.4
2012;18.12.2012;00:00:39;1014.6;3.025;81.3;-0.8
2012;18.12.2012;00:20:39;1015.1;3.095;82.6;-0.7
2012;18.12.2012;00:40:40;1015.6;3.048;83.2;-1
2012;18.12.2012;01:00:39;1016;3.259;92.3;-1.5
2012;18.12.2012;01:20:40;1016.4;3.193;88.5;-1.2
2012;18.12.2012;01:40:39;1016.5;3.015;83;-1.1
2012;18.12.2012;02:00:42;1016.7;2.938;80.3;-1
2012;18.12.2012;02:40:39;1017.4;2.875;77.5;-0.8
2012;18.12.2012;03:00:39;1017.8;2.887;77.3;-0.7
2012;18.12.2012;03:20:39;1018.1;2.884;77.8;-0.8
2012;18.12.2012;03:40:40;1018.4;2.88;77.7;-0.8
2012;18.12.2012;04:00:39;1018.6;2.879;77.7;-0.8
2012;18.12.2012;04:20:39;1018.9;2.792;76.5;-1
2012;18.12.2012;04:40:39;1019.3;2.842;77.9;-1
2012;18.12.2012;05:00:39;1019.6;2.933;80.4;-1
2012;18.12.2012;05:20:39;1019.8;2.947;80.8;-1
2012;18.12.2012;05:40:39;1019.9;2.915;81.7;-1.3
2012;18.12.2012;06:20:39;1020.4;2.971;82.1;-1.1
2012;18.12.2012;06:40:39;1020.5;2.917;81.8;-1.3
2012;18.12.2012;07:00:39;1020.7;2.788;78.8;-1.4
2012;18.12.2012;07:20:40;1020.9;2.659;78;-1.9
2012;18.12.2012;08:20:39;1021.8;2.688;77.2;-1.6
2012;18.12.2012;09:00:40;1022.4;2.74;77;-1.3
2012;18.12.2012;09:40:40;1022.8;2.686;77.2;-1.6
2012;18.12.2012;11:20:39;1023.4;2.622;69.6;-0.5
2012;18.12.2012;11:40:39;1023.4;2.689;68.8;0
2012;18.12.2012;12:00:39;1023.5;2.63;68.3;-0.2
2012;18.12.2012;12:20:39;1023.5;2.645;68.7;-0.2
2012;18.12.2012;12:40:39;1023.6;2.763;70.2;0.1
2012;18.12.2012;13:00:40;1023.5;2.755;70;0.1
2012;18.12.2012;13:20:39;1023.5;2.728;68.3;0.3
2012;18.12.2012;13:40:39;1023.4;2.736;68.5;0.3
2012;18.12.2012;14:00:39;1023.4;2.712;68.4;0.2
2012;18.12.2012;14:20:40;1023.5;2.656;66.5;0.3
2012;18.12.2012;14:40:41;1023.6;2.659;66.6;0.3
2012;18.12.2012;15:00:39;1023.6;2.707;67.3;0.4
2012;18.12.2012;15:40:38;1023.8;2.69;66.9;0.4
2012;18.12.2012;16:00:39;1024;2.622;65.7;0.3
2012;18.12.2012;16:20:40;1024.2;2.607;65.8;0.2
2012;18.12.2012;16:40:40;1024.4;2.564;65.2;0.1
2012;18.12.2012;17:00:39;1024.6;2.611;66.9;0
2012;18.12.2012;17:20:40;1024.8;2.611;66.9;0
2012;18.12.2012;17:40:39;1024.9;2.626;67.3;0
2012;18.12.2012;18:00:39;1025.1;2.626;69.3;-0.4
2012;18.12.2012;18:40:39;1025.3;2.618;68.1;-0.2
2012;18.12.2012;19:00:39;1025.4;2.652;69;-0.2
2012;18.12.2012;19:20:39;1025.6;2.663;70.3;-0.4
2012;18.12.2012;19:40:39;1025.7;2.682;68.3;0.1
2012;18.12.2012;20:00:39;1025.8;2.756;71.2;-0.1
2012;18.12.2012;20:20:39;1025.9;2.771;73.7;-0.5
2012;18.12.2012;20:40:39;1025.9;2.744;74.6;-0.8
2012;18.12.2012;21:00:39;1025.9;2.736;74.4;-0.8
2012;18.12.2012;21:20:39;1026;2.735;73.3;-0.6
2012;18.12.2012;21:40:41;1026;2.767;73.6;-0.5
2012;18.12.2012;22:00:39;1026;2.763;73.5;-0.5
2012;18.12.2012;22:20:39;1026;2.744;70.9;-0.1
2012;18.12.2012;22:40:39;1026.1;2.668;71;-0.5
2012;18.12.2012;23:00:39;1026.1;2.652;71.6;-0.7
2012;18.12.2012;23:20:39;1026.2;2.637;70.7;-0.6
2012;18.12.2012;23:40:39;1026.3;2.555;68.5;-0.6
2012;19.12.2012;00:00:39;1026.3;2.494;65.9;-0.4
2012;19.12.2012;00:20:39;1026.3;2.488;69.7;-1.2
2012;19.12.2012;00:40:39;1026.3;2.409;69;-1.5
2012;19.12.2012;01:00:39;1026.3;2.402;68.8;-1.5
2012;19.12.2012;01:20:39;1026.4;2.366;68.3;-1.6
2012;19.12.2012;02:00:39;1026.4;2.322;71.1;-2.4
2012;19.12.2012;02:20:40;1026.4;2.322;71.1;-2.4
2012;19.12.2012;02:40:39;1026.5;2.259;69.7;-2.5
2012;19.12.2012;03:00:39;1026.6;2.22;67.5;-2.3
2012;19.12.2012;03:20:40;1026.8;2.211;70.3;-2.9
2012;19.12.2012;03:40:39;1026.8;2.206;68.6;-2.6
2012;19.12.2012;04:00:39;1026.9;2.173;68.6;-2.8
2012;19.12.2012;04:20:42;1026.9;2.165;70.4;-3.2
2012;19.12.2012;04:40:39;1026.8;2.115;69.3;-3.3
2012;19.12.2012;05:00:41;1026.7;2.119;66.9;-2.8
2012;19.12.2012;05:20:39;1026.6;2.11;66.1;-2.7
2012;19.12.2012;05:40:40;1026.6;2.079;68.1;-3.3
2012;19.12.2012;06:00:39;1026.6;2.05;68.7;-3.6
2012;19.12.2012;06:20:39;1026.6;2.074;69.5;-3.6
2012;19.12.2012;06:40:39;1026.6;2.088;72.1;-4
2012;19.12.2012;07:00:39;1026.8;2.057;74.3;-4.6
2012;19.12.2012;07:20:39;1026.9;2.118;73.7;-4.1
2012;19.12.2012;07:40:39;1027.1;2.09;73.3;-4.2
2012;19.12.2012;08:00:39;1027.2;2.059;68.5;-3.5
2012;19.12.2012;08:20:39;1027.2;2.054;64.4;-2.7
2012;19.12.2012;08:40:39;1027.2;2.105;69;-3.3
2012;19.12.2012;09:00:39;1027.2;2.112;66.7;-2.8
2012;19.12.2012;09:20:39;1027.2;2.152;70;-3.2
2012;19.12.2012;09:40:39;1027.3;2.219;72.2;-3.2
2012;19.12.2012;10:00:39;1027.3;2.23;72;-3.1
2012;19.12.2012;10:20:39;1027.4;2.206;64.7;-1.8
2012;19.12.2012;11:00:39;1027.5;2.316;65;-1.2
2012;19.12.2012;11:20:39;1027.5;2.367;68.4;-1.6
2012;19.12.2012;11:40:40;1027.4;2.338;65.6;-1.2
2012;19.12.2012;12:00:39;1027.2;2.403;67.9;-1.3
2012;19.12.2012;12:20:39;1027;2.443;68;-1.1
2012;19.12.2012;12:40:39;1026.8;2.447;64.7;-0.4
2012;19.12.2012;13:00:39;1026.6;2.469;63.4;0
2012;19.12.2012;13:20:40;1026.5;2.362;61.1;-0.1
2012;19.12.2012;13:40:39;1026.4;2.48;63.2;0.1
2012;19.12.2012;14:00:39;1026.3;2.517;64.6;0
2012;19.12.2012;14:20:39;1026.2;2.527;64.4;0.1
2012;19.12.2012;14:40:40;1026.2;2.565;64.4;0.3
2012;19.12.2012;15:00:39;1026.2;2.563;63.9;0.4
2012;19.12.2012;15:20:40;1026.1;2.669;65.1;0.7
2012;19.12.2012;15:40:39;1026;2.739;66.8;0.7
2012;19.12.2012;16:20:39;1026;2.658;65.3;0.6
2012;19.12.2012;16:40:39;1026;2.709;67.5;0.4
2012;19.12.2012;17:00:39;1026;2.773;69.1;0.4
2012;19.12.2012;17:20:39;1026;2.711;66.1;0.7
2012;19.12.2012;17:40:40;1026.2;2.75;66.1;0.9
2012;19.12.2012;18:00:41;1026.4;2.772;69.6;0.3
2012;19.12.2012;18:20:40;1026.5;2.919;76;-0.2
2012;19.12.2012;18:40:40;1026.7;3.052;82.4;-0.7
2012;19.12.2012;19:00:40;1027;3.194;87.5;-0.9
2012;19.12.2012;19:20:39;1027.1;3.251;90.4;-1.1
2012;19.12.2012;19:40:40;1027.4;3.296;93;-1.3
2012;19.12.2012;20:00:39;1027.6;3.355;93.3;-1.1
2012;19.12.2012;20:20:40;1027.7;3.338;94.2;-1.3
2012;19.12.2012;20:40:40;1027.9;3.4;93.9;-1
2012;19.12.2012;21:00:39;1028.2;3.381;93.4;-1
2012;19.12.2012;21:40:38;1028.5;3.504;94.7;-0.7
2012;19.12.2012;22:00:40;1028.6;3.444;93.1;-0.7
2012;19.12.2012;22:20:40;1028.8;3.566;95;-0.5
2012;19.12.2012;22:40:40;1029;3.588;94.9;-0.4
2012;19.12.2012;23:00:40;1029.1;3.554;95.4;-0.6
2012;19.12.2012;23:20:40;1029.3;3.599;92.5;0
2012;19.12.2012;23:40:39;1029.4;3.457;87.6;0.2
2012;20.12.2012;00:00:39;1029.5;3.449;87.4;0.2
2012;20.12.2012;00:20:40;1029.6;3.454;86.9;0.3
2012;20.12.2012;00:40:39;1029.7;3.451;86.2;0.4
2012;20.12.2012;01:00:39;1030;3.413;87.8;0
2012;20.12.2012;01:20:39;1030.2;3.577;92;0
2012;20.12.2012;01:40:40;1030.3;3.596;92.5;0
2012;20.12.2012;02:00:39;1030.4;3.392;84.8;0.4
2012;20.12.2012;02:20:39;1030.5;3.307;83.9;0.2
2012;20.12.2012;02:40:39;1030.7;3.255;83.2;0.1
2012;20.12.2012;03:00:39;1030.9;3.231;83.2;0
2012;20.12.2012;03:20:40;1031;3.211;82.1;0.1
2012;20.12.2012;03:40:39;1031.3;3.261;84;0
2012;20.12.2012;04:00:40;1031.4;3.295;85.5;-0.1
2012;20.12.2012;04:20:39;1031.4;3.301;86.3;-0.2
2012;20.12.2012;04:40:39;1031.5;3.229;89.5;-1
2012;20.12.2012;05:00:39;1031.5;3.282;85.8;-0.2
2012;20.12.2012;05:20:39;1031.4;3.267;87.3;-0.5
2012;20.12.2012;05:40:39;1031.5;3.313;90.5;-0.8
2012;20.12.2012;06:00:39;1031.5;3.361;88.5;-0.3
2012;20.12.2012;06:20:39;1031.6;3.428;89.6;-0.2
2012;20.12.2012;06:40:40;1031.6;3.395;88.1;-0.1
2012;20.12.2012;07:00:40;1031.7;3.485;88.5;0.2
2012;20.12.2012;07:20:39;1031.8;3.598;89.4;0.5
2012;20.12.2012;07:40:41;1031.9;3.601;88.2;0.7
2012;20.12.2012;08:00:39;1032;3.542;89.3;0.3
2012;20.12.2012;08:20:39;1032.1;3.553;89.6;0.3
2012;20.12.2012;08:40:39;1032.3;3.509;89.8;0.1
2012;20.12.2012;09:00:39;1032.4;3.365;84.9;0.3
2012;20.12.2012;09:20:39;1032.5;3.313;83;0.4
2012;20.12.2012;09:40:39;1032.6;3.335;80.6;0.9
2012;20.12.2012;10:00:40;1032.6;3.361;84.2;0.4
2012;20.12.2012;10:20:39;1032.6;3.389;84.9;0.4
2012;20.12.2012;10:40:39;1032.6;3.419;83.2;0.8
2012;20.12.2012;11:00:40;1032.5;3.412;80.1;1.3
2012;20.12.2012;11:20:39;1032.4;3.403;84;0.6
2012;20.12.2012;11:40:39;1032.3;3.42;83.2;0.8
2012;20.12.2012;12:00:39;1032.1;3.395;82.6;0.8
2012;20.12.2012;12:20:40;1032;3.392;82.5;0.8
2012;20.12.2012;12:40:39;1032;3.383;82.3;0.8
2012;20.12.2012;13:00:41;1031.9;3.392;81.9;0.9
2012;20.12.2012;13:20:39;1031.8;3.428;81;1.2
2012;20.12.2012;13:40:39;1031.7;3.396;81.4;1
2012;20.12.2012;14:00:39;1031.5;3.401;82.1;0.9
2012;20.12.2012;14:20:39;1031.4;3.389;81.8;0.9
2012;20.12.2012;14:40:40;1031.4;3.373;82.6;0.7
2012;20.12.2012;15:20:39;1031.4;3.348;81.4;0.8
2012;20.12.2012;15:40:39;1031.5;3.393;82.5;0.8
2012;20.12.2012;16:00:41;1031.6;3.344;81.9;0.7
2012;20.12.2012;16:20:39;1031.7;3.372;83.8;0.5
2012;20.12.2012;16:40:39;1031.7;3.346;85.6;0.1
2012;20.12.2012;17:00:39;1031.7;3.359;84.7;0.3
2012;20.12.2012;17:20:39;1031.6;3.33;85.8;0
2012;20.12.2012;17:40:39;1031.6;3.321;86.2;-0.1
2012;20.12.2012;18:00:39;1031.7;3.378;86.4;0.1
2012;20.12.2012;18:20:39;1031.8;3.257;85.8;-0.3
2012;20.12.2012;18:40:40;1031.7;3.29;87.3;-0.4
2012;20.12.2012;19:00:39;1031.7;3.227;86.9;-0.6
2012;20.12.2012;19:20:39;1031.8;3.22;86.7;-0.6
2012;20.12.2012;19:40:39;1032;3.218;87.3;-0.7
2012;20.12.2012;20:00:39;1032.2;3.193;87.3;-0.8
2012;20.12.2012;20:20:40;1032.4;3.197;87.4;-0.8
2012;20.12.2012;20:40:40;1032.5;3.2;87.5;-0.8
2012;20.12.2012;21:00:39;1032.4;3.26;87.2;-0.5
2012;20.12.2012;21:20:41;1032.6;3.173;87.4;-0.9
2012;20.12.2012;21:40:39;1032.8;3.161;87.1;-0.9
2012;20.12.2012;22:00:39;1032.9;3.172;87.4;-0.9
2012;20.12.2012;22:20:41;1033;3.176;86.9;-0.8
2012;20.12.2012;22:40:39;1033.1;3.158;86.4;-0.8
2012;20.12.2012;23:00:39;1033.2;3.157;86.4;-0.8
2012;20.12.2012;23:20:39;1033.3;3.159;87.1;-0.9
2012;20.12.2012;23:40:39;1033.6;3.143;84.8;-0.6
2012;21.12.2012;00:00:41;1033.6;3.175;83.8;-0.3
2012;21.12.2012;00:20:41;1033.6;3.157;85.8;-0.7
2012;21.12.2012;00:40:39;1033.5;3.217;87.4;-0.7
2012;21.12.2012;01:00:39;1033.5;3.246;89.5;-0.9
2012;21.12.2012;01:20:40;1033.5;3.243;89.4;-0.9
2012;21.12.2012;01:40:42;1033.4;3.203;88.3;-0.9
2012;21.12.2012;02:00:39;1033.3;3.182;89;-1.1
2012;21.12.2012;02:20:39;1033.3;3.167;88.6;-1.1
2012;21.12.2012;02:40:39;1033.2;3.128;87.5;-1.1
2012;21.12.2012;03:00:39;1033.2;3.01;83.6;-1
2012;21.12.2012;03:20:40;1033.3;2.948;81.3;-0.9
2012;21.12.2012;03:40:40;1033.3;2.936;79.8;-0.7
2012;21.12.2012;04:00:38;1033.2;2.799;78.9;-1.2
2012;21.12.2012;04:20:40;1033.2;2.797;77.7;-1
2012;21.12.2012;04:40:40;1033.2;2.794;78.2;-1.1
2012;21.12.2012;05:00:39;1033.4;2.792;79.9;-1.4
2012;21.12.2012;05:20:40;1033.3;2.831;76.4;-0.6
2012;21.12.2012;05:40:39;1033.3;2.829;76.9;-0.7
2012;21.12.2012;06:00:39;1033.4;2.759;77.8;-1.2
2012;21.12.2012;06:20:39;1033.4;2.799;76.1;-0.7
2012;21.12.2012;06:40:41;1033.5;2.824;77.9;-0.9
2012;21.12.2012;07:00:39;1033.6;2.816;77.7;-0.9
2012;21.12.2012;07:20:42;1033.6;2.834;78.2;-0.9
2012;21.12.2012;07:40:39;1033.5;2.864;79;-0.9
2012;21.12.2012;08:00:39;1033.6;2.864;79;-0.9
2012;21.12.2012;08:20:39;1033.7;2.895;77;-0.4
2012;21.12.2012;08:40:40;1033.8;2.974;79.1;-0.4
2012;21.12.2012;09:00:39;1033.8;2.865;77.9;-0.7
2012;21.12.2012;09:20:39;1033.9;2.859;77.2;-0.6
2012;21.12.2012;09:40:39;1033.9;2.798;76.1;-0.7
2012;21.12.2012;10:00:40;1034;2.809;75.3;-0.5
2012;21.12.2012;10:20:40;1034;2.862;75.6;30.3
2012;21.12.2012;10:40:40;1033.9;2.789;75.3;-0.6
2012;21.12.2012;11:20:39;1033.6;2.819;76.1;-0.6
2012;21.12.2012;11:40:39;1033.6;2.799;76.1;-0.7
2012;21.12.2012;12:00:39;1033.5;2.852;78.1;-0.8
2012;21.12.2012;12:20:39;1033.5;2.839;78.9;-1
2012;21.12.2012;12:40:39;1033.4;2.818;78.3;-1
2012;21.12.2012;13:00:40;1033.3;2.822;78.4;-1
2012;21.12.2012;13:20:39;1033.1;2.819;78.3;-1
2012;21.12.2012;13:40:39;1033.1;2.783;77.3;-1
2012;21.12.2012;14:00:39;1033;2.817;77.1;-0.8
2012;21.12.2012;14:20:39;1033;2.828;77.4;-0.8
2012;21.12.2012;14:40:40;1033.1;2.843;76.7;-0.6
2012;21.12.2012;15:00:39;1033.2;2.855;77.6;-0.7
2012;21.12.2012;15:20:40;1033.3;2.906;78.4;-0.6
2012;21.12.2012;15:40:39;1033.4;2.904;77.8;-0.5
2012;21.12.2012;16:00:39;1033.4;2.893;77.5;-0.5
2012;21.12.2012;16:20:40;1033.5;2.857;77.1;-0.6
2012;21.12.2012;16:40:39;1033.6;2.868;77.4;-0.6
2012;21.12.2012;17:00:40;1033.6;2.823;76.2;-0.6
2012;21.12.2012;17:20:39;1033.7;2.793;76.5;-0.8
2012;21.12.2012;17:40:40;1033.9;2.805;76.3;-0.7
2012;21.12.2012;18:00:39;1034.1;2.797;76.1;-0.7
2012;21.12.2012;18:20:39;1034.2;2.795;75.5;-0.6
2012;21.12.2012;18:40:39;1034.3;2.793;76;-0.7
2012;21.12.2012;19:00:39;1034.4;2.826;76.9;-0.7
2012;21.12.2012;19:20:40;1034.3;2.784;76.3;-0.8
2012;21.12.2012;19:40:41;1034.4;2.798;76.7;-0.8
2012;21.12.2012;20:00:39;1034.8;2.781;74.6;-0.5
2012;21.12.2012;20:20:39;1034.9;2.795;75;-0.5
2012;21.12.2012;20:40:39;1035;2.842;75.7;-0.4
2012;21.12.2012;21:40:40;1034.2;2.755;77.2;-1.1
2012;21.12.2012;22:00:39;1033.7;2.769;75.3;-0.7
2012;21.12.2012;22:20:41;1033.3;2.804;77.9;-1
2012;21.12.2012;22:40:39;1033;2.883;78.9;-0.8
2012;21.12.2012;23:00:40;1032.9;2.86;80;-1.1
2012;21.12.2012;23:20:39;1032.8;2.815;81.7;-1.6
2012;21.12.2012;23:40:39;1033.1;2.881;82.4;-1.4
2012;22.12.2012;00:00:39;1033.3;2.762;80.8;-1.7
2012;22.12.2012;00:20:41;1033.6;2.782;80.8;-1.6
2012;22.12.2012;00:40:40;1033.8;2.771;80.5;-1.6
2012;22.12.2012;01:00:39;1034;2.716;79.5;-1.7
2012;22.12.2012;01:20:39;1034;2.671;78.2;-1.7
2012;22.12.2012;01:40:39;1034;2.719;79.6;-1.7
2012;22.12.2012;02:00:39;1033.9;2.693;77.7;-1.5
2012;22.12.2012;02:20:41;1034;2.654;76;-1.4
2012;22.12.2012;02:40:42;1034.1;2.65;77.6;-1.7
2012;22.12.2012;03:00:39;1034.3;2.694;76.6;-1.3
2012;22.12.2012;03:20:39;1034.4;2.601;76.2;-1.7
2012;22.12.2012;03:40:41;1034.4;2.572;77.6;-2.1
2012;22.12.2012;04:00:39;1034.4;2.594;77.7;-2
2012;22.12.2012;04:20:39;1034.3;2.658;79.6;-2
2012;22.12.2012;04:40:39;1034.1;2.666;80.4;-2.1
2012;22.12.2012;05:00:39;1033.8;2.619;78.4;-2
2012;22.12.2012;05:20:39;1033.7;2.581;78.4;-2.2
2012;22.12.2012;05:40:39;1033.6;2.606;77.4;-1.9
2012;22.12.2012;06:40:40;1034.1;2.588;75.8;-1.7
2012;22.12.2012;07:00:39;1034.3;2.618;77.8;-1.9
2012;22.12.2012;07:20:39;1034.3;2.633;77.7;-1.8
2012;22.12.2012;07:40:39;1034.2;2.615;78.3;-2
2012;22.12.2012;08:00:40;1034.1;2.587;76.9;-1.9
2012;22.12.2012;08:20:41;1034.1;2.641;76.2;-1.5
2012;22.12.2012;08:40:40;1034;2.64;75.6;-1.4
2012;22.12.2012;09:00:39;1034.2;2.623;76.8;-1.7
2012;22.12.2012;09:20:39;1034.1;2.571;75.3;-1.7
2012;22.12.2012;09:40:39;1034.2;2.58;75;-1.6
2012;22.12.2012;10:00:40;1034.5;2.517;74.3;-1.8
2012;22.12.2012;10:20:39;1034.5;2.511;74.1;-1.8
2012;22.12.2012;10:40:39;1034.5;2.549;73.6;-1.5
2012;22.12.2012;11:00:40;1034.4;2.542;72.3;-1.3
2012;22.12.2012;11:20:40;1034.2;2.572;72.6;-1.2
2012;22.12.2012;11:40:39;1034.2;2.662;73.5;-0.9
2012;22.12.2012;12:00:39;1034.2;2.651;73.2;-0.9
2012;22.12.2012;12:20:41;1034.1;2.634;72.2;-0.8
2012;22.12.2012;12:40:39;1033.9;2.644;71.4;-0.6
2012;22.12.2012;13:00:39;1033.6;2.66;71.3;-0.5
2012;22.12.2012;13:20:40;1033.4;2.721;72.9;-0.5
2012;22.12.2012;13:40:39;1033.1;2.702;72.9;-0.6
2012;22.12.2012;14:00:39;1033;2.673;71.6;-0.5
2012;22.12.2012;14:20:40;1032.9;2.655;71.1;-0.5
2012;22.12.2012;14:40:41;1032.8;2.67;71;-0.4
2012;22.12.2012;15:00:39;1032.9;2.694;71.1;-0.3
2012;22.12.2012;15:20:40;1032.9;2.701;71.3;-0.3
2012;22.12.2012;15:40:39;1032.9;2.783;74;-0.4
2012;22.12.2012;16:00:40;1033;2.862;77.2;-0.6
2012;22.12.2012;16:20:40;1033.1;3.028;84.7;-1.1
2012;22.12.2012;16:40:39;1033.1;3.173;89.4;-1.2
2012;22.12.2012;17:00:42;1033.1;3.261;91.2;-1.1
2012;22.12.2012;17:20:42;1033.2;3.363;92;-0.8
2012;22.12.2012;17:40:40;1033.1;3.384;91.2;-0.6
2012;22.12.2012;18:00:40;1033;3.348;90.9;-0.7
2012;22.12.2012;18:20:41;1033;3.378;91.7;-0.7
2012;22.12.2012;18:40:40;1033.1;3.422;90.9;-0.4
2012;22.12.2012;19:00:40;1033.2;3.389;90.7;-0.5
2012;22.12.2012;19:40:40;1032.8;3.415;90.7;-0.4
2012;22.12.2012;20:00:41;1032.7;3.41;89.9;-0.3
2012;22.12.2012;20:20:40;1032.7;3.439;90;-0.2
2012;22.12.2012;20:40:41;1032.6;3.341;86.8;-0.1
2012;22.12.2012;21:00:39;1032.5;3.399;88.3;-0.1
2012;22.12.2012;21:20:39;1032.4;3.378;87.1;0
2012;22.12.2012;21:40:39;1032.3;3.408;88.5;-0.1
2012;22.12.2012;22:00:39;1032;3.395;88.8;-0.2
2012;22.12.2012;22:20:39;1031.9;3.316;86.1;-0.1
2012;22.12.2012;22:40:40;1031.7;3.357;86.5;0
2012;22.12.2012;23:00:41;1031.7;3.348;83.2;0.5
2012;22.12.2012;23:20:39;1031.7;3.319;84.3;0.2
2012;22.12.2012;23:40:41;1031.7;3.407;85.9;0.3
2012;23.12.2012;00:00:40;1031.5;3.442;87.4;0.2
2012;23.12.2012;00:20:40;1031.4;3.329;83.3;0.4
2012;23.12.2012;00:40:41;1031.3;3.198;78.9;0.6
2012;23.12.2012;01:00:40;1031.2;3.225;81.3;0.3
2012;23.12.2012;01:20:40;1031.1;3.254;82;0.3
2012;23.12.2012;01:40:39;1031.1;3.249;80.7;0.5
2012;23.12.2012;02:00:39;1031;3.357;85.2;0.2
2012;23.12.2012;02:20:41;1030.9;3.375;82.6;0.7
2012;23.12.2012;02:40:41;1031;3.217;79.9;0.5
2012;23.12.2012;03:00:41;1031;3.279;79.7;0.8
2012;23.12.2012;03:20:41;1030.8;3.245;80;0.6
2012;23.12.2012;03:40:39;1030.8;3.246;81.2;0.4
2012;23.12.2012;04:00:40;1030.7;3.238;80.4;0.5
2012;23.12.2012;04:20:39;1030.7;3.278;80.8;0.6
2012;23.12.2012;04:40:43;1030.5;3.342;85.4;0.1
2012;23.12.2012;05:00:38;1030.3;3.368;84.8;0.3
2012;23.12.2012;05:20:39;1030.2;3.365;84.1;0.4
2012;23.12.2012;05:40:39;1030.1;3.324;81.9;0.6
2012;23.12.2012;06:00:39;1030;3.413;85.9;0.3
2012;23.12.2012;06:20:39;1029.9;3.37;83.6;0.5
2012;23.12.2012;06:40:42;1029.9;3.403;83.8;0.6
2012;23.12.2012;07:00:40;1030;3.439;85.3;0.5
2012;23.12.2012;07:20:39;1030;3.529;86.9;0.6
2012;23.12.2012;07:40:40;1029.9;3.506;87.6;0.4
2012;23.12.2012;08:00:39;1030;3.629;90;0.5
2012;23.12.2012;08:20:40;1030;3.665;90.9;0.5
2012;23.12.2012;08:40:40;1030.2;3.779;91.7;0.8
2012;23.12.2012;09:00:39;1030.4;3.791;92;0.8
2012;23.12.2012;09:20:40;1030.5;3.791;92.7;0.7
2012;23.12.2012;09:40:41;1030.6;3.807;93.1;0.7
2012;23.12.2012;10:00:40;1030.8;3.84;94.6;0.6
2012;23.12.2012;10:20:40;1031;3.864;95.2;0.6
2012;23.12.2012;10:40:39;1031.1;3.941;95.7;0.8
2012;23.12.2012;11:00:41;1031.1;4.015;95.4;1.1
2012;23.12.2012;11:20:41;1030.9;4.041;95.3;1.2
2012;23.12.2012;11:40:40;1030.8;4.105;95.4;1.4
2012;23.12.2012;12:00:39;1030.6;4.194;94.7;1.8
2012;23.12.2012;12:20:40;1030.5;4.162;93.3;1.9
2012;23.12.2012;12:40:39;1030.4;4.175;92.9;2
2012;23.12.2012;13:00:39;1030.2;4.163;93.3;1.9
2012;23.12.2012;13:20:39;1030.1;4.186;93.8;1.9
2012;23.12.2012;14:00:39;1029.8;4.104;92.6;1.8
2012;23.12.2012;14:00:39;1029.8;4.104;92.6;1.8
2012;23.12.2012;14:20:39;1029.8;4.2;93.4;2
2012;23.12.2012;14:40:39;1029.8;4.156;93.1;1.9
2012;23.12.2012;15:00:39;1029.7;4.15;94.3;1.7
2012;23.12.2012;15:20:39;1029.7;4.198;94.7;1.8
2012;23.12.2012;15:40:40;1029.7;4.212;95;1.8
2012;23.12.2012;16:00:39;1029.7;4.229;95.4;1.8
2012;23.12.2012;16:20:39;1029.8;4.308;95.1;2.1
2012;23.12.2012;16:40:39;1029.8;4.294;94.8;2.1
2012;23.12.2012;17:00:39;1029.8;4.307;95.1;2.1
2012;23.12.2012;17:20:39;1029.7;4.339;95.1;2.2
2012;23.12.2012;17:40:39;1029.6;4.296;93.5;2.3
2012;23.12.2012;18:00:39;1029.5;4.301;91.6;2.6
2012;23.12.2012;18:20:39;1029.4;4.214;90.4;2.5
2012;23.12.2012;18:40:39;1029.1;4.224;91.9;2.3
2012;23.12.2012;19:00:39;1029;4.4;93;2.7
2012;23.12.2012;19:20:39;1028.8;4.296;92.1;2.5
2012;23.12.2012;19:40:39;1028.8;4.359;94.1;2.4
2012;23.12.2012;20:00:39;1028.7;4.209;93.5;2
2012;23.12.2012;20:20:39;1028.6;4.29;94.6;2.1
2012;23.12.2012;20:40:39;1028.6;4.251;95.1;1.9
2012;23.12.2012;21:00:39;1028.4;4.174;96.1;1.5
2012;23.12.2012;21:20:39;1028.4;4.262;96.7;1.7
2012;23.12.2012;21:40:39;1028.3;4.241;96.9;1.6
2012;23.12.2012;22:00:39;1028.2;4.032;96.9;0.9
2012;23.12.2012;22:20:39;1028.1;4.099;97.1;1.1
2012;23.12.2012;23:00:39;1028.1;4.163;97.2;1.3
2012;23.12.2012;23:20:39;1028.1;4.015;97.2;0.8
2012;23.12.2012;23:40:39;1027.9;4.028;97.5;0.8
2012;24.12.2012;00:00:39;1028;4.129;97.8;1.1
2012;24.12.2012;00:20:40;1027.9;4.194;97.9;1.3
2012;24.12.2012;00:40:41;1027.9;4.164;97.9;1.2
2012;24.12.2012;01:00:39;1027.9;4.108;98;1
2012;24.12.2012;01:20:39;1027.8;4.05;98;0.8
2012;24.12.2012;01:40:40;1027.8;4.113;98.1;1
2012;24.12.2012;02:00:40;1027.7;4.122;98.3;1
2012;24.12.2012;02:20:40;1027.7;4.122;98.3;1
2012;24.12.2012;02:40:39;1027.6;4.161;98.5;1.1
2012;24.12.2012;03:00:39;1027.5;4.101;98.5;0.9
2012;24.12.2012;03:20:39;1027.3;4.072;98.5;0.8
2012;24.12.2012;03:40:39;1027.1;4.048;98.6;0.7
2012;24.12.2012;04:00:39;1027;4.019;98.6;0.6
2012;24.12.2012;04:20:38;1026.8;4.079;98.6;0.8
2012;24.12.2012;04:40:40;1026.7;4.109;98.6;0.9
2012;24.12.2012;05:00:39;1026.6;4.109;98.6;0.9
2012;24.12.2012;05:20:39;1026.5;4.084;98.7;0.8
2012;24.12.2012;05:40:39;1026.5;4.109;98.6;0.9
2012;24.12.2012;06:00:39;1026.5;4.109;98.6;0.9
2012;24.12.2012;06:20:39;1026.5;4.08;98.6;0.8
2012;24.12.2012;06:40:39;1026.6;4.046;98.5;0.7
2012;24.12.2012;07:00:38;1026.7;4.016;98.5;0.6
2012;24.12.2012;07:20:39;1026.8;4.016;98.5;0.6
2012;24.12.2012;07:40:39;1026.8;4.015;98.5;0.6
2012;24.12.2012;08:00:39;1026.9;3.99;98.6;0.5
2012;24.12.2012;08:20:39;1027;4.019;98.6;0.6
2012;24.12.2012;08:40:39;1027.1;4.052;98.7;0.7
2012;24.12.2012;09:00:39;1027.1;4.022;98.7;0.6
2012;24.12.2012;09:20:39;1027.2;4.051;98.7;0.7
2012;24.12.2012;09:40:39;1027.2;4.055;98.8;0.7
2012;24.12.2012;10:00:38;1027.3;4.115;98.8;0.9
2012;24.12.2012;10:40:39;1027.4;4.059;98.9;0.7
2012;24.12.2012;11:00:39;1027.4;4.149;98.9;1
2012;24.12.2012;11:20:39;1027.3;4.179;98.9;1.1
2012;24.12.2012;11:40:39;1027.2;4.179;98.9;1.1
2012;24.12.2012;12:00:39;1027.1;4.18;98.9;1.1
2012;24.12.2012;12:20:39;1026.9;4.211;98.9;1.2
2012;24.12.2012;12:40:39;1026.7;4.238;98.8;1.3
2012;24.12.2012;13:00:39;1026.5;4.209;98.8;1.2
2012;24.12.2012;13:20:39;1026.2;4.21;98.8;1.2
2012;24.12.2012;13:40:39;1026;4.237;98.7;1.3
2012;24.12.2012;14:00:39;1025.9;4.242;98.8;1.3
2012;24.12.2012;14:20:39;1025.8;4.242;98.8;1.3
2012;24.12.2012;14:40:39;1025.7;4.242;98.8;1.3
2012;24.12.2012;15:20:38;1025.7;4.273;98.8;1.4
2012;24.12.2012;15:40:39;1025.7;4.278;98.9;1.4
2012;24.12.2012;16:00:39;1025.8;4.277;98.9;1.4
2012;24.12.2012;16:20:39;1025.9;4.335;98.8;1.6
2012;24.12.2012;16:40:39;1025.9;4.242;98.8;1.3
2012;24.12.2012;17:00:39;1025.9;4.326;98.6;1.6
2012;24.12.2012;17:20:39;1025.9;4.299;98;1.6
2012;24.12.2012;17:40:39;1025.8;4.225;97;1.5
2012;24.12.2012;18:00:39;1025.7;4.177;95.9;1.5
2012;24.12.2012;18:20:38;1025.6;4.186;96.1;1.5
2012;24.12.2012;18:40:39;1025.5;4.129;94.8;1.5
2012;24.12.2012;19:00:39;1025.4;4.135;92.9;1.8
2012;24.12.2012;19:20:39;1025.4;3.979;90.7;1.6
2012;24.12.2012;19:40:39;1025.4;3.992;91;1.6
2012;24.12.2012;20:00:39;1025.4;4.005;91.3;1.6
2012;24.12.2012;20:20:39;1025.3;4.01;90.1;1.8
2012;24.12.2012;20:40:38;1025.2;3.998;93.1;1.3
2012;24.12.2012;21:00:39;1025.1;4.193;93.5;1.9
2012;24.12.2012;21:40:39;1024.9;4.214;95.3;1.7
2012;24.12.2012;22:00:39;1024.7;4.171;95;1.6
2012;24.12.2012;22:20:39;1024.6;4.097;93.3;1.6
2012;24.12.2012;22:40:39;1024.4;4.042;92.7;1.5
2012;24.12.2012;23:00:39;1024.3;3.976;91.2;1.5
2012;24.12.2012;23:20:39;1024.3;4.126;92.6;1.8
2012;24.12.2012;23:40:39;1024.2;4.104;92.1;1.8
2012;25.12.2012;00:00:39;1024.2;4.015;93.4;1.3
2012;25.12.2012;00:20:39;1024.1;3.963;94.2;1
2012;25.12.2012;00:40:39;1024;4.029;94.4;1.2
2012;25.12.2012;01:00:39;1024;3.988;94.1;1.1
2012;25.12.2012;01:20:39;1023.9;3.967;93.6;1.1
2012;25.12.2012;01:40:39;1023.8;3.966;92.9;1.2
2012;25.12.2012;02:00:39;1023.7;3.978;92.5;1.3
2012;25.12.2012;02:20:39;1023.5;3.957;92;1.3
2012;25.12.2012;02:40:39;1023.4;3.949;90.5;1.5
2012;25.12.2012;03:00:39;1023.2;3.934;89.5;1.6
2012;25.12.2012;03:20:39;1023.1;3.901;88.1;1.7
2012;25.12.2012;03:40:39;1023;3.946;89.1;1.7
2012;25.12.2012;04:00:39;1022.8;3.911;88.3;1.7
2012;25.12.2012;04:20:39;1022.7;3.929;88.7;1.7
2012;25.12.2012;04:40:39;1022.6;3.941;89.6;1.6
2012;25.12.2012;05:00:39;1022.4;3.93;88.7;1.7
2012;25.12.2012;05:20:39;1022.3;3.922;88.5;1.7
2012;25.12.2012;05:40:39;1022.1;3.945;91.6;1.3
2012;25.12.2012;06:00:38;1022;3.871;88.6;1.5
2012;25.12.2012;06:20:39;1021.9;3.913;88.9;1.6
2012;25.12.2012;06:40:39;1021.8;3.882;88.2;1.6
2012;25.12.2012;07:00:39;1021.7;3.897;89.8;1.4
2012;25.12.2012;07:20:38;1021.7;3.94;89.5;1.6
2012;25.12.2012;07:40:39;1021.8;3.933;90;1.5
2012;25.12.2012;08:00:39;1021.8;3.966;91.4;1.4
2012;25.12.2012;08:20:39;1021.9;4.023;92.7;1.4
2012;25.12.2012;08:40:39;1021.9;4.116;93.5;1.6
2012;25.12.2012;09:00:39;1021.9;4.138;94;1.6
2012;25.12.2012;09:20:38;1022;4.126;94.4;1.5
2012;25.12.2012;09:40:39;1022;4.104;93.9;1.5
2012;25.12.2012;10:00:39;1022;4.147;94.2;1.6
2012;25.12.2012;10:20:39;1022;4.152;95;1.5
2012;25.12.2012;10:40:39;1021.9;4.19;93.8;1.8
2012;25.12.2012;11:00:39;1021.8;4.156;93.7;1.7
2012;25.12.2012;11:20:39;1021.6;4.152;93.6;1.7
2012;25.12.2012;11:40:39;1021.5;4.227;94.6;1.8
2012;25.12.2012;12:00:39;1021.3;4.21;94.2;1.8
2012;25.12.2012;12:20:39;1021.1;4.225;94.5;1.8
2012;25.12.2012;12:40:38;1020.9;4.292;95.3;1.9
2012;25.12.2012;13:00:39;1020.7;4.31;95;2
2012;25.12.2012;13:20:39;1020.6;4.262;94.6;1.9
2012;25.12.2012;13:40:39;1020.5;4.254;95.1;1.8
2012;25.12.2012;14:00:39;1020.4;4.326;96;1.9
2012;25.12.2012;14:20:39;1020.2;4.341;96.3;1.9
2012;25.12.2012;14:40:39;1020.2;4.354;96.6;1.9
2012;25.12.2012;15:00:39;1020.2;4.422;96.7;2.1
2012;25.12.2012;15:20:40;1020.2;4.354;96.6;1.9
2012;25.12.2012;15:40:39;1020.2;4.386;96.6;2
2012;25.12.2012;16:00:39;1020.1;4.408;96.4;2.1
2012;25.12.2012;16:20:39;1020.1;4.314;95.7;1.9
2012;25.12.2012;17:00:38;1020.1;4.35;96.5;1.9
2012;25.12.2012;17:20:39;1020.1;4.386;96.6;2
2012;25.12.2012;17:40:39;1020.1;4.395;96.1;2.1
2012;25.12.2012;18:00:39;1020.1;4.349;95.1;2.1
2012;25.12.2012;18:20:39;1020;4.298;94;2.1
2012;25.12.2012;18:40:39;1020;4.326;94.6;2.1
2012;25.12.2012;19:00:39;1020;4.369;93.5;2.4
2012;25.12.2012;19:20:39;1020;4.259;93.8;2
2012;25.12.2012;19:40:39;1019.9;4.234;92.6;2.1
2012;25.12.2012;20:00:39;1019.8;4.173;91.9;2
2012;25.12.2012;20:20:39;1019.6;4.165;93.7;1.7
2012;25.12.2012;20:40:39;1019.5;4.245;94.8;1.8
2012;25.12.2012;21:00:39;1019.5;4.183;94.1;1.7
2012;25.12.2012;21:40:39;1019.2;4.16;92.9;1.8
2012;25.12.2012;22:00:39;1019.1;4.111;91.8;1.8
2012;25.12.2012;22:20:39;1018.9;4.1;92.2;1.7
2012;25.12.2012;22:40:39;1018.9;4.137;91.7;1.9
2012;25.12.2012;23:00:39;1018.8;4.103;91.6;1.8
2012;25.12.2012;23:40:39;1018.7;4.158;92.8;1.8
2012;26.12.2012;00:00:41;1018.6;4.086;91.2;1.8
2012;26.12.2012;00:20:39;1018.5;4.039;89.5;1.9
2012;26.12.2012;00:40:39;1018.4;3.995;89.8;1.7
2012;26.12.2012;01:00:39;1018.3;4.022;89.1;1.9
2012;26.12.2012;01:20:39;1018;4.017;90.9;1.6
2012;26.12.2012;01:40:39;1017.8;3.936;89.7;1.5
2012;26.12.2012;02:00:39;1017.6;3.892;88.7;1.5
2012;26.12.2012;02:20:39;1017.5;3.857;87.9;1.5
2012;26.12.2012;02:40:39;1017.3;3.87;88.8;1.4
2012;26.12.2012;03:00:39;1017.1;3.877;89.6;1.3
2012;26.12.2012;03:20:39;1017;3.93;90.8;1.3
2012;26.12.2012;03:40:40;1016.8;3.721;86.6;1.2
2012;26.12.2012;04:00:39;1016.6;3.768;88.3;1.1
2012;26.12.2012;04:20:39;1016.4;3.793;87.6;1.3
2012;26.12.2012;04:40:39;1016.2;3.721;87.8;1
2012;26.12.2012;05:00:39;1016.1;3.663;85.8;1.1
2012;26.12.2012;05:20:39;1015.9;3.658;86.3;1
2012;26.12.2012;05:40:39;1015.7;3.612;85.2;1
2012;26.12.2012;06:00:39;1015.6;3.59;85.3;0.9
2012;26.12.2012;06:20:39;1015.4;3.565;85.3;0.8
2012;26.12.2012;06:40:39;1015.2;3.499;83.7;0.8
2012;26.12.2012;07:00:39;1015;3.49;84.7;0.6
2012;26.12.2012;07:20:39;1014.8;3.512;84.6;0.7
2012;26.12.2012;07:40:39;1014.7;3.533;85.7;0.6
2012;26.12.2012;08:00:40;1014.5;3.509;84.5;0.7
2012;26.12.2012;08:20:38;1014.5;3.497;84.2;0.7
2012;26.12.2012;08:40:39;1014.4;3.51;83.9;0.8
2012;26.12.2012;09:00:39;1014.3;3.497;83;0.9
2012;26.12.2012;09:20:39;1014.3;3.481;83.8;0.7
2012;26.12.2012;09:40:39;1014.2;3.48;84.4;0.6
2012;26.12.2012;10:00:39;1014.2;3.59;88.3;0.4
2012;26.12.2012;10:20:39;1014.2;3.685;91.3;0.3
2012;26.12.2012;10:40:39;1014.2;3.717;91.4;0.4
2012;26.12.2012;11:00:39;1014.1;3.709;91.2;0.4
2012;26.12.2012;11:20:39;1013.9;3.716;92.7;0.2
2012;26.12.2012;11:40:39;1013.6;3.705;92.4;0.2
2012;26.12.2012;12:00:38;1013.3;3.703;91;0.4
2012;26.12.2012;12:20:39;1013;3.645;88.9;0.5
2012;26.12.2012;12:40:39;1012.6;3.572;83.4;1.1
2012;26.12.2012;13:00:39;1012.3;3.379;81.2;0.7
2012;26.12.2012;13:20:39;1012;3.338;80.2;0.7
2012;26.12.2012;13:40:39;1011.8;3.352;78.8;1
2012;26.12.2012;14:00:39;1011.6;3.371;78.1;1.2
2012;26.12.2012;14:20:38;1011.4;3.32;76.9;1.2
2012;26.12.2012;14:40:39;1011.3;3.305;77.1;1.1
2012;26.12.2012;15:00:39;1011.2;3.353;80.5;0.7
2012;26.12.2012;15:20:39;1011;3.367;81.4;0.6
2012;26.12.2012;15:40:39;1010.9;3.425;82.8;0.6
2012;26.12.2012;16:00:39;1010.8;3.393;79.1;1.1
2012;26.12.2012;16:20:39;1010.7;3.389;79;1.1
2012;26.12.2012;16:40:39;1010.6;3.392;78.5;1.2
2012;26.12.2012;17:00:39;1010.4;3.322;79.7;0.7
2012;26.12.2012;17:20:39;1010.3;3.345;81.4;0.5
2012;26.12.2012;17:40:39;1010.2;3.334;79.4;0.8
2012;26.12.2012;18:00:39;1010.1;3.275;79.7;0.5
2012;26.12.2012;18:20:39;1010;3.244;79.5;0.4
2012;26.12.2012;18:40:39;1009.9;3.264;80;0.4
2012;26.12.2012;19:00:39;1009.9;3.233;79.8;0.3
2012;26.12.2012;19:20:39;1009.8;3.175;76.7;0.6
2012;26.12.2012;19:40:39;1009.7;3.091;76.3;0.3
2012;26.12.2012;20:00:39;1009.6;3.077;75.4;0.4
2012;26.12.2012;20:20:39;1009.5;3.093;74.7;0.6
2012;26.12.2012;20:40:39;1009.4;3.083;75;0.5
2012;26.12.2012;21:00:39;1009.3;3.108;75.6;0.5
2012;26.12.2012;21:40:39;1009.1;3.058;77.1;0
2012;26.12.2012;22:00:39;1008.9;3.049;78;-0.2
2012;26.12.2012;22:40:39;1008.7;2.989;75.9;-0.1
2012;26.12.2012;23:00:39;1008.7;3.008;77.5;-0.3
2012;26.12.2012;23:20:39;1008.5;3.021;78.4;-0.4
2012;26.12.2012;23:40:39;1008.4;3.11;79.5;-0.2
2012;27.12.2012;00:00:39;1008.3;3.054;77.5;-0.1
2012;27.12.2012;00:20:39;1008.1;3.03;78.6;-0.4
2012;27.12.2012;00:40:39;1007.9;3.021;79.5;-0.6
2012;27.12.2012;01:00:39;1007.7;2.966;76.9;-0.4
2012;27.12.2012;01:20:40;1007.5;2.923;78.6;-0.9
2012;27.12.2012;01:40:39;1007.4;2.882;79.2;-1.2
2012;27.12.2012;02:20:39;1007.2;2.875;79.6;-1.3
2012;27.12.2012;02:40:39;1007.1;2.843;78.7;-1.3
2012;27.12.2012;03:00:39;1007;2.836;78.5;-1.3
2012;27.12.2012;03:20:39;1006.8;2.865;78.7;-1.2
2012;27.12.2012;03:40:38;1006.7;2.942;80.2;-1.1
2012;27.12.2012;04:00:39;1006.5;2.896;77.8;-0.9
2012;27.12.2012;04:20:39;1006.4;2.909;75.9;-0.5
2012;27.12.2012;04:40:39;1006.3;2.9;75.1;-0.4
2012;27.12.2012;05:00:39;1006.1;2.922;77.9;-0.8
2012;27.12.2012;05:20:39;1005.9;3.033;81.4;-0.9
2012;27.12.2012;05:40:39;1005.7;3.047;84.2;-1.3
2012;27.12.2012;06:00:39;1005.5;3.086;85.9;-1.4
2012;27.12.2012;06:20:39;1005.4;3.103;85.7;-1.3
2012;27.12.2012;06:40:39;1005.2;3.058;85.1;-1.4
2012;27.12.2012;07:00:39;1005.1;3.073;85.5;-1.4
2012;27.12.2012;07:20:39;1005;3.045;84.1;-1.3
2012;27.12.2012;07:40:39;1004.9;3.038;83.9;-1.3
2012;27.12.2012;08:00:39;1004.8;2.97;82;-1.3
2012;27.12.2012;08:20:39;1004.7;3.021;82.2;-1.1
2012;27.12.2012;08:40:39;1004.6;3.096;84.2;-1.1
2012;27.12.2012;09:00:39;1004.6;3.058;83.8;-1.2
2012;27.12.2012;09:20:39;1004.6;3.078;83.1;-1
2012;27.12.2012;09:40:39;1004.6;3.15;83.2;-0.7
2012;27.12.2012;10:00:39;1004.6;3.028;80;-0.7
2012;27.12.2012;10:20:39;1004.6;3.173;83.2;-0.6
2012;27.12.2012;10:40:39;1004.6;3.15;82;-0.5
2012;27.12.2012;11:00:39;1004.6;3.22;83.2;-0.4
2012;27.12.2012;11:20:40;1004.6;3.236;83.6;-0.4
2012;27.12.2012;11:40:39;1004.4;3.313;86.2;-0.5
2012;27.12.2012;12:00:39;1004.3;3.358;88;-0.6
2012;27.12.2012;12:20:39;1004.2;3.328;87.2;-0.6
2012;27.12.2012;12:40:41;1004;3.148;81.9;-0.5
2012;27.12.2012;13:00:39;1003.8;3.002;78.1;-0.5
2012;27.12.2012;13:20:39;1003.7;3.024;78.1;-0.4
2012;27.12.2012;13:40:39;1003.6;3.13;80.8;-0.4
2012;27.12.2012;14:00:39;1003.6;3.134;81.5;-0.5
2012;27.12.2012;14:40:39;1003.6;3.21;84.7;-0.7
2012;27.12.2012;15:00:39;1003.6;3.252;85.8;-0.7
2012;27.12.2012;15:00:39;1003.6;3.252;85.8;-0.7
2012;27.12.2012;15:00:39;1003.6;3.252;85.8;-0.7
2012;27.12.2012;15:00:39;1003.6;3.252;85.8;-0.7
2012;27.12.2012;15:00:39;1003.6;3.252;85.8;-0.7
2012;29.12.2012;10:40:39;1016.4;1.922;67.7;-4.4
2012;29.12.2012;11:00:39;1016.6;1.951;69.8;-4.6
2012;29.12.2012;11:20:39;1016.7;1.989;70.1;-4.4
2012;29.12.2012;11:40:39;1016.8;2.033;69;-3.9
2012;29.12.2012;12:00:39;1016.8;1.98;66.2;-3.7
2012;29.12.2012;12:20:39;1016.9;2.014;64.4;-3.1
2012;29.12.2012;12:40:39;1016.9;2.009;65.2;-3.3
2012;29.12.2012;13:00:39;1016.9;2.056;62.4;-2.4
2012;29.12.2012;13:20:40;1016.9;1.946;59.5;-2.5
2012;29.12.2012;13:40:40;1016.9;1.978;60.5;-2.5
2012;29.12.2012;14:00:39;1016.9;1.97;59.8;-2.4
2012;29.12.2012;14:40:39;1017;1.983;61.1;-2.6
2012;29.12.2012;15:00:39;1017.1;2.012;62;-2.6
2012;29.12.2012;15:20:39;1017.2;2.018;62.2;-2.6
2012;29.12.2012;15:40:39;1017.3;2.059;64.4;-2.8
2012;29.12.2012;16:00:39;1017.5;2.12;66.8;-2.9
2012;29.12.2012;16:20:39;1017.6;2.151;67.8;-2.9
2012;29.12.2012;16:40:39;1017.8;2.056;67.8;-3.5
2012;29.12.2012;17:00:39;1018;2.007;66.2;-3.5
2012;29.12.2012;17:20:39;1018.1;1.995;66.8;-3.7
2012;29.12.2012;17:40:39;1018.2;1.986;66;-3.6
2012;29.12.2012;18:00:39;1018.4;2.007;67.2;-3.7
2012;29.12.2012;18:40:39;1018.7;2.051;69.2;-3.8
2012;29.12.2012;19:00:39;1018.8;2.021;66.2;-3.4
2012;29.12.2012;19:20:39;1019;1.952;66.9;-4
2012;29.12.2012;19:40:39;1019.1;1.975;65.2;-3.5
2012;29.12.2012;20:00:39;1019.3;2.058;71.6;-4.2
2012;29.12.2012;20:20:39;1019.3;2.199;76.5;-4.2
2012;29.12.2012;20:40:39;1019.3;2.217;77.7;-4.3
2012;29.12.2012;21:00:39;1019.4;2.127;78.6;-5
2012;29.12.2012;21:20:39;1019.4;2.069;74.2;-4.6
2012;29.12.2012;21:40:39;1019.4;2.09;74.4;-4.5
2012;29.12.2012;22:00:39;1019.4;2.076;73.9;-4.5
2012;29.12.2012;22:20:39;1019.4;1.9;72.4;-5.4
2012;29.12.2012;22:40:39;1019.3;1.867;68.5;-4.9
2012;29.12.2012;23:00:39;1019.2;1.771;65.5;-5
2012;29.12.2012;23:20:39;1019.2;1.739;66.3;-5.4
2012;29.12.2012;23:40:39;1019.1;1.68;70.2;-6.6
2012;30.12.2012;00:00:39;1019;1.665;70.1;-6.7
2012;30.12.2012;00:20:39;1018.9;1.698;64.2;-5.3
2012;30.12.2012;00:40:39;1018.8;1.619;67.1;-6.5
2012;30.12.2012;01:00:39;1018.7;1.614;69.5;-7
2012;30.12.2012;01:20:39;1018.6;1.668;66;-5.9
2012;30.12.2012;01:40:39;1018.6;1.608;62.7;-5.7
2012;30.12.2012;02:00:39;1018.6;1.603;64.9;-6.2
2012;30.12.2012;02:20:39;1018.7;1.612;64.3;-6
2012;30.12.2012;02:40:39;1018.9;1.565;66.4;-6.8
2012;30.12.2012;03:00:39;1019.1;1.551;66.3;-6.9
2012;30.12.2012;03:20:39;1019.2;1.506;68.5;-7.7
2012;30.12.2012;03:40:39;1019.2;1.526;72.7;-8.3
2012;30.12.2012;04:00:39;1019.2;1.563;72.2;-7.9
2012;30.12.2012;04:20:39;1019.3;1.617;68.1;-6.7
2012;30.12.2012;04:40:40;1019.3;1.579;66;-6.6
2012;30.12.2012;05:00:39;1019.3;1.531;72.4;-8.2
2012;30.12.2012;05:20:39;1019.3;1.538;70.5;-7.8
2012;30.12.2012;05:40:39;1019.4;1.579;66.5;-6.7
2012;30.12.2012;06:00:39;1019.4;1.582;65.1;-6.4
2012;30.12.2012;06:20:39;1019.4;1.568;68.1;-7.1
2012;30.12.2012;06:40:39;1019.5;1.582;68.2;-7
2012;30.12.2012;07:00:39;1019.6;1.624;67.9;-6.6
2012;30.12.2012;07:20:39;1019.6;1.548;68.3;-7.3
2012;30.12.2012;07:40:39;1019.7;1.524;68.8;-7.6
2012;30.12.2012;08:00:39;1019.8;1.488;67.2;-7.6
2012;30.12.2012;08:20:39;1019.9;1.53;67;-7.2
2012;30.12.2012;08:40:39;1020;1.504;67.4;-7.5
2012;30.12.2012;09:00:39;1020.1;1.545;69.8;-7.6
2012;30.12.2012;09:20:39;1020.3;1.553;69.1;-7.4
2012;30.12.2012;09:40:39;1020.3;1.564;72.9;-8
2012;30.12.2012;10:00:39;1020.4;1.632;70.4;-7
2012;30.12.2012;10:20:39;1020.4;1.696;70.4;-6.5
2012;30.12.2012;10:40:39;1020.3;1.773;71.9;-6.2
2012;30.12.2012;11:00:39;1020.2;1.877;75.5;-6.1
2012;30.12.2012;11:40:39;1019.8;1.859;74.2;-6
2012;30.12.2012;12:00:39;1019.6;1.915;74.7;-5.7
2012;30.12.2012;12:40:39;1018.9;1.979;74.8;-5.3
2012;30.12.2012;13:00:39;1018.7;1.991;74.1;-5.1
2012;30.12.2012;13:20:39;1018.3;2.033;74.5;-4.9
2012;30.12.2012;13:40:39;1018;2.074;75.4;-4.8
2012;30.12.2012;14:00:39;1017.8;2.085;75.8;-4.8
2012;30.12.2012;14:20:39;1017.7;2.115;76.3;-4.7
2012;30.12.2012;14:40:39;1017.3;2.16;76.7;-4.5
2012;30.12.2012;15:00:39;1017.2;2.138;76.5;-4.6
2012;30.12.2012;15:20:39;1017;2.111;72.2;-4
2012;30.12.2012;15:40:39;1016.9;2.032;71.6;-4.4
2012;30.12.2012;16:00:39;1016.7;2.008;71.3;-4.5
2012;30.12.2012;16:20:39;1016.5;1.994;70.8;-4.5
2012;30.12.2012;16:40:39;1016.5;1.973;72.2;-4.9
2012;30.12.2012;17:00:39;1016.4;1.958;73.3;-5.2
2012;30.12.2012;17:20:39;1016.2;1.945;72.8;-5.2
2012;30.12.2012;17:40:39;1015.8;1.932;78;-6.2
2012;30.12.2012;18:20:39;1015.1;1.919;74.5;-5.7
2012;30.12.2012;18:40:39;1014.6;1.913;74.8;-5.8
2012;30.12.2012;19:00:39;1014.2;1.947;76.7;-5.9
2012;30.12.2012;19:20:39;1013.7;1.944;77.1;-6
2012;30.12.2012;19:40:39;1013.3;2;78.7;-5.9
2012;30.12.2012;20:20:39;1013.1;2.021;79.5;-5.9
2012;30.12.2012;20:40:39;1013.1;2.021;78.9;-5.8
2012;30.12.2012;21:00:39;1013.2;2.07;79.6;-5.6
2012;30.12.2012;21:20:39;1013.1;2.102;80.2;-5.5
2012;30.12.2012;21:40:39;1012.8;2.055;80.8;-5.9
2012;30.12.2012;22:00:39;1012.4;2.09;82.8;-6
2012;30.12.2012;22:20:39;1011.8;2.253;88.5;-5.9
2012;30.12.2012;22:40:39;1011.5;2.287;89.1;-5.8
2012;30.12.2012;23:00:39;1011.3;2.294;88.7;-5.7
2012;30.12.2012;23:20:39;1011.1;2.267;88.3;-5.8
2012;30.12.2012;23:40:39;1010.9;2.293;88.6;-5.7
2012;31.12.2012;00:00:39;1010.4;2.259;89.3;-6
2012;31.12.2012;00:20:39;1010;2.329;89.9;-5.7
2012;31.12.2012;00:40:39;1009.5;2.397;91.8;-5.6
2012;31.12.2012;01:00:39;1009.2;2.416;91.1;-5.4
2012;31.12.2012;01:20:39;1008.9;2.519;91.4;-4.9
2012;31.12.2012;01:40:39;1008.8;2.507;89.6;-4.7
2012;31.12.2012;02:00:39;1008.9;2.51;89.7;-4.7
2012;31.12.2012;02:20:39;1009.1;2.667;91.8;-4.2
2012;31.12.2012;02:40:39;1009.2;2.773;91.9;-3.7
2012;31.12.2012;03:00:39;1009.2;2.929;92.1;-3
2012;31.12.2012;03:20:39;1009.1;3.043;91.5;-2.4
2012;31.12.2012;04:00:39;1008.7;3.339;93.2;-1.4
2012;31.12.2012;04:20:39;1008.7;3.585;95;-0.7
2012;31.12.2012;04:40:40;1008.6;3.684;95.5;-0.4
2012;31.12.2012;05:00:39;1008.6;3.762;94.7;0
2012;31.12.2012;05:20:39;1008.6;3.577;94.1;-0.6
2012;31.12.2012;05:40:39;1008.7;3.825;95.6;0.1
2012;31.12.2012;06:00:39;1008.7;3.881;94.9;0.4
2012;31.12.2012;06:20:39;1008.9;4.09;94.4;1.2
2012;31.12.2012;06:40:39;1009;4.108;92.8;1.5
2012;31.12.2012;07:00:39;1009.1;4.07;92.6;1.4
2012;31.12.2012;07:20:39;1009.2;4.158;92.6;1.7
2012;31.12.2012;07:40:39;1009.3;4.307;93.2;2.1
2012;31.12.2012;08:00:39;1009.4;4.163;93.4;1.6
2012;31.12.2012;08:20:39;1009.4;4.202;93.6;1.7
2012;31.12.2012;08:40:39;1009.5;4.118;95.1;1.2
2012;31.12.2012;09:00:39;1009.6;4.439;94.7;2.3
2012;31.12.2012;09:20:39;1009.6;4.622;93.8;3
2012;31.12.2012;09:40:39;1009.6;4.359;93;2.3
2012;31.12.2012;10:00:39;1009.5;4.558;92.5;3
2012;31.12.2012;10:20:39;1009.4;4.67;90.8;3.6
2012;31.12.2012;10:40:39;1009.2;4.672;90.2;3.7
2012;31.12.2012;11:00:39;1009.1;4.814;87.2;4.6
2012;31.12.2012;11:20:39;1008.9;4.826;84.4;5.1
2012;31.12.2012;11:40:39;1008.6;4.769;83.4;5.1
2012;31.12.2012;12:00:39;1008.3;4.716;83.6;4.9
2012;31.12.2012;12:20:39;1008;4.706;83.4;4.9
2012;31.12.2012;12:40:39;1007.6;4.646;79.5;5.4
2012;31.12.2012;13:00:39;1007.5;4.833;82.1;5.5
2012;31.12.2012;13:20:39;1007.2;4.817;81.8;5.5
2012;31.12.2012;13:40:39;1007;4.704;77.7;5.9
2012;31.12.2012;14:00:39;1006.7;4.971;83.2;5.7
2012;31.12.2012;14:20:39;1006.4;4.926;83;5.6
2012;31.12.2012;14:40:39;1006.3;4.842;83.3;5.3
2012;31.12.2012;15:00:39;1006.1;4.778;78.3;6
2012;31.12.2012;15:20:39;1006.1;4.685;74.7;6.4
2012;31.12.2012;15:40:39;1006.4;4.625;70.3;7.1
2012;31.12.2012;16:00:39;1006.6;4.786;77.4;6.2
2012;31.12.2012;16:20:39;1006.9;4.836;82.1;5.5
2012;31.12.2012;16:40:41;1006.7;4.876;85.1;5.1
2012;31.12.2012;17:00:39;1006.5;4.821;85.9;4.8
2012;31.12.2012;17:20:39;1006.5;4.852;88.9;4.4
2012;31.12.2012;17:40:39;1006.6;4.801;88.6;4.3
2012;31.12.2012;18:00:39;1006.6;4.98;88.1;4.9
2012;31.12.2012;18:20:39;1006.5;4.85;91.4;4
2012;31.12.2012;18:40:39;1006.2;4.908;93.1;3.9
2012;31.12.2012;19:00:39;1006.1;5.049;93.1;4.3
2012;31.12.2012;19:20:39;1006.1;4.947;90.6;4.4
2012;31.12.2012;19:40:39;1006.4;4.931;91.6;4.2
2012;31.12.2012;20:00:39;1006.6;4.959;91.5;4.3
2012;31.12.2012;20:20:39;1006.9;4.755;94.2;3.3
2012;31.12.2012;20:40:39;1007.1;4.799;88.6;4.3
2012;31.12.2012;21:00:39;1007.2;4.711;85.8;4.5
2012;31.12.2012;21:20:39;1007.3;4.661;84.9;4.5
2012;31.12.2012;21:40:39;1007.2;4.692;88.5;4
2012;31.12.2012;22:00:39;1007.2;4.65;87.1;4.1
2012;31.12.2012;22:20:39;1007;4.543;84.5;4.2
2012;31.12.2012;22:40:39;1006.9;4.538;84.4;4.2
2012;31.12.2012;23:00:39;1006.7;4.613;83.4;4.6
2012;31.12.2012;23:20:39;1006.7;4.62;84.7;4.4
2012;31.12.2012;23:40:39;1006.5;4.648;84.6;4.5
